NOISeq_U2AF84_1	NOISeq_U2AF84_2	NOISeq_U2AF84_3	NOISeq_pEhEx_1	NOISeq_pEhEx_2	NOISeq_pEhEx_3	DESeq2_U2AF84_1	DESeq2_U2AF84_2	DESeq2_U2AF84_3	DESeq2_pEhEx_1	DESeq2_pEhEx_2	DESeq2_pEhEx_3
EHI_004430A	2.36630081488964	2.35640523359027	12.4524775361591	73.9774505337177	88.5335704055813	10.8783807782395	0	0	16.5032027720583	46.9184453177603	57.5068024226115	12.6103403911926
EHI_005020A	432.055577652726	556.264669641049	542.228510700149	875.877102572594	1397.23773651543	973.156796919049	483.02270397264	633.405406620335	412.580069301457	932.429862644096	1516.85975570462	670.640829895244
EHI_007510A	12357.8694622448	13385.8506686074	14173.9121911331	8751.0228417362	5722.33365714536	5528.2089461184	32849.5859011351	36206.5708166653	3199.2637373833	22101.5572665206	14725.5123580523	1127.47907043072
EHI_007620A	3375.96551637535	3691.28357412359	3977.05221261694	2393.53857979854	1578.27744931783	1514.65145445589	7820.31946871184	8701.04453179273	1089.21138295585	5267.33786738248	3538.08245068953	374.297830702218
EHI_015310A	2995.82235442658	4714.94353458632	4538.72944360059	7364.51830112379	10385.0983018132	7083.72786973338	3239.68784296294	5189.37043920647	3651.9230134169	7569.90511417939	10878.213002533	5154.19003625473
EHI_017750A	409.950307341862	464.731892026142	537.14999454403	1016.85375064564	1466.18928075451	1058.75444639676	238.47982873963	275.303657125832	1027.91377265963	564.209152555345	829.606330031117	1834.23132962802
EHI_022970A	376.500258374382	374.407317157646	351.4135710386	646.405727289647	785.602872028137	796.836633424	251.616429475287	254.604134033664	551.678492665948	411.575729179846	510.019346075948	1133.78424062632
EHI_025230A	244.784341568388	494.4884800952	266.997183677281	599.102000163174	910.056287345237	934.574503840011	276.879123197706	571.306837343831	198.038433264699	646.761860139758	1002.12673729895	630.517019559632
EHI_030170A	55.150131229698	52.4593293750293	54.9421511685052	95.6992371403089	157.700622649651	118.785182291238	53.556910691527	51.7488077304195	47.1520079201665	89.6795600377443	151.780249017057	94.004355643436
EHI_033850A	7.6670379774912	9.38683318940186	3.48511729687229	18.4361737492782	19.284849842816	49.3528035171939	11.1155852378641	14.4896661645175	0	29.1013141844336	31.1102373761669	16.0495241342452
EHI_035440A	4662.03072463234	5056.66197397536	1394.3133045506	4406.5026701328	5188.80227305322	14907.7628829288	9427.02678945766	10404.6152822781	462.089677617632	8466.10681018573	10158.9066050174	4478.39043074491
EHI_035670A	66.9818054296829	113.301628063354	275.524559217799	403.756008738309	649.243146216344	178.943771241104	28.2942169691086	49.6788554212027	780.365731078756	168.668841395493	277.163932987669	456.838240535478
EHI_036560A	17.4876872125226	35.105836736295	4.42028865000912	63.5212985164945	55.1794501238017	353.766295614401	36.3782789602825	77.6232115956292	0	133.62848349995	117.841808243056	89.4187773193659
EHI_037810A	17.60602049687	29.1321138242836	14.4315876974891	45.2421896010734	65.1737405806231	82.2643332144845	21.2206627268315	37.259141565902	7.07280118802498	55.2331065133127	82.0178985371673	42.9897967881567
EHI_039020A	62.7445890211492	490.727149453329	852.642552682725	456.276154028709	3866.97720437674	313.058308611461	20.2101549779347	169.736089355776	3486.89098569631	147.288284035501	1281.17613921851	1154.41934308463
EHI_048140A	85.4350950757984	212.567940929789	232.565718617335	380.338845321698	986.992786841371	313.614974452322	182.901902550309	467.809221882992	68.3704114842415	783.953769866374	2077.78676294157	83.6868044142784
EHI_048860A	1.59871457346228	6.72234804041605	3.05765558667641	16.9563807889292	16.9528994039749	14.0743658557396	0	8.27980923686712	0	23.1622704733247	23.5683616486113	4.58557832407005
EHI_049000A	865.539839642393	2417.0228087046	1781.34829884341	3792.08740250123	5151.85202919477	3496.18597858485	960.992869200796	2734.40700047537	1376.83863126886	4007.07279188517	5547.9923320831	2444.68644401984
EHI_049690A	863.482496864332	1415.96366987147	748.451384085952	2150.40929557907	2151.44108045674	3020.62256056564	1142.88426400221	1908.49602909787	450.30167563759	2707.61002789454	2760.32651628535	1647.36901292216
EHI_050000A	2.55740463162316	17.6946648008559	14.3571708904879	58.3913894604792	120.187178803449	34.4296693250489	0	9.31478539147551	23.5760039600833	32.070836039988	68.819616013945	54.4537425983318
EHI_052110A	17.60602049687	29.1321138242836	14.4315876974891	45.2421896010734	65.1737405806231	82.2643332144845	21.2206627268315	37.259141565902	7.07280118802498	55.2331065133127	82.0178985371673	42.9897967881567
EHI_054230A	46.085393794897	45.2292150932874	35.4929582334772	78.8578743788918	106.498548170863	118.844479854916	39.4098022069727	39.3290938751188	35.3640059401249	65.3294808221978	90.5025087306673	111.200274358699
EHI_056250A	12.9410713324912	20.2492282220411	13.4320359231787	36.8451121423963	44.1231640137385	46.7969387601945	14.1471084845543	23.804451555993	7.07280118802498	42.1672103488731	51.8503956269448	25.793878072894
EHI_066770A	190.527018894228	388.532641909661	238.308154316352	583.824959567587	690.408809946606	674.738872588517	290.015723933363	604.4260742913	115.522419404408	849.283250688572	1023.80963001567	298.062591064553
EHI_077770A	11.4127812056226	7.21994479346931	7.57647352567457	23.2197309070609	37.1117240553262	29.5040508343394	36.3782789602825	21.7344992467762	0	74.831950759972	124.440949504668	2.86598645254378
EHI_080590A	4.96327171700806	4.9770074974238	2.47713971464436	9.18765912499781	14.9095148415907	27.9958098850255	4.04203099558695	4.13990461843356	0	8.90856556666334	16.0264859210557	14.9031295532277
EHI_083270A	377.22451905142	1176.41812785802	885.695954190719	2196.08509186256	2333.71727627284	1585.17569010134	573.968401373346	1826.73291288381	436.15607326154	3186.29695100992	3450.40814535669	706.752259197296
EHI_083410A	377.22451905142	1176.41812785802	885.695954190719	2196.08509186256	2333.71727627284	1585.17569010134	573.968401373346	1826.73291288381	436.15607326154	3186.29695100992	3450.40814535669	706.752259197296
EHI_083560A	84.3859799574889	76.4967087548828	6.14438309936336	63.2572813788724	152.692089094065	1262.24760717331	250.605921726391	230.799682477671	0	177.577406962156	442.142464527948	214.375786650275
EHI_086080A	95.0143324141955	137.796475105631	111.807288347295	198.565042741646	476.441681366592	303.968659515329	110.145344629744	163.526232428126	77.8008130682748	220.932426053251	543.015052384004	193.74068419196
EHI_090020A	3155.05819596177	7389.23667315505	8089.84084670255	11235.8033296096	22181.1492493545	9461.1178484055	2837.50575890204	6764.60414652044	8449.63981929384	9605.80929834752	19325.1138173953	8934.99936445049
EHI_098800A	204.680944846927	235.832885506872	159.26653732782	402.269197165545	519.440388369574	616.735456569851	221.301197008385	259.779014806706	124.952820988441	415.139155406512	546.785990247782	441.935110982251
EHI_103310A	282.210907231564	576.307364569873	334.439705442969	963.277978540519	1477.1169569647	1280.30376138757	591.147033104591	1231.62162398398	103.734417424366	1924.25016239928	3008.26568082874	362.260687601534
EHI_112810A	4.40397310043161	10.6590448824068	2.83849181128706	13.5722328676747	20.9137420149193	46.5840443100066	4.04203099558695	13.4546900099091	0	16.6293223911049	27.3392995123891	20.6351024583152
EHI_112990A	136.443331674223	152.678999651006	22.5320443237996	147.916497713953	156.914562370405	738.117418792181	1120.65309352648	1277.16057478675	0	1155.14400181068	1249.1231673764	29.2330618159466
EHI_114180A	27.9320907851829	50.0547667334283	47.5327961431242	6.02592309322796	6.09617643105777	5.99920857242199	4.04203099558695	8.27980923686712	455.016876429607	0	0	42.9897967881567
EHI_114920A	187.791281187019	741.456068449454	738.107933994145	1429.138268144	2909.13765877365	1040.22113660242	159.660224325684	646.860096630244	820.444937810897	1165.83428049068	2419.99937407941	1046.08505517848
EHI_117850A	1143.60357437981	2653.63649751971	2325.18555599431	4227.08392778031	7230.35176065908	4074.51086712432	1186.33609720477	2803.75040283413	1980.38433264699	4171.58430268289	7272.2536702955	3138.82836282595
EHI_124880A	67.3974946996739	59.6203399660642	58.6673102877803	106.325775302158	161.787981944375	146.188663398065	48.5043719470434	43.4689984935524	77.8008130682748	73.6441420177503	115.013604845223	178.264357348223
EHI_126980A	1.74523410315234	23.3518094607317	2.49715051457534	31.7404712745146	99.075646575667	141.025783194999	0	27.9443561744265	0	36.2281666377642	119.727277174945	80.2476206712258
EHI_134810A	243.033657992646	446.854821765907	440.989645816167	913.851915504265	1112.13624959685	767.474319105724	195.02799553707	366.38155873137	532.817689497882	701.40106228196	870.143912066729	839.734030595327
EHI_134840A	17.307613694914	35.7715730979154	44.5596206422014	80.6129610930152	162.820602112202	67.7429498200275	8.08406199117389	18.629570782951	89.5888150483164	40.9794016066514	85.7888364009451	124.3838120404
EHI_135060A	455.218961234128	1025.37047598233	1327.29567031388	1806.81819686904	3380.97039614378	1343.43464943549	284.96318518888	655.139905867111	2296.30278571211	1079.12424230849	2058.93207362268	2101.3412670051
EHI_140550A	988.979977010188	2089.14141063877	1224.10332703586	2384.39903311915	3257.27492429974	3194.82119795048	1083.2643068173	2330.76630017809	964.258561967405	2484.30198435685	3458.89275555019	2277.8860324818
EHI_146950A	107.018084723442	99.7339214469228	50.6089834160223	153.511014435606	181.749642932086	328.021164943782	134.397530603266	127.302067016832	30.6488051481082	184.110355044376	222.485333962891	187.435513996363
EHI_148400A	5.9520935907933	2.56260051579551	11.6316542006551	42.2631686265808	44.9074505719599	12.8348904299547	2.02101549779347	0	18.8608031680666	22.5683661022138	24.5110961145557	18.9155105867889
EHI_148470A	206.514916756252	303.067617326881	332.967387081898	442.201808575522	1106.97903325255	536.237201894569	163.702255321271	245.289348642188	407.86486850944	334.962065306542	856.945629543506	594.978787548089
EHI_151360A	23.1461262560053	19.3897852528333	21.6863883088457	38.3228288472717	80.9966470182993	53.3487312656666	22.2311704757282	18.629570782951	16.5032027720583	36.2281666377642	80.1324296052784	38.9774157545954
EHI_152080A	3278.65263332903	4230.0316639396	2139.15598492644	4273.24908553971	6352.53481599455	8746.66524584575	3924.81209671492	5153.14627379517	1490.00345027726	4861.10727754263	7364.64164795805	5513.01154011321
EHI_152800A	76.6572678759831	225.367112601974	195.515870877021	390.308893769644	1139.35462898356	430.035483691697	90.9456974007063	276.33863328044	132.025622176466	448.397800188721	1337.74020717518	264.243950924536
EHI_155680A	118.075328785159	134.795903851279	246.53205651783	417.305273271685	734.748061870385	287.264268071677	95.99823614519	111.777424697706	287.627248313016	326.647404110989	587.323572283393	303.221366679132
EHI_160740A	244.784341568388	494.4884800952	266.997183677281	599.102000163174	910.056287345237	934.574503840011	276.879123197706	571.306837343831	198.038433264699	646.761860139758	1002.12673729895	630.517019559632
EHI_160980A	5009.40889430887	6237.9432184826	3338.84840833684	8388.90956131502	10524.2207494215	14395.5484690152	8669.1459777851	10985.2369050135	1381.55383206088	13795.8046365348	17636.6763888888	5389.77412265383
EHI_166490A	351.129743978551	507.774676104312	403.879505807063	552.103802296594	1162.19018163796	843.146653463443	308.204863413505	454.354531873083	431.440872469524	461.463696353161	991.756658173563	816.232941684468
EHI_167060A	343.954350853255	387.937878443685	194.179501817349	531.795189265377	610.190467887419	1077.40677408273	308.204863413505	353.961844876069	200.396033660708	453.742939528719	530.759504326726	1013.41280961948
EHI_168290A	30.1003283216563	38.2821875546033	21.290620348895	66.8495249131021	79.3078376806349	114.00515539133	32.3362479646956	42.434022338944	14.14560237605	70.6746201621958	85.7888364009451	75.088845056647
EHI_170050A	177.282972932711	288.940591537717	98.7116649830303	337.71240288841	440.314069502583	803.487597514671	328.415018391439	546.46740963323	35.3640059401249	596.873892966444	793.782420325228	268.829529248607
EHI_174180A	190.527018894228	388.532641909661	238.308154316352	583.824959567587	690.408809946606	674.738872588517	290.015723933363	604.4260742913	115.522419404408	849.283250688572	1023.80963001567	298.062591064553
EHI_174880A	6.98574196260948	10.0702706350708	8.91969036346694	25.0007420794641	43.5018699359807	32.0665200920504	3.03152324669021	5.17488077304195	11.7880019800416	14.2537049066613	26.3965650464446	44.1361913691742
EHI_175070A	49.6537055480935	49.9604967358709	38.1596799891411	80.5792973608127	118.312198548638	122.628246763775	59.6199571849075	61.063593121895	23.5760039600833	93.2429862644096	140.467435425723	71.6496613135945
EHI_177520A	505.393210835695	865.696778047783	960.105400719062	1357.55435631928	2455.44859916981	1249.04486766579	489.08575046602	853.855327551922	898.245750879172	1251.35650993064	2307.81397263202	1056.97580369815
EHI_180390A	5.62925831056071	11.3816922535761	10.5144862962706	7.5607769674176	134.172665446581	20.33780150573	8.08406199117389	19.6645469375594	2.35760039600833	11.2841830511069	250.767367941224	5.1587756145788
EHI_186720A	2819.26492902067	6165.22713917795	4939.12546685728	9409.96508835341	12078.2893359532	8719.51284544788	3258.88749019198	7254.1478676502	3616.55900747677	10339.8751010406	13524.4686484391	5773.8163072947
EHI_188960A	1661.99110948458	2566.29986004358	2153.93238858273	4946.5989302098	7176.199215703	5694.74534923881	1572.35005728332	2471.52305720484	2091.19155125939	4450.12545273389	6579.34383782633	5001.7195569794
EHI_195110A	756.028045288119	231.627019512747	27.826297638793	2.24087122518661	2.26699646455335	21.0111859996813	564.873831633276	174.910970128818	35.3640059401249	0	0	23.501088910859
EHI_202460A	77.4204903576829	144.732397737194	82.0453518731564	191.500419384656	428.983782583523	321.371960494033	190.985964541483	366.38155873137	18.8608031680666	453.742939528719	1039.83611593673	69.9300694420682
