NOISeq_CmasM_1	NOISeq_CmasM_2	NOISeq_CmasM_3	NOISeq_pEhEx_1	NOISeq_pEhEx_2	NOISeq_pEhEx_3	DESeq2_CmasM_1	DESeq2_CmasM_2	DESeq2_CmasM_3	DESeq2_pEhEx_1	DESeq2_pEhEx_2	DESeq2_pEhEx_3
EHI_000130A	64.2814405310696	148.598046749718	96.0080473919544	255.807634450665	610.594980730218	404.622460486736	45.323777487359	107.827342258261	128.663512990858	180.074280546577	446.157286823496	516.143166225274
EHI_000620A	9.97282785005336	12.3798866709196	10.0357141596158	31.1923991495747	52.0464913179589	45.4733943914368	5.1798602842696	6.88259631435706	12.71674256305	19.0756653121374	33.9467500843965	61.9991791261591
EHI_001060A	10.3704636543644	2.16502731188262	6.04002497061779	24.0310687469045	26.629897132286	16.7287677957061	6.47482535533701	0	5.23630576125587	16.7865854746809	19.3981429053694	17.0497742596937
EHI_001130A	942.54524500342	1323.20970477261	8842.95951646146	633.838994377154	1151.10509472264	95.6296678804412	1796.11655357049	2543.11933815493	3102.13714170401	1172.77190339021	2201.68921975943	30.2245998240025
EHI_001940A	377.216600981651	1142.51289265771	599.371948429105	1454.62214938492	2126.61070705792	1947.27675011221	266.762804639885	817.881862022764	846.785445963092	1004.14302203091	1516.69229841357	2589.24071825622
EHI_002190A	79.7131246233499	311.331338223565	1190.80868406805	81.2584669906879	235.645760042427	16.9717377772392	142.446157817414	568.961295320184	445.085989706749	141.159923309817	427.971527849712	4.64993843446193
EHI_002200A	178.695541890568	174.086956528567	373.095814671357	129.752304140446	98.2427357343012	48.7524796988798	274.532595066289	269.568355645652	174.294177481802	193.045732958831	150.335607516613	20.1497332160017
EHI_004430A	80.7207308366183	132.977831291689	112.521598931202	43.2593794123538	51.0885299377722	39.5243525943164	117.841821467133	197.301094344902	54.6071886530969	60.2791023863543	73.9554198267208	17.0497742596937
EHI_004490A	1101.23384774938	572.984281230963	343.108984590803	809.330497947265	1629.57142317466	2922.72701878845	436.403228949714	228.272777759509	1103.36442826463	311.314857894083	648.625403398289	8858.13271764997
EHI_004530A	93.382025470595	89.0883595727126	240.032607015114	58.8350151608229	52.500944522806	19.7584462903712	137.266297533144	131.91642935851	117.442857788167	83.1699007609192	76.380187689892	7.74989739076988
EHI_005070A	88.3059544303541	132.306373385355	77.1087233498643	183.854969019334	249.570591272531	301.700562708271	64.74825355337	98.6505471724512	98.7417657836821	132.766630572477	186.707125464181	368.895115800646
EHI_005100A	58.2102889144478	75.1890852956932	55.6626568136862	120.412782745076	147.018020014027	159.810873316889	40.1439172030894	52.7665717434041	75.5524116981204	82.4068741484337	104.265018116361	207.697250072633
EHI_005890A	13964.0218392795	13771.7073903171	31715.0979365321	10381.4490841168	10133.7548203577	4091.65459653411	20486.3474242863	20367.896692954	16143.5306619518	14798.9011491562	14917.1718942291	1955.29911169124
EHI_005910A	219.030290981982	274.815861477115	909.721700354456	227.497322261616	173.387619625349	47.9999637106618	397.554276817692	503.576630333792	338.115743441093	401.351998167372	315.219822212253	15.4997947815398
EHI_005960A	36.6466133676325	34.6465306244615	16.9241864294805	55.6039223196292	120.246795652939	185.342869541559	18.1295109949436	17.2064907858927	32.913921927894	27.4689580494779	63.0439644424506	366.570146583415
EHI_006160A	55.4423140563421	69.6316811914196	55.9054066836442	158.063085105973	122.091049317595	152.881543928018	44.0288124162916	56.2078699005827	62.087625454891	125.136364447622	99.4154823900182	162.747845206168
EHI_006170A	96.4163538297301	226.330728636745	153.613191366949	248.50115024942	510.077042057526	340.22414480366	75.1079741219093	180.09460355901	183.270701643955	190.756653121374	406.148617081172	383.619920843109
EHI_006680A	1.71424331807696	1.70495519695185	2.57628738211552	49.656213011395	57.0383235341593	22.0778049192186	0	0	0	61.0421289988398	72.7430358951353	10.8498563470778
EHI_006770A	152.163936779988	151.364436496373	19.5761173737309	3.00311060666631	2.99773664213041	18.3965447750035	68.6331487665722	68.8259631435706	47.8747955314822	0	0	41.8494459101574
EHI_006810A	547.380071832303	439.710053176047	335.654539056002	874.030979886299	1151.68318080536	1509.33090434104	343.165743832861	277.598051345735	562.528847494916	533.355602127363	726.217975019767	2384.64342713989
EHI_006940A	131.343942707603	169.126591254422	113.660124114498	230.318280796598	322.184439882306	362.084011805217	90.6475549747181	118.151236729796	161.577434918752	155.657428947042	225.503411274919	488.243535618503
EHI_006960A	9.17967712604385	9.55795269924005	9.34453550435575	23.7036158233579	31.3765555617089	26.6109056516951	6.47482535533701	6.88259631435706	7.48043680179409	19.0756653121374	26.6724464948829	23.2496921723096
EHI_007510A	30086.4041903087	27750.2155714712	103064.542173682	18065.8580409942	11668.3181635501	3662.70155681331	48667.3773008551	45251.9236675119	45700.9805968808	28395.2723570353	18937.4370113669	1524.40481676444
EHI_007620A	7843.45894895096	6861.2159924414	21268.2740263205	4516.00415836448	2940.99811048372	1139.15956317154	12097.5636939117	10668.0242872534	10084.3768524986	6767.28302613388	4550.07689524071	506.068299617273
EHI_008630A	109.62867649577	238.252178184382	819.445577046619	84.1828384229706	182.022355855942	22.6112811344005	178.705179807301	394.602188689805	350.832486004143	132.766630572477	299.45883110164	7.74989739076988
EHI_009620A	504.477732694018	287.378684600414	228.39619509045	640.153455877702	634.304832248638	1134.12211826995	244.748398431739	139.946125058594	548.316017571507	302.158538544257	309.157902554325	2569.86597477929
EHI_009940A	81.587779817449	64.6412768615282	40.2541244992684	125.525628191477	385.297307241669	429.706335373898	36.2590219898872	28.6774846431544	101.7339405044	54.9379160989558	177.008054011496	1051.66107592747
EHI_010020A	280.611866871033	379.302150360745	260.170311309245	787.733773445378	2506.09939866303	1821.33186463633	169.64042430983	231.714075916688	455.55860122926	465.446233616154	1532.45328952418	3010.8351363141
EHI_010030A	122.554573194109	408.783383700452	251.649449062397	725.750584232713	1219.89228334021	836.449311964525	91.9425200457855	313.158132303246	320.162695116787	537.17073518979	933.535627320902	1004.38670184378
EHI_010350A	134.517960862746	96.602142191042	46.9864056936927	228.779987925887	128.627678826266	457.992595255316	54.3885329848308	39.00137911469	139.13612451337	90.8001668857742	52.1325090581803	1305.85771034473
EHI_011880A	15.0737494659589	22.7410253997243	17.9609688889398	54.5875614689356	67.0058137633893	64.1231106947939	7.76979042640441	12.6180932429879	28.4256598468176	31.2840911119054	40.0086697423244	101.523655819085
EHI_012020A	1416.17291521255	1427.12630187566	5591.5524070151	961.265425531947	1127.60979118446	242.928895133256	2027.91530129155	2060.19049676421	2939.81166310508	1336.82262507459	1619.74493259835	118.573430078779
EHI_012260A	11.9726258756731	20.5379224970664	40.3229613169779	9.33102032466808	6.79329950737664	3.34901942567636	16.8345459238762	30.9716834146068	16.456960963947	12.208425799768	8.48668752109911	0
EHI_012420A	75.1836888823692	64.3182607900559	41.8035987742943	162.936906643369	172.886936657732	294.339373520172	40.1439172030894	34.4129815717853	81.5367611395556	86.2220072108612	94.5659466636758	555.6676429182
EHI_012570A	118.591801610309	123.935152314139	91.7128666209371	220.539414615159	319.150879138161	355.723239094377	81.5827994772463	86.0324539294633	130.159600351217	148.790189434672	223.078643411748	480.493638227733
EHI_013220A	539.503556425261	1210.20145115922	823.667486754078	1655.79635938649	2618.88177456187	2030.07261693559	431.223368665445	977.328676638703	982.181352075565	1289.51497510049	2107.12327309575	2276.91985340819
EHI_013340A	56.9170972602733	67.2453967053621	54.4946387562459	134.972554136619	161.437880706006	166.6285189686	44.0288124162916	52.7665717434041	62.8356691350704	103.771619298028	128.512696748072	184.447557900323
EHI_013550A	45.1237831892325	45.6009727154115	444.608201370394	25.7458498689341	67.3184345187829	4.52356343137101	94.5324501879203	96.3563484009988	129.411556671038	51.1227830365283	143.061303927099	0
EHI_013900A	35258.0884194012	26771.0499303756	49764.717866892	18958.0126173118	16301.2180734765	10091.3697499963	45231.8349673132	34621.7536599875	30627.9004412657	23631.6972152883	20982.7287039518	5833.34776603249
EHI_014250A	197.013409493189	279.12853662455	657.026876995812	64.9312864293606	140.641093978965	31.7463974283028	283.597350563761	406.073182547067	338.115743441093	89.2741136608032	202.468116574793	13.9498153033858
EHI_014400A	645.356849194579	680.698364682078	481.191239280152	1057.75060773272	1255.62952269333	1632.41868019032	406.619032315164	432.456468418769	802.650868832506	648.572620612673	795.323859120145	2563.66605686668
EHI_015250A	74.7673251174634	172.107847979173	224.123431681792	35.7647824706308	79.4822693362812	25.2162726199273	101.007275543257	237.449572845319	122.679163549423	45.7815967491299	107.902169911117	11.6248460861548
EHI_015440A	174.789640781517	304.065797436591	210.890723339978	401.90240670822	623.368358484257	545.191189466535	135.971332462077	239.743771616771	256.578982301537	305.973671606685	491.015492292163	626.191709174206
EHI_016010A	671.807542360501	877.407010690527	4325.89805074114	539.11621236966	447.66051466134	75.6642272771231	1504.74941258032	1982.18773853483	1205.84641244921	1172.77190339021	1005.06627928445	18.5997537378477
EHI_016110A	23.9805632072342	2.87105412883582	11.9943609553217	41.2501803726504	76.6776433776657	35.9292302384414	10.3597205685392	0	25.4334851260999	18.3126386996519	36.3715179475676	77.4989739076988
EHI_017660A	36.2880812077553	159.359234534318	92.7555980005273	304.835278077326	720.5389657221	382.34240479867	25.899301421348	120.445435501249	117.442857788167	223.566797458251	547.997537076686	461.118894750808
EHI_017690A	1458.23990910118	831.353498492949	1985.59527534543	612.032439619925	711.524542583666	335.290178461389	2087.48369456065	1198.71885808385	1043.52093385028	850.011646308844	1020.82727039506	164.297824684321
EHI_017750A	314.552892800224	542.330426596075	340.760377174827	1133.31500936471	1614.31536156808	1675.78957086623	205.899446299717	359.042107732293	534.851231328278	724.875281861223	1066.89785979532	2479.96716504636
EHI_017890A	13.0207496530779	15.7922597496203	13.000715889738	32.3321953926431	48.6080304934826	43.3055390118573	9.06475549747181	11.4709938572618	12.71674256305	24.4168515995359	38.7962858107388	44.1744151273883
EHI_019860A	17.6251509384099	11.9956229818446	8.15454397404631	56.0998116672876	56.8072055998481	108.932907489575	9.06475549747181	5.73549692863088	11.9686988828706	31.2840911119054	32.7343661528109	181.347598944015
EHI_022130A	399.000988516198	643.610206239175	2169.09504703774	526.605694859267	595.544453555195	122.114844937567	514.101133213758	837.382551580109	1317.30492079594	660.018019799955	771.076180488434	68.199097038775
EHI_022970A	489.991413525401	459.505223104868	400.647117841798	809.089490464072	971.404195256913	1069.77522349222	328.92112805112	310.863933531794	609.655599346219	528.77744245245	655.899706987803	1532.92970389428
EHI_023070A	169.379199016947	110.052032167985	85.3931053659001	196.766194777873	361.539965240861	444.561319351476	97.1223803300551	63.0904662149397	157.837216517855	109.875832197912	209.742420164307	782.739636467758
EHI_023400A	3494.19757855703	1689.21050197864	1047.33817049241	833.176684979585	326.851371914573	1087.38897613055	5682.30673184376	2767.95081775726	459.298819630157	1314.69485331251	531.024162034487	447.944069186499
EHI_025360A	343.712420908539	333.952724313533	212.83368714549	629.072551424549	672.959225820207	1054.36270321823	233.093712792132	228.272777759509	317.17052039607	415.849503804596	459.493510070938	1484.88034007151
EHI_025450A	2433.30558590737	1923.68645910244	2576.82948633082	1480.53136094393	967.785737604893	936.27512018639	3080.72190406935	2454.79268545402	1612.78217446681	1820.5814973904	1228.1449226962	549.467725005585
EHI_025480A	43.7378497044052	36.961481360884	218.665264351268	35.0076629887435	14.2104166368065	4.33918099289874	88.0576248325833	74.5614600722015	66.5758875359674	67.9093685112093	26.6724464948829	0
EHI_025600A	109887.502055713	98349.2155780021	244851.433569883	65296.1291707831	78238.8379122835	28875.7718621086	119843.837467004	108129.029396707	189611.119877156	69196.5944064723	85618.5532485742	21005.3218879427
EHI_025850A	9355.04847766188	10993.3816190827	34814.9936285585	7442.77850218642	6167.08847326402	1787.45916135529	14466.0548088939	17137.6648227491	16449.4805271452	11182.9180325875	9568.13398807346	792.039513336682
EHI_026310A	347.276093058244	252.396378845909	565.870787384433	177.558834569357	172.71584876111	87.2600184000764	385.899591178086	282.186448888639	421.896635621187	190.756653121374	191.556661190523	59.6742099089281
EHI_028990A	56.0153541125146	327.250967383114	211.809208488375	410.911759835521	898.163231904675	379.953885756294	46.6187425584264	283.333548274366	225.909191414182	343.361975618474	777.138100146362	382.069941364955
EHI_029560A	50.2772782760747	42.7698355794163	33.5075799813547	69.756934589567	129.297794981941	134.35005492602	32.374126776685	27.5303852574282	48.6228392116616	44.2555435241589	86.0792591425767	189.872486073862
EHI_029600A	126.954247117186	109.993652001792	559.350181005495	75.1698605856585	67.6700288649509	13.9331381785165	247.338328573874	215.654684516521	186.262876364673	141.159923309817	130.937464611243	3.09995895630795
EHI_030150A	17.8574248974354	18.921445829162	39.892721626673	5.2916979088631	9.29565626129994	3.54563807830231	18.1295109949436	19.500689557345	27.6776161666381	3.81513306242749	8.48668752109911	0.774989739076988
EHI_030820A	1087.87033025456	1074.33881608956	864.886698936596	1678.05315557604	2182.52394582876	2442.38129230003	721.295544584542	718.084215464587	1347.22666800312	1081.97173650444	1453.64833397112	3578.12762531845
EHI_031240A	123.34965333554	134.377358449245	72.4192738482502	228.333217298306	413.751190709406	560.153192197071	80.2878344061789	88.3266527009156	110.710464666553	145.73808298473	273.998768538343	819.939143943453
EHI_032670A	2.36759222293605	10.7328187046498	9.50932361229772	31.2681457721173	85.9802581535866	22.9664324085843	0	5.73549692863088	11.9686988828706	19.0756653121374	56.9820447845226	30.2245998240025
EHI_032780A	8.85831960465218	40.2363748249474	22.6836737371149	65.8180991491	152.929799476259	81.0593140314427	5.1798602842696	29.8245840288806	26.1815288062793	48.0706765865864	117.601241363802	92.9987686892386
EHI_033240A	5.04884215352632	8.60196850935729	6.07433068075782	12.8999714893055	27.070648899874	19.7771625776005	2.5899301421348	5.73549692863088	4.48826208107646	9.15631934982597	21.8229107685406	17.8247639987707
EHI_033740A	223.287561321077	203.289181391722	147.038417901088	353.703485047385	380.240559396199	542.598350728432	147.626018101684	135.357727515689	225.161147734002	228.144957133164	253.388241701388	786.614585163143
EHI_035160A	29.9935402168517	23.9026316204925	127.599060463933	16.0662706914539	14.1098447742694	3.57465491760377	49.2086727005612	39.00137911469	50.1189265720204	24.4168515995359	21.8229107685406	0
EHI_035510A	98.5820229878979	117.796828322542	62.4606450487173	190.890158455136	207.840974547173	349.680022762566	67.3381836955049	81.4440563865585	88.2691542611703	128.188470897564	144.273687858685	474.293720315117
EHI_035670A	133.129295101781	92.7075635200212	86.3024832037722	302.760517044261	480.926363357836	494.336807112547	97.1223803300551	67.6788637578444	112.954595707091	216.699557945881	356.440875886163	617.66682204436
EHI_036630A	3.89946809455958	3.8783399783792	17.4770126064918	191.019136641917	291.820624776314	47.4955907248555	0	0	71.8121932972233	57.9900225488978	92.1411788005047	191.422465552016
EHI_039020A	63.3873796690701	285.823726773269	174.027054187355	353.837477713571	2963.69959985322	825.889389896103	33.6690918477524	158.299715230212	347.840311283425	189.230599896403	1647.62976302481	1560.82933450105
EHI_039330A	908.83667677579	1080.58676800279	5305.97833454697	715.286669341744	931.487860250178	137.497458228126	1498.27458722498	1796.35763804719	2283.77735558774	1145.30294534073	1540.93997704528	54.2492817353892
EHI_040280A	94.906545392184	79.3407012104934	65.466649254963	183.94916370854	186.295571793939	259.807048020898	47.9137076294938	40.1484785004162	141.380255553908	91.5631934982597	95.7783305952614	535.517909702199
EHI_040310A	571.340172817928	1078.25177388377	465.053120182195	1507.13626658211	1637.79545378489	2587.38471964551	521.870923640163	994.535167424595	458.550775949978	1340.63775813702	1504.56845909771	2404.79316035589
EHI_044610A	12.1393353460491	13.0541466003163	9.10373604512356	29.8959186242018	73.2011293481098	69.1925363267591	5.1798602842696	5.73549692863088	15.7089172837676	14.4975056372245	38.7962858107388	130.198276164934
EHI_044830A	51654.1826221417	43245.9760485321	65690.1304717236	26489.2215594594	30066.5997616327	19375.4793587008	55221.1955255272	46606.6480420546	52323.4112975092	27516.265699452	32251.8373480398	14496.9580591741
EHI_044930A	531.381097635746	678.97812709868	3060.72811809867	373.954822908486	596.260742922357	85.4472725927793	765.324357000834	986.505471724512	1591.0889077416	522.673229552566	862.004975357353	40.2994664320034
EHI_044980A	28.227181350934	30.8495538919263	177.892052679724	20.5344548763897	23.9342067536357	4.01699592998474	51.798602842696	57.3549692863088	59.8434944143528	35.8622507868184	43.6458215370812	0
EHI_045540A	146.120027162081	286.883186097853	1136.57142144668	101.105938983849	155.862036523585	20.137520446236	332.806023264322	661.876345564004	305.201821513199	222.803770845765	356.440875886163	3.87494869538494
EHI_046600A	30.1965808459537	76.1196848394852	43.8426355675051	121.287024988689	204.40137325474	169.964899818971	23.3093712792132	61.9433668292135	47.8747955314822	96.1413531731727	168.521366490397	179.797619465861
EHI_048140A	107.364573784484	275.087047655017	313.828614479122	506.032263846275	1297.79485227679	385.072125821421	217.554131939323	566.667096548731	97.9937221035026	1007.19512848086	2672.09418521464	113.14850190524
EHI_048580A	83.5564188470694	123.048439197293	381.87330937454	65.6095805919207	79.0235410905636	18.4542588146822	103.597205685392	154.858417073034	237.877890297052	78.5917410860063	98.2030984584326	9.29987686892386
EHI_049000A	339.741452812705	5050.65128564552	3304.4963453199	6548.01335185424	8787.45743147485	2981.82434007563	273.237629995222	4119.2338941427	3899.55170477526	5148.14055443965	7134.87943738118	3305.33123716335
EHI_049660A	58.7865146215578	92.2693592755444	65.0258437848293	148.987768975234	234.6179222081	213.205125417781	41.4388822741568	66.5317643721182	86.0250232206321	104.534645910513	170.946134353568	269.696429198792
EHI_049670A	843.45612385537	2300.42602064868	8920.81601275123	504.432766812278	1304.2366332564	111.652744320357	1652.375430682	4548.24906440429	3008.63168168158	959.12445189427	2565.4043992351	34.0995485193875
EHI_050000A	21.3933119364049	15.3773604167644	14.3894561721702	47.357056504166	96.3540739332691	83.4553535690823	18.1295109949436	12.6180932429879	11.9686988828706	41.2034370742169	88.5040270057479	73.6240252123139
EHI_050520A	458.209219879356	1103.22054087948	756.342253478037	1299.97748677329	1964.42856997118	1512.11641376776	334.100988335389	813.293464479859	1025.56788552597	924.025227719938	1442.73687858685	1928.17447082355
EHI_050650A	100.08051257203	158.431078598338	447.529787094653	113.853406133474	78.957070254578	24.3669912097295	172.230354451964	276.450951960009	176.538308522341	190.756653121374	135.787000337586	7.74989739076988
EHI_053000A	260.874785950105	629.732928088956	922.710940189548	367.617161160006	305.321446898546	133.207425068763	410.503927528366	1002.56486312468	420.400548260828	563.113640014297	482.528804771064	55.7992612135431
EHI_054940A	31.491678548426	64.335136771271	75.1192349784443	20.7282169949602	22.5101091737907	12.0619156239318	46.6187425584264	98.6505471724512	33.6619656080734	28.9950112744489	32.7343661528109	3.87494869538494
EHI_055430A	49.0300211777259	48.824059487326	40.4234335105513	96.9277548518554	162.587572152337	150.620143549726	38.848952132022	39.00137911469	44.1345771305852	76.3026612485498	133.362232474415	159.64788624986
EHI_055670A	15389.6679409275	12224.5080123244	29672.641548868	10251.5516397263	11611.2964143874	4641.59422974065	21224.4775147947	16995.424498919	16483.8905364335	13737.5311311889	16067.7242453038	2421.06794487651
EHI_056110A	151.673013538642	139.705205518016	345.318176325479	111.454270708725	72.8691548181411	35.1731832304727	218.849097010391	203.036591273533	175.790264842161	155.657428947042	104.265018116361	15.4997947815398
EHI_057550A	985.454040565245	618.255354279253	358.393376273449	264.664314449878	186.864787106355	464.848199647457	1002.30296500617	633.198860920849	303.70573415284	260.192074857555	189.131893327352	370.4450952788
EHI_058090A	1673.07810445916	2329.25969869365	1187.19186035195	3688.31811028374	5999.15187987762	7955.01116302115	1142.15919268145	1603.6449412452	1777.35178410628	2448.55239946596	4113.6186798699	11200.9266988797
EHI_058320A	27.3658585006307	49.6561344594419	46.0726338843793	90.9513923912111	183.501002263963	104.655215713132	16.8345459238762	32.1187828003329	68.0719748963263	57.9900225488978	122.450777090144	148.023040163705
EHI_059870A	970.088472697046	611.648968903761	1231.52480143692	510.945742385112	335.978089884366	243.027186697435	1179.7131797424	749.055898879193	813.871524035197	602.791023863543	408.573384944343	149.573019641859
EHI_060020A	217.062322895673	344.210416673659	7364.93374828832	329.282009985311	262.809376596368	9.58108271206177	879.281283254765	1408.63804567174	883.439586291883	1298.67129445032	1069.32262765849	0
EHI_062500A	43.5670548639548	67.8402078372388	55.3017753719215	189.001174305183	252.943776870771	219.27780977206	27.1942664924154	43.5897766575947	84.5289358602733	119.795178160223	166.096598627226	321.62074171695
EHI_062790A	152.704679616026	111.117017076266	81.2228720423776	279.946186630491	336.746858545901	519.832373149046	80.2878344061789	58.502068672035	169.057871720547	144.212029759759	179.432821874667	1031.51134271147
EHI_063550A	65.5256499718894	83.547097191966	38.7010099434742	97.9791837538893	176.610039400706	263.919824542288	36.2590219898872	47.0310748147732	71.0641496170439	53.4118628739848	100.627866321604	470.418771619732
EHI_067970A	28.1358565353823	35.9802656190163	85.0488882840947	18.9250552709582	14.5774815167866	6.07069426259133	49.2086727005612	64.2375656006659	29.9217472071764	31.2840911119054	24.2476786317118	0.774989739076988
EHI_068170A	353.281500610405	464.199106575039	332.600191886859	620.686968200572	1165.0102168635	1033.70126253075	273.237629995222	362.483405889472	412.920111459034	467.73531345361	908.075564757605	1209.75898269918
EHI_068610A	230.898366213777	131.704666292829	225.6755128468	62.3792526278513	68.799670594722	47.4983204008693	284.892315634828	162.888112773117	143.624386594447	73.2505547986078	83.6544912794055	27.1246408676946
EHI_069560A	723.725745919273	461.63830381314	332.903790655149	764.782316382619	1071.21629195903	1636.75532422799	418.273717954771	268.421256259925	626.860603990345	429.583982829335	621.952956903407	2905.43653179963
EHI_069950A	20.70326366076	52.3298627831943	25.1121807517874	83.5985898149527	127.311462689592	139.083400644932	11.6546856396066	32.1187828003329	38.8982713693293	50.3597564240428	80.0173394846488	213.122178246172
EHI_070450A	71.7845588075251	39.0819027169617	50.9239161042021	23.172988909473	17.3744694875122	19.0979057701968	102.302240614325	55.0607705148565	24.6854414459205	30.5210644994199	23.0352947001262	7.74989739076988
EHI_073540A	35.5214186862373	29.9763319887866	98.0071647896955	11.3797661173257	6.85514513740844	3.31439152817558	54.3885329848308	45.8839754290471	42.6384897702263	15.26053224971	8.48668752109911	0
EHI_074380A	1.89158490878865	13.8446601442501	6.69132194326285	38.6613839318622	83.8757600301812	32.4143693400831	0	12.6180932429879	3.74021840089705	37.3883040117894	86.0792591425767	23.2496921723096
EHI_075040A	320.297373844654	534.426759614392	100.754017853286	4.57577748643596	5.45657967769855	18.6623838260896	151.510913314886	255.803163016937	247.602458139385	0.763026612485498	1.21238393158559	40.2994664320034
EHI_075530A	14.0162543889076	36.2828369021917	36.417883257417	96.2883938822553	124.938077754487	66.6897068927069	9.06475549747181	26.3832858717021	44.1345771305852	70.1984483486658	94.5659466636758	77.4989739076988
EHI_075690A	92.3366642837623	71.0825831204026	44.2378472414067	135.721020816306	176.568825704779	299.275141029041	49.2086727005612	37.8542797289638	87.5211105809909	70.9614749611513	95.7783305952614	571.942427438817
EHI_076020A	186.390874016566	638.154476035905	284.486784679808	713.242732592177	967.367812946914	988.964000695153	160.575668812358	558.637400848648	300.713559432123	602.027997251058	843.819216383569	986.561937845006
EHI_077520A	12.4982982912243	12.3667589889714	22.8570993996224	5.94082599278206	4.40003531601215	3.09026279021392	10.3597205685392	10.3238944715356	18.7010920044852	3.81513306242749	2.42476786317118	0.774989739076988
EHI_079890A	45.9330897025322	63.2356399788814	42.8741019474947	112.754756069083	166.656635393368	176.63541749964	28.4892315634828	40.1484785004162	65.827843855788	70.1984483486658	107.902169911117	261.946531808022
EHI_080100A	8.2278789447684	28.8047943785019	32.4618981825592	3.37388824876418	9.52718263068506	2.88548787503346	9.06475549747181	37.8542797289638	16.456960963947	2.28907983745649	10.9114553842703	0
EHI_083400A	580.304309071987	495.105816698737	843.260960937769	298.959564486644	254.766086527685	163.308451677059	745.899880934823	641.228556620933	513.906008283254	372.356986892923	327.343661528109	92.2237789501616
EHI_083430A	145.568748393905	175.286204077411	540.284354825563	108.233564717314	117.761656864849	30.5359588993683	239.568538147469	291.363243974449	228.901366134899	172.444014421722	193.981429053694	10.8498563470778
EHI_083620A	242.320023491138	489.798003325644	1374.12318024985	247.324728087545	468.814801779826	76.1546250792239	437.698194020782	894.737520866418	515.402095643613	434.162142504248	852.305903904668	25.5746613895406
EHI_083630A	8.59337404376405	5.44137228428568	5.36126340944667	21.6439283659577	18.6408297648861	28.0677492809314	2.5899301421348	1.14709938572618	10.4726115225117	8.39329273734047	7.27430358951353	65.099138082467
EHI_084660A	73.2402623104488	91.94018482504	269.670312127588	50.6613535258795	55.8555483990527	15.2925873977692	110.072031040729	139.946125058594	127.1674256305	73.2505547986078	83.6544912794055	5.42492817353892
EHI_086230A	1729.26724634293	4176.77943500741	7419.9792094	2223.30594095795	3511.99896047021	958.626970057546	1951.51236209857	4754.726953835	5465.20712739077	2438.63305350365	3979.0440634639	661.841237171748
EHI_086790.mRNA	19.6533397255013	15.3787597264702	46.4544017796161	7.28628305298875	9.63179722007132	3.40444683661825	29.7841966345502	22.9419877145235	18.7010920044852	9.15631934982597	13.3362232474415	0
EHI_087110A	12035.3048128099	14159.7252735649	32920.5330582414	9826.24242713923	7773.54250635286	3158.70413433282	17787.6402161818	21097.4519022758	16582.6323022171	14111.4141713068	11527.3464215158	1493.40522720136
EHI_087210A	422.526057371279	452.227506157005	533.091539196141	239.825269799073	120.202486804388	122.225412740382	818.417924914597	883.266527009156	181.026570603417	450.185701366444	231.565330932847	37.9744972147724
EHI_087350A	124.128405958278	141.079977547318	551.764035681974	70.365331948339	114.610174179713	19.6960645677912	227.913852507863	261.538659945568	199.727662607902	124.373337835136	210.954804095892	5.42492817353892
EHI_087570A	1243.98108281642	4650.85800808621	2625.23043153117	5766.68576899038	10632.6695410086	7251.70320282694	884.461143539035	3338.05921246317	3711.04469737005	3989.86615668667	7598.01009924688	9633.89744646604
EHI_087730A	12.3485669048843	13.5995245012853	24.5432119452767	5.21639119815275	4.40098288455814	2.79869280114317	14.2446157817414	16.0593914001665	12.71674256305	4.57815967491299	3.63715179475676	0
EHI_087790A	53.315087177488	63.5798208440243	279.685313489355	28.0134323178957	33.5097989141898	6.36598582217064	99.7123104721899	120.445435501249	95.7495910629644	49.5967298115573	61.831580510865	0.774989739076988
EHI_088070A	149.138666577263	162.011741374693	591.105524485857	107.761650944281	93.343268475821	24.1670630380911	256.403084071345	281.039349502913	235.633759256514	179.311253934092	160.034678969298	7.74989739076988
EHI_089770A	1.98868103419747	1.97790595336148	1.97570710553568	44.4807640326919	46.855924532194	42.8259574137289	0	0	0	38.9143572367604	42.4334376054956	36.4245177366184
EHI_090020A	1743.24365491625	11920.2489615632	7630.83226179896	14647.6582251239	28563.2652971421	12009.6082059113	1509.92927286459	10419.1037205509	8170.13307491951	12341.1924303404	24852.658213573	12080.5400527321
EHI_091130A	62.8698652922486	105.913103467191	68.1488513552427	1.85602424522747	28.6399115964181	6.55727612026435	66.0432186244375	113.562839186891	51.6150139323793	0	29.0972143580541	3.09995895630795
EHI_092080A	2749.96767737209	3142.22030802876	15002.6185456643	1733.66332034282	3402.00118494947	426.604768744889	4611.37061807102	5312.21725529792	6316.48083543493	2823.96149280883	5724.87692494715	167.397783640629
EHI_092110A	647.824827019983	371.530277007306	130.579841129623	503.851359509556	877.20440517687	2744.43771861141	262.877909426682	151.417118915855	402.447499936522	198.386919246229	357.653259817748	8020.36880970775
EHI_092500A	73.2279781915933	216.42041143501	695.325126632289	96.8997632455966	153.401350499496	20.9824586141419	99.7123104721899	301.687138445984	379.258145850961	128.951497510049	212.167188027478	9.29987686892386
EHI_092720A	15.4242272902571	7.25504006879747	9.75507693081486	19.3337242404526	56.3907034079227	35.9347838589672	9.06475549747181	3.44129815717853	11.9686988828706	11.4453991872825	37.5839018791532	47.2743740836963
EHI_093740A	1075.58201863889	1807.3467860822	4975.69198806868	1340.62814481183	1641.76559464351	376.950340933336	1661.44018617948	2816.12899195776	2348.85715576335	2012.86420373674	2546.00625632973	165.847804162475
EHI_093910A	31.7453119213123	40.0140639769532	17.9881304213313	46.0920725013477	144.809692647211	171.582789929091	16.8345459238762	21.7948883287974	31.4178345675352	24.4168515995359	82.44210734782	303.795977718179
EHI_095830A	67.3622379230452	172.7338391089	128.636436182483	363.838008281576	442.741210924105	331.919816484639	54.3885329848308	143.387423215772	143.624386594447	293.002219194431	368.564715202019	351.070351801876
EHI_096200A	2.60618731986346	20.3253023681572	6.97317898612112	28.4326694993575	65.35982168278	41.4478756959886	0	10.3238944715356	10.4726115225117	14.4975056372245	36.3715179475676	71.2990559950829
EHI_096350A	144.888439915134	431.126283902625	1573.16493729479	187.784498984675	461.513778630122	42.9112573634334	226.618887436795	684.818333278527	718.869976652412	286.134979682062	729.855126814524	17.0497742596937
EHI_098300A	45.1563755690388	56.8783066486802	198.285417484417	27.5115512962998	27.1739842481625	6.99817211637848	69.9281138376397	89.4737520866418	87.5211105809909	40.4404104617314	41.22105367391	1.54997947815398
EHI_098440A	790.278893058437	1172.67704173076	4121.90242364574	391.731499897643	448.092900760897	90.0506986903375	1152.51891324999	1725.23747613217	2108.73513442576	553.957320664471	654.687323056217	41.8494459101574
EHI_098470A	1.12852415243868	55.6150602563379	21.2464647901405	49.7314244986349	1194.54700696892	22.6578839128882	0	431.309369033042	0	370.830933667952	9402.03738944623	0
EHI_099720A	79.3922138712987	126.666070583536	50.9775652355879	134.816738473287	279.794111324956	395.915871936136	47.9137076294938	78.00275822938	84.5289358602733	80.1177943109772	173.370902216739	633.166616825899
EHI_099860A	15.2077466029441	47.1115246410097	37.3701620746137	152.582863783627	322.239847840155	161.198445819265	7.76979042640441	27.5303852574282	62.8356691350704	89.2741136608032	196.406196916865	262.721521547099
EHI_100810A	163.989765665523	81.8957156449947	226.339136838896	71.3605184733173	19.8579363639738	17.7657231832061	257.698049142413	128.475131201332	101.7339405044	107.586752360455	29.0972143580541	6.19991791261591
EHI_103430A	151.362934254955	250.257071000602	1223.61935521576	138.290884528993	229.595545023117	26.2073702257415	246.043363502806	411.808679475697	529.614925567022	218.225611170852	375.839018791532	9.29987686892386
EHI_103510A	634.519809924353	2230.44876690979	1313.19735220266	2661.64978057831	5800.6469166668	3540.70117241829	503.741412645219	1789.47504173284	1583.60847093981	2058.64580048587	4634.9437704517	4014.4468484188
EHI_103900A	51.3139939631936	175.29772924623	312.18218886789	28.5735203506359	26.2737708047724	7.83010103113896	113.956926253931	400.337685618436	83.7808921800939	60.2791023863543	56.9820447845226	0.774989739076988
EHI_104360A	532.3452178551	756.265785089152	590.93717149674	1132.81403593006	2130.85847852935	1690.90890560684	370.360010325277	531.10701559122	856.510013805424	767.604772160411	1492.44461978186	2306.36946349312
EHI_105140A	2559.29585933846	7970.43780606172	5525.06509992343	10206.1338089437	15940.1525483615	10241.6872326003	2228.634887307	7000.74755108686	5873.63897676872	8641.27638639826	13937.5656775079	10229.8645558162
EHI_110180A	153.450060090522	430.583357515856	2046.03273110555	198.250054649197	454.219674033809	33.5076752261223	315.971477340446	899.325918409323	635.089084472319	397.536865104944	944.447082705173	8.52488712984687
EHI_110570A	183.089882258751	277.239121194904	176.583380835123	457.761512840775	817.992581511018	811.367769677075	106.187135827527	162.888112773117	324.650957197864	260.192074857555	481.316420839478	1410.48132512012
EHI_110740A	3229.48520508073	6733.74520876513	47237.0134481521	2649.05738743791	3424.91720368179	251.807081006305	8197.12889985665	17234.0211711501	11069.5503792949	6533.03385610083	8723.1023877583	54.2492817353892
EHI_111550A	1341.12734156345	1765.83168142978	5029.2223947727	1177.30965643124	950.604772241269	289.530198115595	2292.0881757893	3043.25467033155	2058.61620785373	1954.87418118784	1629.44400405103	110.048542948932
EHI_112800A	86.1536186097353	173.186821742346	90.7006803587237	272.800707039267	376.904095957993	435.853739920421	60.8633583401678	125.033833044153	122.679163549423	190.756653121374	272.786384606757	561.867560830816
EHI_112830A	1080.32637924836	842.132586668822	2189.81755137127	594.331638778993	749.549115358408	270.141326665858	1406.3320671792	1104.65670845431	1315.80883343558	750.81818668573	978.393832789569	151.122999120013
EHI_112880A	97.9862420644801	215.01658711386	78.4570958626231	271.374055497829	388.494054307188	622.800903091672	58.273428198033	130.769329972784	135.395906112473	159.472562009469	236.41486665919	1026.86140427701
EHI_112990A	454.254352318992	1017.12828355752	2965.03628256888	714.459609062517	748.835846397924	145.599468695333	969.928838229483	2193.25402550845	882.691542611703	1484.08676128429	1606.4087093509	39.5244766929264
EHI_113950A	541.662935579705	889.27295368813	3793.90925848932	136.583116195981	685.796237541567	51.6478317110597	810.648134488193	1343.25338068535	1868.61311308816	196.860866021258	1030.52634184775	22.4747024332327
EHI_114920A	68.066830400779	1034.09569084099	597.042489928996	1962.76846733379	3947.17444172985	1225.67766982461	51.798602842696	817.881862022764	732.334762895642	1497.82124030903	3112.1895523802	1414.3562738155
EHI_116360A	148048.739180921	215828.007150825	427657.205046261	167840.258610472	147689.124700469	62262.3853678835	168068.336713554	246999.175231489	312920.88424897	185145.355413156	168232.819114679	42797.2583610485
EHI_117810A	3.74857768782707	3.72826712675078	4.12975157615481	8.40365724308068	32.4558113696888	15.819342487604	0	0	11.9686988828706	1.526053224971	9.6990714526847	55.7992612135431
EHI_117850A	675.819033894471	5423.64357809174	2865.45078519031	5765.14740208822	9740.90300002629	4851.38580643966	644.892605391566	5230.77319891137	2667.52376351977	5359.49892609814	9352.32964825122	4243.84381118559
EHI_118270A	6449.85097047693	22005.6132755438	13034.0450123109	30935.826801626	110100.748605984	54774.3726773644	4114.10403078113	14154.0593204753	21537.6736397256	19180.199958048	70494.063702044	85035.7491202225
EHI_118670A	19.1830111261379	81.2519176126016	41.7256442193386	158.918390190274	320.086218278777	214.48432802228	11.6546856396066	55.0607705148565	59.0954507341733	105.297672522999	220.653875548577	294.496100849256
EHI_118700A	17.6506856279235	11.473982382888	13.3385915771478	32.8341145052612	39.7737956045885	40.6078373531584	7.76979042640441	4.58839754290471	26.1815288062793	15.26053224971	19.3981429053694	80.5989328640068
EHI_119540A	1638.63439813453	2917.70138284354	1732.13428074958	5288.4682575829	9050.98376189149	9115.3513837887	931.079886097461	1672.47090438877	3362.45634240645	2923.15495243194	5167.18031641777	16634.3797595485
EHI_120360A	296.89974652806	211.733457703827	133.324958377546	367.393215532829	406.420180329085	754.48679195061	176.115249665167	126.180932429879	238.625933977232	212.121398270968	242.476786317118	1280.28304895518
EHI_120470A	18.3793582849315	10.1284519899654	12.4856870005506	31.556976687944	40.6518708537549	39.3747371587629	11.6546856396066	5.73549692863088	14.9608736035882	20.6017185371084	27.8848304264685	48.8243535618503
EHI_120600A	2766.42748309593	5478.18720074245	5900.20455867549	3142.25321762596	1229.9925195151	1157.91165415418	4731.80236968028	9448.65764022652	2414.68499961913	5222.91716246323	2109.54804095892	444.069120491114
EHI_122900A	278.718165913052	778.757981747099	3304.35036108427	149.457855677579	398.312378564568	31.7194219244802	453.23777487359	1281.31001385614	1441.48017170572	235.012196645533	651.050171261461	11.6248460861548
EHI_123020A	55.0067605045036	38.6913283104427	8.16648041794197	2.34125507849797	2.33706548197315	9.50334834289822	36.2590219898872	25.2361864859759	9.72456784233232	0	0	10.8498563470778
EHI_124880A	73.4676067485099	69.6329527443605	67.9348741177978	139.494272724159	209.991260845352	182.202824672077	50.5036377716286	48.1781742004994	94.2535037026056	94.6152999482017	147.910839653442	241.021808852943
EHI_125150A	104.493068290492	275.838795709675	1045.20197754413	113.158445623731	228.545513069697	24.52101370372	152.805878385953	410.661580089971	521.386445085048	160.99861523444	338.255116912379	10.0748666080008
EHI_125600A	17.4398668294193	21.5269341811803	21.0400846513991	48.3692847885447	55.8700880992742	47.6780021508398	11.6546856396066	14.9122920144403	24.6854414459205	34.3361975618474	41.22105367391	55.0242714744662
EHI_125650A	530.687767516984	482.2720630169	1053.15978268974	408.467142327377	352.504356437782	165.931241392761	801.583378990721	734.143606864753	510.913833562537	598.975890801116	533.448929897659	74.3990149513909
EHI_126980A	41.9935086135581	2.34109073008333	13.1435924170212	72.1673902956824	226.015996495459	79.1403321787019	27.1942664924154	0	17.2050046441264	46.5446233616154	153.97275931137	108.498563470778
EHI_129910A	180.710240187794	102.040743185089	53.0362828453988	275.452592974801	251.813990800425	715.182142106732	95.8274152589877	53.9136711291303	108.466333626014	142.685976534788	134.574616406	1408.93134564196
EHI_131230A	949.494697585815	1387.57371236584	3079.99356782173	383.330578787358	730.567667516937	181.687315916591	1326.04423277302	1954.65735327741	1675.61784360188	518.858096490138	1023.25203825824	91.4487892110846
EHI_131480A	25.5528674671531	70.8911106013893	244.129874345999	12.3762930189106	48.7331208189462	4.64888616767204	34.9640569188198	102.09184532963	123.427207229603	15.26053224971	69.1058841003785	0.774989739076988
EHI_131670A	448.757915946839	351.467761373299	477.185244685463	249.5375017596	198.589731242402	169.396027872661	650.072465675835	512.753425419601	244.610283418667	350.229215130843	287.334991785784	80.5989328640068
EHI_133530A	306.963945716803	588.299602233385	2341.69172454626	288.512569957397	371.194561633672	53.3889943271441	549.065190132578	1063.36113056817	893.164154134215	501.308484402972	666.811162372073	17.8247639987707
EHI_134740A	56.7325258162395	30.8759291612754	29.0357233971347	68.1014065855689	226.325590492859	196.312658784338	22.0144062081458	11.4709938572618	85.2769795404527	25.9429048245069	92.1411788005047	562.642550569893
EHI_134810A	229.96562131744	651.140034435149	419.87072923378	1097.28638941528	1319.1233060039	1093.05564259742	192.949795589043	554.049003305743	463.039038031054	901.134429345373	1119.0303688535	1135.35996774779
EHI_134840A	22.9145223012477	45.0572243379234	30.0691629158993	80.5868913707792	161.128650007499	123.307899162849	14.2446157817414	29.8245840288806	41.8904460900469	52.6488362614993	110.326937774288	168.172773379706
EHI_135060A	353.548616974435	1166.16317522319	886.043323760701	2060.63408534487	3809.13705582786	2059.06701869229	243.453433360671	813.293464479859	1300.09991615181	1386.41935488615	2647.84650658292	2841.11238345624
EHI_136740A	73.5748668474336	175.418499138196	85.4707945886965	143.732431843032	505.418125980854	340.429717536164	78.9928693351115	192.712696801998	63.5837128152498	151.842295884614	556.484224597785	242.571788331097
EHI_137720A	1511.99873486024	839.239948888059	564.87624511817	1598.65320390652	2177.20936311865	3835.36614581997	940.144641594933	525.371518662589	963.480260071079	965.99169140664	1359.08238730744	6159.6184461839
EHI_138790A	24.7561397992169	22.0949658732808	12.9795176144743	65.7489798749447	74.1462411413247	138.261433193696	10.3597205685392	9.17679508580941	29.173703526997	28.9950112744489	33.9467500843965	322.395731456027
EHI_140010A	19.7706273634514	16.0949831116242	8.92961958023196	33.0475923421914	38.1957825244912	74.3434737549777	12.949650710674	10.3238944715356	9.72456784233232	22.1277717620794	26.6724464948829	91.4487892110846
EHI_140380A	60.3984379138653	76.2599225389678	122.309375645475	36.6101460665311	27.4373010910945	17.2169532097473	60.8633583401678	78.00275822938	99.4898094638615	35.0992241743329	26.6724464948829	11.6248460861548
EHI_140640A	3.0295400689143	3.01312540081163	7.24389930532159	58.0803759983047	138.039892385903	31.5557544380877	0	0	15.7089172837676	24.4168515995359	61.831580510865	75.1740046904679
EHI_140720A	59.666791402539	103.731718090985	457.553069844745	35.5677883029147	85.6553364485036	9.0662742742728	115.251891324999	204.183690659259	151.104823396241	65.6202886737528	167.308982558811	1.54997947815398
EHI_141050A	14.5785470286507	2.68626808403787	9.76285530596343	25.7397965119258	93.5624893794588	28.2933609361446	6.47482535533701	0	17.2050046441264	12.208425799768	49.7077411950091	51.9243125181582
EHI_141800A	1006.67896122416	1590.23266247387	1116.61874536755	2684.83745477928	3727.93363911694	3756.33055095995	555.540015487915	885.560725780608	2254.60365206074	1442.12029759759	2068.32698728501	7131.45557898645
EHI_141810A	242.992233642615	371.703891721633	251.503154708293	554.343499061881	710.970851838308	751.00387266761	183.885040091571	284.480647660092	320.162695116787	409.745290904712	543.148001350343	902.088056285614
EHI_142900A	11.2475122892558	10.1794144615022	10.1244222229133	44.7082702470924	41.0612566766427	46.9185461135748	5.1798602842696	4.58839754290471	15.7089172837676	24.4168515995359	23.0352947001262	77.4989739076988
EHI_144610A	583.852225478931	1227.180753242	669.956040265918	1609.36510144062	2887.8439814351	2704.70824525632	470.072320797467	997.976465581774	790.682169949636	1262.04601705101	2339.90098796018	3004.63521840148
EHI_147570A	1247.65896664644	1876.76493337224	1750.08581993541	2872.72841538029	4416.25895406979	3075.12604652208	1046.33177742246	1587.58554984503	1958.37835470969	2343.25472694296	3720.80628603617	3234.03218116827
EHI_148190A	652.531224121212	1135.05380658053	681.89895947116	1933.75814454475	3843.8575112147	3495.18323852503	448.057914589321	786.910178608157	1008.36288088184	1293.33010816292	2656.33319410402	4864.61059218625
EHI_148240A	564.657247237727	260.836780369813	157.798319382013	757.861043228514	556.150793395513	1727.45819510743	233.093712792132	107.827342258261	475.007736913925	304.447618381714	230.352947001262	4921.18484313888
EHI_148470A	288.022829487457	339.815510788883	347.131352973284	536.420903710504	1327.15067467535	752.022059268167	236.978608005334	282.186448888639	394.219019454549	430.347009441821	1102.0569938113	804.439349161914
EHI_148520A	43.6738357261978	49.274643683415	24.5107519804569	71.3659294493108	121.828003235042	187.984480503968	22.0144062081458	25.2361864859759	48.6228392116616	35.8622507868184	64.2563483740362	368.895115800646
EHI_150120A	410.146175857586	235.453928131848	196.648655026329	510.09058417037	595.207337802022	891.702236067582	266.762804639885	153.711317687308	311.186170954634	322.760257081365	389.175242038974	1333.7573409515
EHI_150550A	13.6815056298995	12.3219232720965	9.45936188906956	22.7593431428622	46.0444715741855	46.9062919507741	6.47482535533701	5.73549692863088	14.9608736035882	11.4453991872825	25.4600625632973	79.8239431249298
EHI_151350A	21.9834127083289	52.9141095328557	26.6163797868217	101.223530587229	117.629834169703	139.671521851647	15.5395808528088	40.1484785004162	30.6697908873558	75.5396346360643	90.9287948689191	159.64788624986
EHI_151550A	3.32101395304978	3.30302001979139	4.75632165614424	15.1250013104111	36.6332349520848	15.9833953147284	0	0	11.2206552026911	4.57815967491299	13.3362232474415	44.1744151273883
EHI_151990A	276.958479353043	253.198548026622	1010.15067463764	189.666390029828	243.156149813319	52.2544406125489	389.784486391288	359.042107732293	539.339493409354	258.666021632584	343.104652638721	24.7996716504636
EHI_152160A	97.4871954480028	133.059436404292	436.687937431453	29.6638976229458	79.4895810011682	12.1309591831967	150.215948243819	207.624988816438	201.223749968261	42.7294902991879	122.450777090144	3.87494869538494
EHI_152800A	76.069000701926	560.378698719317	320.23950058233	516.903973649487	1491.43765415885	532.41553375813	85.4676946904485	648.11115293529	228.15332245472	576.085092426551	1720.37279891995	357.270269714492
EHI_152990A	111.212935106898	89.1359378394025	106.053256530417	193.381576024927	260.379445960514	210.374223586666	84.1727296193811	67.6788637578444	131.655687711576	143.449003147274	200.043348711622	247.221726765559
EHI_153450A	177.175298486901	175.604592322812	93.2907364742519	222.965026308064	353.126801241425	546.411979834368	111.366996111796	111.268640415439	151.85286707642	136.581763634904	224.291027343334	847.063784811148
EHI_153670A	319.150341765946	186.077053437316	369.104111612649	156.729775032702	114.370563586593	80.9085486571987	466.187425584264	273.00965380283	186.262876364673	221.277717620794	166.096598627226	37.1995074756954
EHI_153770A	119.64327302639	229.271233928679	899.973953320147	118.144146410316	128.465832325926	20.4270265925727	247.338328573874	480.634642619268	276.028117986202	237.30127648299	266.724464948829	4.64993843446193
EHI_153780A	15.9166665014919	22.383310355694	46.6310058259379	9.37336133201209	8.23033672064313	3.7209764501608	25.899301421348	37.8542797289638	16.456960963947	13.734479024739	12.1238393158559	0
EHI_153800A	19.7833725737528	31.2483872124463	23.8931736355918	57.4695659557737	67.3034770228659	65.8625553860728	11.6546856396066	19.500689557345	34.4100092882528	35.8622507868184	43.6458215370812	92.9987686892386
EHI_154200A	70.645843799177	170.789243089076	579.897477974944	67.5121830408443	125.692604824095	16.2299833042239	121.726716680336	300.540039060258	226.657235094361	112.927938647854	219.441491616991	4.64993843446193
EHI_154330A	93.1370314463163	150.417856542329	520.626617192606	29.1022918516147	95.7794082658881	11.6080879850525	138.561262604212	227.125678373783	252.090720220461	40.4404104617314	143.061303927099	3.87494869538494
EHI_155310A	205.931389681688	177.40541048264	133.856401800104	331.403282183986	530.991251173264	622.327830421389	120.431751609268	104.386044101082	243.114196058308	189.230599896403	314.007438280667	1071.0358194044
EHI_155680A	40.3851275862186	346.598101172302	163.793506051472	475.887618331202	827.937496147799	439.233172558469	34.9640569188198	316.599430460425	161.577434918752	419.664636867024	755.315189377821	409.969571971727
EHI_156310A	219.925662875745	292.409072810224	260.675330866981	304.882751161044	1696.42963508008	709.822626079846	150.215948243819	201.889491887807	382.998364251858	202.965078921142	1173.58764577485	983.461978888698
EHI_156330A	1458.13052485215	2103.57908211274	8990.58545777939	1314.23769656448	1303.29312738786	221.321360236795	3102.73631027749	4513.8360828325	2700.43768544767	2717.13776706086	2782.42112298892	61.2241893870821
EHI_156380A	5.44483995560968	12.2207496708918	10.3554684687331	26.956916509302	40.3072497078492	24.9056773668299	2.5899301421348	8.02969570008324	10.4726115225117	19.0756653121374	30.3095982896397	26.3496511286176
EHI_156660A	6811.07297322158	8622.06270868317	6550.79540202111	14589.2737999089	13866.5943993717	16946.7289746996	4601.01089750248	5872.0017555323	9980.39878095368	9578.27306653045	9400.82500551465	24258.7288125879
EHI_157010A	1686.86519519766	679.254117688376	1996.86800540831	635.080991651184	578.791322004253	314.488128635658	1644.6056402556	666.464743106909	1807.27353131345	600.501944026087	564.970912118884	265.821480503407
EHI_158270A	7770.8915461505	6320.1338364265	7371.79934398335	3428.8880314856	3612.68462807939	3257.19218284659	7216.84034105863	5916.73863157562	7161.02215035749	3093.30988701621	3365.57779408159	2971.31065962117
EHI_158570A	390.612843817034	3649.28623480654	2380.59920540562	4739.04196352249	20463.8675916463	4983.36881808231	278.417490279491	2636.03438839875	3334.03068255963	3300.09009899978	14720.7656973122	6558.73816180855
EHI_159690A	62.0181969492232	53.2519762723512	47.3278384992613	124.45613790388	116.979646855716	147.021308035755	45.323777487359	39.00137911469	59.0954507341733	90.0371402732887	87.2916430741623	176.697660509553
EHI_159750A	384.462222373932	424.998324410704	969.607134221416	293.796317515932	247.657051709353	102.965476213668	565.899736056454	630.904662149397	486.976435796796	419.664636867024	364.927563407262	47.2743740836963
EHI_161170A	681.786086713258	543.121863989899	2311.60585426265	361.511748534448	316.072258363933	81.7642685145469	1006.18786021937	807.557967551228	1161.71183531862	517.332043265167	466.767813660451	37.1995074756954
EHI_161660A	29.0169533383775	26.7666436749263	97.1112614720381	13.6062117533888	15.4756775896177	4.30529332171492	56.9784631269656	52.7665717434041	29.173703526997	24.4168515995359	29.0972143580541	0
EHI_163670A	1858.06917890887	2087.37732137237	1605.2021904219	3675.77544913008	6872.76110937772	6155.6031743102	1445.18101931122	1636.91082343125	1999.52075711956	2779.70594928467	5368.43604906098	7208.95455289414
EHI_164840A	12.3825919518071	6.95494768064931	11.3380333358425	30.5273991797988	50.0069393028952	32.7645703812865	5.1798602842696	2.29419877145235	20.9452230450235	14.4975056372245	25.4600625632973	61.9991791261591
EHI_166370A	73.165082525476	74.7120418933671	111.619194883102	31.872726718475	20.2285972142035	15.549884408041	111.366996111796	114.709938572618	50.8669702521998	45.7815967491299	29.0972143580541	5.42492817353892
EHI_166410A	2.27190823920743	10.0466367573681	3.86268141058856	37.7315551346638	17.1440625835462	29.5893767082514	0	5.73549692863088	2.99217472071764	25.1798782120214	10.9114553842703	35.6495279975415
EHI_166850A	3.42631664713371	3.40775216232809	4.30601994432718	36.3576095617712	16.0812082233631	19.4089689876335	0	0	10.4726115225117	12.208425799768	4.84953572634235	58.1242304307741
EHI_167090A	215.183972197224	315.865694627883	157.504075624039	358.438441075812	430.292359530702	676.607948085307	124.316646822471	184.683001101914	291.73703526997	202.202052308657	250.963473838217	1185.73430078779
EHI_167270A	2559.29585933846	7970.43780606172	5525.06509992343	10206.1338089437	15940.1525483615	10241.6872326003	2228.634887307	7000.74755108686	5873.63897676872	8641.27638639826	13937.5656775079	10229.8645558162
EHI_167310A	1980.40011913077	5823.7895594992	3956.97548233693	6862.21548110629	15084.531183302	9029.58827768252	1200.43262087948	3561.74359267978	7016.64972008286	4045.56709939811	9185.02066569241	15044.8758047016
EHI_169280A	605.981076158278	919.892645015144	550.070179078656	1173.81092113991	1491.30916638137	1788.08133345853	479.137076294938	734.143606864753	665.758875359674	903.423509182829	1185.7114850907	2037.4480240334
EHI_169350A	517.836874562612	713.833930949765	724.1115150469	2228.99389080561	10525.0714326334	4400.45905444627	226.618887436795	315.452331074699	2018.96989280423	952.257212381901	4648.27999369914	11543.4721635517
EHI_169580A	387.550127061067	358.922775139767	183.518778898586	587.951737142868	776.910694752798	1560.31717274186	121.726716680336	113.562839186891	809.383261954121	180.074280546577	246.113938111874	6501.38892111685
EHI_170060A	123.32529105412	513.283647432418	457.193151024144	869.973266016278	1073.25175864409	531.582949931853	91.9425200457855	391.160890532626	588.710376301195	640.179327875333	815.934385957101	643.2414834339
EHI_171280A	623.183341118143	1330.65228167059	833.640479778207	1573.51575395015	2177.30830952052	2011.57117049164	494.676657147747	1066.80242872534	1004.62266248095	1216.26442030188	1738.55855789373	2280.0198123645
EHI_172160A	102.171198695875	121.523938449218	73.0619680390464	210.4309452716	172.125957023575	286.04211299954	86.7626597615159	104.386044101082	76.3004553782998	175.496120871664	147.910839653442	285.971213719409
EHI_172280A	8.48840585642647	33.1210538703245	19.2367890361539	93.0016926213474	237.766196772204	119.04472169193	7.76979042640441	36.7071803432377	11.9686988828706	103.008592685542	275.211152469928	77.4989739076988
EHI_172960A	223.729179025016	318.703925027414	243.144552456955	382.032698370432	788.963630003041	598.165032493668	180.000144878369	259.244461174116	283.508554787996	299.869458706801	641.351099808776	657.966288476363
EHI_173410A	147.896355967574	190.02439450686	601.279837905348	144.218546556855	122.771801212352	32.9084300275236	300.431896487637	390.0137911469	189.255051085391	284.608926457091	249.751089906631	8.52488712984687
EHI_174150A	3.22710858772391	3.20962345295303	10.664265346445	31.5527477075147	58.4385927647104	11.4417854024243	0	0	28.4256598468176	11.4453991872825	23.0352947001262	28.6746203458486
EHI_174220A	335.757227232488	330.680705443212	217.493305178784	509.339075909395	630.686354594586	863.589723957668	268.057769710952	266.127057488473	257.327025981717	396.010811879973	506.776483402776	965.637214889927
EHI_174910A	439.89272466144	683.646677420684	534.444803047301	950.809862712067	1836.05827903593	1353.25301656793	340.575813690726	534.548313748398	665.010831679495	717.245015736368	1431.82542320258	1584.85401641244
EHI_176150A	86.4609910010127	68.9848474521828	34.3626307380063	134.580064020566	156.142504201385	353.814992986692	38.848952132022	30.9716834146068	85.2769795404527	59.5160757738688	71.5306519635497	854.813682201918
EHI_176820A	860.516193854012	901.776891573011	544.71058253702	1507.11496023818	3408.25233409507	3809.95861918211	503.741412645219	532.254114976946	1009.8589682422	858.404939046185	2006.49540677415	6650.96194075871
EHI_177420A	106.451706873861	140.466831806654	297.836670291101	58.3374821279303	83.3387260094196	26.0395425371002	181.295109949436	242.037970388223	118.938945148526	95.3783265606872	141.848919995514	8.52488712984687
EHI_177520A	469.441384046124	1309.92058062794	1017.70527924777	1693.97372992134	3026.82557163153	1685.5137611835	457.122670086793	1289.33970955622	917.849595580135	1607.69707250694	2967.91586452152	1429.08107885797
EHI_178340A	496.276765425282	825.069009578292	846.62907430978	1960.44545284351	7814.4701909391	2966.06207129312	371.654975396344	624.02206583504	1106.35660298535	1431.43792502279	5897.0354432323	3646.32672235723
EHI_178460A	787.119707133759	818.574802388616	1240.33778489461	566.717074442	546.911026550521	337.264171423252	966.043943016281	1012.88875759621	808.635218273942	675.278552049665	672.873082030001	205.372280855402
EHI_178620A	84.0651355636688	46.0451477872368	32.7180967620396	90.8967590095811	230.322878597183	292.91993691242	42.7338473452242	22.9419877145235	68.0719748963263	45.0185701366444	120.026009226973	595.192119611127
EHI_178850A	131.253443004243	157.56407680795	736.245119237095	121.373158428118	148.540459260923	24.5880407207313	192.949795589043	234.00827468814	365.793359607731	173.207041034208	219.441491616991	10.0748666080008
EHI_179390A	62.1478850356345	111.84066329192	76.3882516186568	297.073387944276	499.807367916731	418.161790167583	47.9137076294938	88.3266527009156	89.7652416215291	228.907983745649	398.874313491658	470.418771619732
EHI_180390A	7.08313213242645	14.0168002655172	18.7285504625397	10.6381045019412	196.989210012498	20.5381576553525	9.06475549747181	20.6477889430712	6.73239312161469	14.4975056372245	322.494125801766	6.97490765169289
EHI_180780A	92.6188087527631	58.22149526963	45.9940079609936	124.990326449989	190.847154771352	260.864487357093	47.9137076294938	29.8245840288806	95.001547382785	63.3312088362963	100.627866321604	519.243125181582
EHI_181560A	9358.06475489031	10282.0568908059	17406.4354501722	8278.76531397682	6659.57789687377	3940.65791690402	10977.4189074384	12159.2534886975	12154.9617592352	9436.35011660815	7838.06211770082	2583.81579008268
EHI_181610A	319.658064801749	218.295900935068	496.504255151245	113.523468581657	103.224002723345	56.0574775835648	310.791617056176	213.360485745069	446.582077067107	106.060699135484	99.4154823900182	45.7243946055423
EHI_182860A	600.858822144637	714.707885014379	1905.40678130992	544.0713175119	658.971193156785	187.562142785553	906.475549747181	1087.45021766842	927.574163422468	797.362810047345	997.791975694939	84.4738815593917
EHI_182950A	21.5484873944602	37.6871634978717	22.270873257446	46.9128001379321	97.1474015318181	87.0976089932169	14.2446157817414	26.3832858717021	27.6776161666381	32.0471177243909	70.3182680319641	107.723573731701
EHI_183120A	78.4810947649194	161.771133515292	596.387706836134	81.4649957178336	124.563606526072	17.2827811248398	157.985738670223	331.511722474865	187.758963725032	159.472562009469	253.388241701388	3.87494869538494
EHI_183560A	5.81550417248312	6.93031268971206	7.7023028050461	18.3814769097091	22.0998879084823	16.2951852115757	2.5899301421348	3.44129815717853	8.2284804819735	11.4453991872825	14.5486071790271	18.5997537378477
EHI_183900A	404.996845953538	448.437383852938	1402.70724435445	372.28918175206	345.275461057686	98.2049542640075	670.791906812914	749.055898879193	596.938856783169	598.975890801116	573.457599639983	37.9744972147724
EHI_184520A	310.180594566421	316.673220580476	734.976972965409	117.145000348468	234.952095933759	68.0274743327725	327.626162980052	337.247219403496	588.710376301195	119.032151547738	248.538705975045	49.5993433009272
EHI_185240A	114.252923309543	152.332429447279	617.879796006472	84.4304844516939	105.340289759383	18.5971235179453	200.719586015447	270.715455031378	237.877890297052	143.449003147274	185.494741532595	5.42492817353892
EHI_185410A	797.306452305073	703.437221067402	1243.3519188663	605.362198427957	485.343309215601	303.645701269981	1025.61233628538	911.94401165231	758.516291701921	756.159372973128	625.590108698163	172.822711814168
EHI_186840A	796.039442885891	508.384124706444	290.432767155445	632.579521076053	1019.64792766817	1913.7216883996	339.280848619659	217.948883287974	840.801096521656	261.718128082526	436.458215370812	5224.20583111798
EHI_187160A	77.4665466337127	40.2884109955401	31.9206101741352	94.5805325446246	147.771263848574	211.723405100315	51.798602842696	26.3832858717021	44.8826208107646	61.8051556113253	100.627866321604	292.171131632025
EHI_187780A	39.9768580116582	60.0230481511491	37.8931257320881	142.637143964619	259.373518875545	261.183155952027	20.7194411370784	32.1187828003329	73.3082806575821	75.5396346360643	143.061303927099	490.568504835734
EHI_188880A	12.6563806774905	20.5293778550505	31.0656066925973	73.785788410776	180.32168470251	58.4937403103745	7.76979042640441	13.7651926287141	38.8982713693293	51.8858096490138	133.362232474415	70.5240662560059
EHI_188960A	1521.86658987726	3584.07296691974	2187.24262612814	6184.42524489528	8862.35409078459	7668.56614189272	1446.47598438229	3436.70975963563	2051.88381473212	5717.35840735383	8461.22745853582	6762.5604631858
EHI_189500A	34.7417277878169	96.3940901269139	192.21929236857	25.3027735168013	46.7808725930223	10.0015475935143	50.5036377716286	145.681621987224	91.261328981888	35.0992241743329	69.1058841003785	3.09995895630795
EHI_189540A	331.67988847657	355.050039720893	1013.42620954574	227.914657343502	230.739029252628	71.3861068137167	485.611901650275	524.224419276863	512.409920922895	323.523283693851	338.255116912379	32.5495690412335
EHI_190990A	308.822740590761	232.654188863181	524.558435192346	162.710212603944	156.747454284825	75.1025607363813	440.288124162916	333.805921246317	274.532030625843	224.329824070736	223.078643411748	35.6495279975415
EHI_191530A	13.0207496530779	15.7922597496203	13.000715889738	32.3321953926431	48.6080304934826	43.3055390118573	9.06475549747181	11.4709938572618	12.71674256305	24.4168515995359	38.7962858107388	44.1744151273883
EHI_191770A	8224.73373218014	7743.13287959031	18821.8788932418	6363.39238945649	5468.16771187669	2363.89959299915	9413.10110158894	8933.61001603546	13609.158673504	7076.3088041905	6278.93638168176	1604.22875988937
EHI_193350A	306.844817383149	441.963517332387	365.479004228092	478.230273691649	1332.83059632618	803.486217254507	235.683642934267	342.982716332127	457.802732269799	357.859481255698	1032.95110971092	947.812450891157
EHI_193360A	173.136987803155	133.060117741374	131.637911241884	220.784059933556	420.634666110187	351.6367287281	130.791472177807	100.944745943904	166.065696999829	162.524668459411	321.281741870181	420.044438579728
EHI_194400A	630.34591986088	531.81519592263	862.440765075171	455.714866083161	328.224926096457	239.169650709161	867.626597615159	737.584905021932	477.251867954463	608.895236763427	452.219206481424	123.223368513241
EHI_194430A	17.8304926601655	48.1780898735932	29.7597878569742	110.087660567564	213.144053543914	152.742986339082	10.3597205685392	30.9716834146068	43.3865334504058	70.1984483486658	141.848919995514	218.547106419711
EHI_194570A	320.463935486529	371.121604672517	1028.82688715953	302.476082069291	281.648003557968	88.7693224072315	507.626307858421	593.050382420433	465.283169071593	465.446233616154	447.369670755082	36.4245177366184
EHI_195110A	3350.39195924104	3.21254087756298	19.0250376761085	3.21954243463547	3.21378117268689	12.5094255761932	1389.49752125532	0	53.8591449729175	0	0	31.7745793021565
EHI_196530A	56.069705745405	65.7693633843197	63.2463574811515	133.922030941378	148.827637310418	133.739040625865	45.323777487359	53.9136711291303	68.8200185765057	107.586752360455	123.66316102173	138.723163294781
EHI_197010A	396.411166356896	505.271936471716	979.131947101199	422.026613229825	313.112084444843	151.99476480837	578.849386767128	744.467501336289	497.449047319307	598.975890801116	458.281126139352	71.2990559950829
EHI_197020A	90.1664601921641	48.5140252212131	25.8021509237765	120.343435995548	123.357661384927	348.146655371111	34.9640569188198	18.3535901716188	77.7965427386586	45.7815967491299	48.4953572634235	1033.06132218963
EHI_197120A	86.3711484157744	186.100588974402	627.731741697395	62.5997795318722	122.093204458464	16.587346330754	138.561262604212	303.981337217437	273.035943265484	96.9043797856582	197.618580848451	5.42492817353892
EHI_197440A	1278.06152504418	1004.73951715374	2426.51395488753	799.991042291489	654.086069265305	303.717067650367	2096.54845005812	1660.9999105315	1051.74941433225	1274.25444285078	1075.38454731642	122.448378774164
EHI_197840A	1060.56449825642	1374.23638176974	999.638678951453	2046.19746338757	2729.82333485601	2880.73528816656	762.734426858699	996.829366196048	1388.36907041298	1431.43792502279	1972.54865668975	3762.57518321878
EHI_197990A	3003.62225417394	4334.35689349828	18661.0298863799	2087.54807614335	3216.35975759599	449.775030718464	4988.20545375163	7257.69781348952	7965.91715023053	3367.99946751099	5359.94936153988	179.022629726784
EHI_198550A	40.7567376074624	47.8198069349216	27.1411331788678	60.7109044376129	117.291037085651	135.930178676127	33.6690918477524	40.1484785004162	26.9295724864587	49.5967298115573	100.627866321604	134.073224860319
EHI_198930A	535.358358221767	948.14383224204	815.659137876827	1278.76820606509	2172.11269336855	1458.41461917817	404.029102173029	722.672613007491	1054.74158905297	940.048786582133	1650.05453088798	1773.17652300815
EHI_199150A	93.7337122054838	3.2134893579994	6.20705825693968	3.2204929822331	3.21473001931185	7.61345414041629	37.5539870609546	0	14.9608736035882	0	0	17.8247639987707
EHI_199580A	354.844350525229	689.648621399529	1766.18086717848	325.258694415224	628.099584954368	117.61509506727	471.367285868534	925.709204281025	1026.31592920615	419.664636867024	838.969680657227	62.774168865236
EHI_202710A	63.8553450703444	79.2672993518149	204.98881984113	48.6564443339414	34.5601220584496	13.3232200698893	104.892170756459	131.91642935851	84.5289358602733	77.0656878610353	55.769660852937	3.87494869538494
