NOISeq_EhMyb10_1	NOISeq_EhMyb10_2	NOISeq_EhMyb10_3	NOISeq_pEhEx_1	NOISeq_pEhEx_2	NOISeq_pEhEx_3	DESeq2_EhMyb10_1	DESeq2_EhMyb10_2	DESeq2_EhMyb10_3	DESeq2_pEhEx_1	DESeq2_pEhEx_2	DESeq2_pEhEx_3
EHI_000640A	37.0292092853025	53.872968686612	52.8902439739844	15.4458227217152	7.32114125802778	11.0145592843499	4.48256750506606	7.19927567416186	677.345164549826	1.18227702390944	0	116.937855597593
EHI_000690A	5.53167597922717	1.28684921409306	7.85990424082206	33.1146402575748	83.534042423802	7.5478931871046	15.2407295172246	0	0	108.769486199668	279.826682257309	0
EHI_001070A	227.139216157472	155.610910246049	44.5958096753883	218.059342313019	253.566551131368	841.548197180861	575.561667650482	404.059347212334	9.4075717298587	527.295552663609	611.299228689624	179.524313523065
EHI_001130A	437.8243633394	668.28204456531	1193.8547648356	293.529503883292	551.90200071079	147.81067191258	1421.87041260695	2232.67536844945	200.694863570319	908.579892874402	1705.25253348749	21.4111566587142
EHI_004430A	2.23377058540422	2.25949684052914	8.98855073593706	66.0149534986883	80.800332247701	12.0154623133077	0	0	9.4075717298587	46.6999424444227	57.2799584486437	12.0780883715824
EHI_004860A	188.460736659228	142.531618980708	123.982807272699	349.447132293893	338.817144136374	421.158062544819	235.783050766475	182.681620231857	78.3964310821558	419.117204975895	404.715771989597	242.659775465428
EHI_005020A	614.885031276699	386.456314636365	543.380407580875	869.823968552901	1420.33572509987	937.713979452063	686.72934177612	442.755453960954	413.933156113783	928.087463768908	1510.87628104701	642.334699761427
EHI_005870A	76.5636382517679	73.897196272661	8.39550375004762	63.4486605463772	85.2707919797667	578.278896492046	284.194779821188	281.671660751583	0	224.041496030838	301.424043639584	70.2725141619339
EHI_005970A	19761.361487045	25378.9437798234	31964.7785241273	14182.7571994385	13851.8714247718	10207.8234647008	10951.8089283774	14455.2456442577	66144.6368326365	7502.13885521733	7298.96913149685	18956.0106951817
EHI_006810A	478.848230541848	418.860564354558	259.948191094739	622.519785383067	849.831943661332	1261.8717651382	332.606508875902	298.769940477717	385.710440924207	413.205819856348	562.470411651436	1689.28535997086
EHI_007510A	11786.8357606296	21116.8639423274	17072.897966979	8602.50252809357	5758.19697101269	5404.13376413361	31579.6880731904	58147.649710746	3803.7948361062	21998.6285838829	14667.4254257019	1079.89090122284
EHI_008040A	12.7183932063328	22.7441308948335	16.2498667587242	44.8877969622819	67.7224798216143	57.1761982288593	8.0686215091189	16.1983702668642	18.8151434597174	31.3303411336001	47.8898013259153	64.7824739930328
EHI_008450A	383.412636805617	389.196149878692	1176.52871659862	278.332680917143	337.868362777482	105.513641521092	205.301591732025	214.178451306315	2527.5009380887	141.873242869132	171.839875345931	200.93547018178
EHI_009490A	25.4343033032193	9.00377336511547	3.98874138321395	55.7963186177375	63.2259569568049	238.863244759587	47.5152155537002	15.2984608075939	0	102.858101080121	116.437948321833	71.9195262126042
EHI_009810A	759.553955881961	434.043672826594	460.500151436069	1080.46447749644	1252.93645339261	1443.06204691194	572.872127147442	335.666228307797	611.492162440815	778.529420244364	899.577052357388	1724.42161705183
EHI_011950A	879.31253891068	1279.21885812328	1681.25924978825	649.59950628454	555.103078916934	411.667990436439	355.915859902245	532.746399887977	5393.67445845232	250.642729068801	213.156566685936	1182.55465238129
EHI_012480A	3631.78910494264	4193.21661587338	2498.81529786919	6106.54725925227	5993.18085242278	9240.37661921482	3090.28203799254	3667.1310465262	2815.99980447104	4960.834392324	4850.01615388926	9351.18541968921
EHI_014110A	4836.4153807899	325.754071444447	1306.45298537284	4585.46093937435	6224.0202522002	4507.44432414153	8723.07636485855	601.139518792515	508.00887341237	7894.06368864331	10674.7306171177	1576.1905324915
EHI_015310A	4658.48844479515	1109.17510692263	2528.89341951593	7061.34001448526	10192.9403248453	7173.31476462956	5206.95041388473	1272.47197540811	1937.95977635089	7534.65147337484	10835.3023039164	4936.64411987585
EHI_017750A	319.938532366295	362.664447734312	471.42836982395	1054.19094222031	1555.91081169481	960.048315699531	177.509673200616	206.979175632153	959.572316445587	561.581586356982	826.333826800106	1756.81285404835
EHI_018630A	53.3932561951522	145.778295622152	38.5604627916349	5.53940367590632	5.61987653190103	13.6487838299214	9.86164851114533	29.6970121559177	313.585724328623	0	0	94.4286909050986
EHI_023000A	51.511685101562	7.39487754474509	13.8778002960943	71.8587980004154	107.909103284021	111.76451911371	69.0315395780173	8.09918513343209	6.27171448657247	92.8087463768908	139.913341128654	55.4494057059009
EHI_023230A	133192.939248879	202081.454791455	327595.583583494	115247.249388389	105450.258408048	57321.0925514204	74441.102043131	116073.021785052	669994.715171563	61480.7697973385	56038.579677019	105213.325812888
EHI_025230A	645.615072938957	114.836189384048	224.438079369353	610.252336562725	948.87322795281	868.787288516218	713.624746806516	128.687052675643	172.472148380743	643.749839518688	998.173702146037	603.904418579119
EHI_025380A	22.4062765124655	32.4166260066845	34.2365442953359	12.0277368075241	4.76312478421886	6.7990505496293	4.48256750506606	7.19927567416186	206.966578056891	1.77341553586416	0	31.8422329796263
EHI_025600A	7745.9127504384	5328.87825516278	38.3226439703177	4732.50775494295	5876.34881398737	610525.865073914	91933.8734749008	64995.0607863332	0	53608.5782336375	66313.2896007085	14880.2048737895
EHI_025830A	1178.38249190159	411.460121834271	483.322236846366	1496.36456040149	1927.28922180169	2352.72782787629	1129.60701127665	404.059347212334	457.83515751979	1369.66793219908	1757.83741337477	2007.15868575024
EHI_026360A	22.2506412719797	11.1727034086154	3.47063542884674	21.9210849559804	46.0295935669889	163.316142301537	35.8605400405285	17.0982797261344	0	33.6948951814189	73.2432255572821	59.2924338241317
EHI_027570A	13215.3652043291	14499.2448181213	21898.781327057	7619.45611804248	7414.40225324144	4952.51146421889	7182.86617011785	8099.18513343209	46573.7517772871	3952.35209092925	3831.18410607322	9451.10415076321
EHI_028990A	167.36277970335	62.8859986746388	241.027149145865	366.279707786592	829.176025005772	231.790443932027	126.408403642863	47.6952013413223	313.585724328623	266.012330379623	601.909071566896	270.658980326823
EHI_029370A	1169.03756947483	1122.27530438305	2994.13495416424	783.867085106394	1043.45479974425	376.962729653307	467.083534027883	460.753643146359	9799.55388526948	298.524948537133	396.264630579142	1104.04707796601
EHI_029530A	1532.5891225204	803.820352919349	614.650557123454	1564.57156559581	1863.14039175971	2615.26975606146	3559.15859902245	1916.80714824559	166.20043389417	3468.20964963833	4114.76685117962	638.491671643196
EHI_030070A	13157.9771677946	1193.67231948894	8349.18445638577	16678.3177998394	22633.594237907	9062.39816900502	10809.2632817163	1006.09877546412	9899.90131705464	13078.3484384862	17680.7268463855	9644.35356470853
EHI_030800A	102859.711766175	163351.316334791	510519.563049515	75178.9370628251	121045.327439839	27154.2073572836	33503.6060463647	54682.0983830964	2240516.69075488	23373.0256241776	37489.2632967812	106951.472530362
EHI_033240A	2.05084271553314	2.07446219699003	1.99156819032243	10.2837083550087	21.7847007269493	15.4436224008506	0	0	0	7.09366214345662	16.9022828209113	12.6270923884725
EHI_033850A	2.75767128311806	11.7136090016694	3.13810700522686	21.0199106564892	22.4783444633167	38.8690959896164	1.79302700202642	16.1983702668642	0	28.9657870857812	30.987518505004	15.372112472923
EHI_035090A	1778.02097248821	922.364409698019	964.312665905797	2435.69284337908	2742.07235692986	2939.17122293878	3853.21502735478	2052.6934765954	288.498866382333	5039.45581441397	5651.93557217027	791.663792355536
EHI_035440A	5385.91095146059	3997.62056634424	1607.49455264579	4694.98863777885	5659.19499652112	13004.60578875	10127.9130209463	7724.82279837567	589.541161737812	8426.67948791451	10118.8333154522	4289.36838396242
EHI_035460A	58962.4471494759	48789.5282206288	172956.791819263	42406.5654531192	64315.4575805649	17178.6097406502	28352.2394695428	24110.3742327681	437549.297012971	19463.2355061091	29406.2160455365	39001.2453598733
EHI_036560A	26.7164966515554	15.4514665559401	4.30086615404049	66.8957917778272	59.448078899771	313.415053099433	53.7908100607927	30.5969216151879	0	133.006165189812	117.376964034106	85.6446266348569
EHI_036630A	1.86901070580547	26.7350765087957	2.29549888925204	44.9401100000727	70.5818950813712	192.842355536453	0	27.8971932373772	0	44.9265269085586	71.3651941327364	135.603992171857
EHI_038300A	29.3079800260489	11.9447586315621	28.5548466295521	98.241697561237	85.4435603090494	57.2060726639974	24.2058645273567	8.99909459270232	28.2227151895761	81.5771146497511	70.4261784204636	52.7043856214504
EHI_039020A	619.522017398281	70.6504144939896	620.512844183786	372.400506506805	3228.97225176734	398.112156548128	256.402861289779	28.7971026966474	1922.28049013446	146.60235096477	1276.1223529788	1105.69409001668
EHI_044770A	5253.47514181745	1940.26463461931	3089.82329964189	6298.54375874071	9391.17641339733	7524.39786639933	5613.07102984372	2129.18578063337	2524.36508084542	6423.90220941192	9542.27766811668	5519.68638581315
EHI_048140A	117.64608638899	76.3330588325903	155.638202059453	369.379745545226	981.122565807638	311.774455688662	258.195888291805	170.982797261344	43.9020014060073	780.302835780228	2069.59062984936	80.1545864659558
EHI_048440A	46.0205134894604	18.5048370443298	23.8324212027646	70.914224186161	96.6525712005839	95.1117489979626	51.1012695577531	19.7980081039451	15.6792862164312	76.2568680421587	104.230744062286	60.939445874802
EHI_049000A	2751.81353362972	188.723131457603	1142.57819705633	4147.05892153152	5767.30543369645	2939.51045671366	2772.01974513285	193.4805337431	1012.88188958145	3988.41154015848	5526.10746672571	2341.50213203631
EHI_049360A	91.911661447805	58.4401886614046	175.755415192966	30.1047073629267	29.2508510245148	15.9782861016676	11.6546755131718	7.19927567416186	2568.26708225142	2.95569255977359	2.81704713681854	197.092442063549
EHI_049690A	1060.26774255651	662.444081623001	742.840053882524	2365.98585646327	2423.04964247421	2517.9642731851	1264.08403642863	810.818422802479	517.416445142228	2695.00047600156	2749.4380055349	1577.83754454217
EHI_050640A	14.6103709340556	42.2285388608237	65.1833896447589	3.72318640557351	8.06804392731429	2.47105531881113	16.1372430182378	52.1947486376735	40.766144162721	2.36455404781887	7.51212569818278	0
EHI_050740A	236.370686175881	149.039426324442	182.214620397521	459.102698406508	441.945726111598	443.849264304545	233.093510263435	150.284879698129	163.064576650884	433.895667774763	415.983960536872	359.048627046131
EHI_053420A	9.72424298531149	10.2659109582509	7.27364648261785	21.7478455823319	32.0646393956015	34.7286615704994	9.86164851114533	10.7989135112428	3.13585724328623	23.6455404781887	35.6825970663682	19.2151405911538
EHI_056490A	12850.9098063435	17398.5392490141	38434.2507149364	7473.27732520858	11273.4982073411	3925.62179767945	4807.10539243284	6689.02701075564	138642.520440171	2667.80810445164	4009.59709140506	12705.5999628878
EHI_057550A	653.275079488698	974.809979479856	1054.98726463527	304.18012226182	222.565148642966	198.053648760487	455.428858514712	699.22964985297	1567.92862164312	201.578232576559	146.486451114564	262.423920073472
EHI_057670A	54182.4063302558	84385.3372393841	133174.66604065	35287.2797889804	53366.1567673477	23849.2138963724	22593.0367390339	36162.8616207743	412133.174056136	14044.2687670202	21158.8410446441	66237.3346377916
EHI_057850A	283.893424265897	170.996275373102	198.869039269225	458.861408340738	508.029050268122	480.294464789388	439.291615496474	270.87274724034	94.075717298587	679.218150235971	749.334538393733	205.876506333791
EHI_058080A	1563.31009718353	567.895016030759	823.650737653106	1614.27305124336	2484.38838741687	2156.39870610231	1739.23619196563	647.934810674567	633.443163143819	1714.30168466868	2629.24399436397	1491.09490987353
EHI_058320A	27.2151732246859	21.2917818172343	35.9219067368914	74.6719907238329	155.54495995033	72.5429868408931	16.1372430182378	12.5987324297832	56.4454303791522	44.9265269085586	94.8405869395577	104.859767226011
EHI_065820A	620.612271402133	988.735733324309	1880.2270070173	579.032837414169	561.038059894539	253.776505392525	284.194779821188	466.15309990198	5058.13773342069	253.007283116619	244.14408519094	609.94346276491
EHI_066770A	414.071254414239	76.7696499603577	116.518132128374	515.424037951436	623.876389230526	767.907932276874	710.935206303477	133.186599971994	47.0378586492935	845.328072095247	1019.77106352831	285.482088782856
EHI_067520A	2482.7244513035	361.73897182357	1106.30623701557	2316.17807097553	3642.15800658298	2388.2500958062	2397.27710170933	357.264055330282	1041.10460477103	2134.60116666849	3344.77396711588	2019.23677412182
EHI_068480A	4692.35885035346	8494.50904856148	11556.2204664982	4716.67759852189	3336.3456234192	2231.0005046297	2785.46744764805	5183.47848539654	21684.4528373243	2672.53721254728	1882.72650310706	3755.18747552834
EHI_069200A	49.7414887962104	153.018995788016	175.547422266809	56.322233995776	11.4939142516453	15.3993682811583	8.0686215091189	27.8971932373772	1705.90634034771	8.86707767932077	0.939015712272848	125.721919867835
EHI_073540A	11.3171071304383	40.9082509447052	18.1475366680337	6.278172142928	4.13175395205598	4.99380771920554	25.1023780283699	102.589678356806	3.13585724328623	11.8227702390944	6.57310998590994	0
EHI_083260A	44.9867766654147	16.7595409701718	5.15805338194396	47.0533314658004	55.3344208636788	267.468009507882	109.374647123612	39.5960162078902	0	109.360624711623	128.64515258138	57.6454217734614
EHI_083270A	944.863485964649	199.938915492499	647.960500200922	2274.52467868292	2474.18750309966	1439.29654260327	1378.83776455832	297.870031018447	338.672582274913	3171.45811663706	3436.79750691862	676.921952825504
EHI_083410A	944.863485964649	199.938915492499	647.960500200922	2274.52467868292	2474.18750309966	1439.29654260327	1378.83776455832	297.870031018447	338.672582274913	3171.45811663706	3436.79750691862	676.921952825504
EHI_083560A	191.484343983638	141.662752171127	7.8833961687077	52.8936098501039	130.416532005401	1558.03314058844	682.246774271054	517.447939080383	0	176.750415074461	440.398369055966	205.327502316901
EHI_086060A	7.56716310487147	123.871801285021	78.3836845583701	20.5137647910085	7.64482532824221	6.23178892178887	0	17.0982797261344	1085.00660617704	1.77341553586416	0	65.3314780099229
EHI_086080A	164.699213428799	46.7552517601908	91.7667913206338	202.081161858384	496.305561575647	282.90440788237	187.371321711761	53.0946580969437	65.8530021090109	219.903526447155	540.87305026916	185.563357708857
EHI_086530A	37.378182142524	24.7356802795491	14.151223965063	54.5179191457402	70.5157237201	125.148539932851	50.2047560567399	33.2966499929986	6.27171448657247	70.9366214345662	92.0235398027391	60.939445874802
EHI_086540A	23.4191280150014	13.3292697100066	16.1521691713885	52.0006616034482	47.3017159049994	51.9168548005673	21.5163240243171	11.698822970513	12.5434289731449	47.8822194683322	43.194722764551	40.0772932329779
EHI_087760A	86.8172319318034	77.694264437305	138.659292049381	46.0388544254628	21.3635733689907	21.8502926171598	19.7232970222907	17.9981891854046	925.077886769439	9.45821619127549	3.75606284909139	125.172915850945
EHI_088020A	187.8463547761	189.214201820891	91.6755041317405	232.969886429253	426.554037894578	577.290612067779	315.57275235665	326.667133715094	37.6302869194348	374.190678067337	684.542454246906	219.601606756043
EHI_088600A	1554.97615475149	4.14428328244234	7.70903367096402	4.07987611432153	4.13914590259352	37.4695447341584	471.566101532949	0	31.3585724328623	0	0	157.564152847461
EHI_090020A	8157.17163743872	1232.73994975006	7145.69764867738	12492.3772620657	25244.9491403375	7770.913103451	6540.06598989138	1014.19796059755	8767.85685222831	9561.07429235561	19248.8830858811	8557.87461528301
EHI_090270A	484.139756005836	328.888742838556	1086.16348791552	338.630005719856	299.144940133888	121.971030955665	266.264509800924	185.381348609668	2251.54550067952	177.341553586416	155.876608237293	224.542642908054
EHI_092430A	6650.24599999066	643.954014590458	2090.38580158613	6461.97464778675	9331.26232321611	7216.9738935595	7525.3343275049	746.924851194293	1574.20033612969	6979.57241064936	10040.8950113336	4881.74371818684
EHI_092470A	10450.6401027744	1977.98873190615	5737.13224461943	12892.0636366698	17927.2334787862	11708.0858041104	9293.25895150295	1806.11828475536	6080.42719473201	10943.1561333057	15159.4696589329	11138.7424986834
EHI_092720A	7.01984311025528	8.09803427838898	6.44542812710341	14.5861930578679	42.9430610446895	29.5060822796583	3.58605400405285	4.49954729635116	6.27171448657247	8.86707767932077	29.1094870804583	33.4892450302966
EHI_093580A	403.113997562175	138.893386497079	188.393889608895	412.056096427355	618.132120231509	616.056211854972	356.812373403258	125.087414838562	197.559006327033	348.180583541329	521.153720311431	584.140273971075
EHI_093840A	11.2908603413195	9.10153380358292	10.6387347080161	26.8136097137603	32.5371300262664	27.2909192584106	8.0686215091189	6.29936621489162	9.4075717298587	20.6898479184151	25.3534242313669	24.7051807600549
EHI_095070A	14.6041690052429	12.7890900472089	10.9438582283138	31.4745467091655	37.2170889734928	38.4294835328576	22.4128375253303	19.7980081039451	3.13585724328623	49.0644964922416	58.2189741609166	13.1760964053626
EHI_095830A	120.0936201557	36.6128923614625	127.843759029466	334.664504217029	421.904632008677	193.80806926621	84.2722690952419	25.1974648595665	181.879720110602	226.997188590612	285.460776530946	248.698819651219
EHI_097930A	46.5411325248765	20.9250901387301	18.3654979640789	59.6553477188374	103.000505076339	127.469929668665	49.3082425557266	21.5978270224856	12.5434289731449	60.887266731336	106.108775486832	87.8406427024173
EHI_098190A	63.8209311005585	50.138918283363	33.0385742508629	100.167383270719	129.134915810461	186.039826039397	66.3419990749777	53.0946580969437	25.0868579462899	100.493547032302	129.584168293653	134.505984138077
EHI_098440A	319.758772614262	789.518730543207	879.723653495493	210.668295599923	249.619412682163	112.654181904379	684.03980127308	1740.42489422863	266.54786567933	429.166559679125	507.068484627338	29.6462169120658
EHI_098800A	225.259036024597	231.074241195936	189.274115281998	419.914990638108	555.013324668541	553.785544731898	231.300483261409	243.875463462233	159.928719407598	413.205819856348	544.629113118252	423.282097022273
EHI_099860A	32.3385105939134	33.3796986165824	78.2449823563074	143.121156708752	312.638189670116	92.0744329637707	15.2407295172246	16.1983702668642	175.608005624029	69.163205898702	152.120545388201	186.112361725747
EHI_100350A	3.69738475218445	10.8053834552005	2.74136384519738	20.5063781043774	42.6871201311936	78.6265534476981	2.68954050303963	12.5987324297832	0	24.2366789901434	52.5848798872795	40.0772932329779
EHI_103310A	576.016588037307	106.420048575902	281.163299250826	1079.33818593997	1694.24529189167	1040.02425080156	1069.54060670876	200.679809417262	103.483289028446	1915.28877873329	2996.39913786266	346.970538674548
EHI_103370A	31.2084124198879	15.3520856199951	30.0186235706839	92.0574738331422	87.7650075630727	62.6221744554329	26.8954050303963	12.5987324297832	28.2227151895761	79.2125606019323	75.1212569818278	54.9004016890108
EHI_103400A	38.6533020305175	94.9333797344217	54.0987754425131	9.18686830284907	8.62492644829564	9.96676886365273	23.3093510263435	61.1938432303758	87.8040028120145	4.13796958368303	3.75606284909139	12.6270923884725
EHI_105140A	5316.21168392651	1834.72417582534	5132.93698551544	8697.73510650962	14077.5197234003	6634.33790511742	4286.23104834416	1519.04716724815	6246.62762862618	6694.64364788718	10794.9246282887	7246.85302294943
EHI_105280A	22.9708645070775	7.48653908637461	4.11500506875184	42.6887021852281	54.1716967369305	157.32266161082	43.9291615496474	12.5987324297832	0	80.3948376258417	102.35271263774	45.0183293849889
EHI_105350A	180.175766468523	469.056422621301	568.746806594279	219.861786865677	86.0455348989315	85.4871423141479	32.2744860364756	88.1911270084828	5528.51631991363	37.832864765102	14.0852356840927	737.861398700306
EHI_105860A	144.456561235227	367.248773994431	407.806544092147	143.706047338331	61.4442661502353	65.7090079379518	22.4128375253303	60.2939337711056	4760.2312953085	21.2809864303699	8.45114141045563	679.117968893064
EHI_106670A	1666.46150306056	414.700729697112	587.090242143954	1562.33097436937	1895.80407048377	2270.91091496785	1991.15648575034	507.548935028411	407.66144162721	1781.69147503152	2154.10204395391	1419.72438767782
EHI_107100A	52.6413285882613	46.6817560847344	45.9422838559396	98.0323429234717	110.138668240755	105.916779679955	55.5838370628191	50.394929719133	34.4944296761486	100.493547032302	112.681885472742	73.5665382632745
EHI_108500A	59437.6542088816	57239.5420091727	148422.592585439	50688.3636213464	60503.6954744563	22875.3333933564	30470.700872437	30156.8658896047	342974.978412702	24802.9896845961	29492.6054910656	47439.4370994743
EHI_110360A	305.037027249565	398.114845925219	258.266523783206	523.576277527926	685.170732551148	770.401614563467	310.193671350571	416.658079642117	222.645864273323	509.561397304967	664.823124289176	599.512386443998
EHI_110720A	1096.76517396673	1092.89000221221	471.946952644827	1262.15928596589	1461.41149190352	2904.43838589738	1420.97389910594	1455.15359563997	291.63472362562	1561.19681007241	1801.03213613932	1618.46384179204
EHI_110740A	1311.89746546953	1863.98339175057	3391.94268341018	1103.31672786034	1478.06252359919	450.588315794374	6306.07596612693	9210.57331563083	329.265010545054	5061.3279393563	6756.21804980314	38.4302811823076
EHI_111050A	1017.19211966115	379.087762844971	414.327720797553	956.058208967457	1497.01345090507	1593.94514045613	1696.203543917	647.934810674567	178.743862867315	1521.59052977145	2374.77073633803	620.923543102713
EHI_111760A	5031.64708904877	1998.78331290007	4332.26298134751	8799.41410524517	10561.9686746597	6806.16226034591	4720.14358283456	1925.8062428383	4255.35827913942	7880.46750286835	9423.02267265803	6001.16290862577
EHI_112990A	159.859270469236	95.2072541639562	21.933843602222	153.897707436335	167.097729988629	665.135525999935	1251.53284741444	762.223312001887	0	1149.76440575193	1244.19581876152	27.9992048613955
EHI_113950A	230.591337881309	603.018465522966	1041.29503588573	80.605732750199	417.239123747403	57.2442139525914	462.600966522817	1248.17442000781	344.944296761486	152.513736084317	798.163355431921	15.9211164898131
EHI_114920A	792.39501870331	29.5175740693136	248.809646822885	1317.08096648143	2744.27865628637	1114.03276053082	730.658503325767	26.0973743188367	247.732722219612	1160.40489896711	2410.4533334044	1001.93233082445
EHI_117850A	2693.7379541759	433.593400326837	2091.84742396799	4841.09011175468	8476.42768594067	3209.34964302377	2419.68993923466	398.659890456713	2182.55664132722	4152.15690796994	7243.56720447275	3006.34599649023
EHI_118170A	332.242847237317	141.341743514316	15.097729933775	287.748606830857	343.507816293642	3559.59274434041	1973.22621573008	858.513624143801	0	1630.36001597111	1940.0064615557	228.934675043175
EHI_118640A	13.2807825932583	10.4066595894866	7.47644935962957	24.9069858358986	29.3484981395327	44.8048138287168	7.17210800810569	5.39945675562139	9.4075717298587	14.1873242869132	16.9022828209113	62.5864579254723
EHI_122780A	3450.06883847468	3123.74062625589	5199.0891330284	2205.70685155994	2292.64051913626	1470.564537938	1962.46805371792	1825.9162928593	10357.7364745744	1197.0554867083	1239.50074020016	2627.53322483606
EHI_124880A	44.7645521946284	52.6855678568259	22.6068740952396	79.9621039010807	124.367166348148	209.176784975914	42.1361345476209	51.2948391784032	18.8151434597174	73.3011754823851	114.559916897287	170.740249252824
EHI_126110A	2320.77308260188	1122.37833876333	590.636311125793	2183.29113672008	2270.74789728011	5506.48650612215	3424.68157387047	1700.82887802074	304.178152598765	3075.10253918844	3186.08031174177	2556.71170665723
EHI_126210A	61.5662603984637	34.8736120424867	65.3727269228327	136.036624920262	203.063301990581	113.146828404927	55.5838370628191	31.4968310744581	62.7171448657247	119.409979414853	178.412985331841	98.8207230402195
EHI_126870A	36816.2795931382	1787.91622819909	21908.793565955	48944.9687468747	64707.53579991	20309.8884837993	32077.2530662527	1599.1391091232	23910.9114800575	40705.2067946899	53608.4070136569	19893.70955603
EHI_126980A	8.5333312513401	16.7507638223212	12.805627218102	47.1064657217885	151.504430577593	76.2923238602642	5.37908100607927	12.5987324297832	12.5434289731449	36.0594492292378	119.254995458652	76.8605623646152
EHI_127360A	8.88506828346859	10.0141830755255	2.78015320541682	16.5893565648804	18.9938767858925	73.9868516259973	9.86164851114533	11.698822970513	0	19.5075708945057	22.5363770945484	36.7832691316373
EHI_130260A	6577.70262592043	1.3653870738169	5.75965606985316	5949.6113305061	7945.91870026735	57041.0016566781	18157.0879360206	0	0	15675.8110600152	20856.4779852922	10935.6110124341
EHI_131940A	5280.99907675312	1574.73762339528	3186.50389304083	6757.42095730332	9072.16358376763	6924.70093319301	4514.84199110253	1382.26092943908	3568.60554285973	5514.73117802557	7375.96841990322	6962.46894220035
EHI_132040A	411.74859818291	797.414905044306	578.428362286606	328.067965092408	234.543924803085	274.306707086005	301.228536340439	601.139518792515	799.643597037989	228.770604126476	162.449718223203	339.284482438087
EHI_134490A	346.993715631693	105.413870849885	196.085630519033	436.296911523009	610.359758834235	472.64470244939	388.190345938721	119.687958082941	147.385290434453	466.408285932273	650.737888605084	321.167349880713
EHI_134810A	356.698577935809	216.979934537118	385.707476224522	917.447429263253	1142.86056617082	728.257745528477	283.298266320175	176.382254016966	473.514443736221	698.134582618522	866.711502427839	804.290884744009
EHI_134840A	27.8620649703185	25.0151507263402	21.0744470727402	57.7555013326095	119.044233314082	103.732553794359	19.7232970222907	17.9981891854046	25.0868579462899	40.7885573248756	85.4504298168292	119.133871665154
EHI_135060A	1008.91531319324	319.184069233372	955.052747832572	1691.36942648835	3239.63997130246	1407.35377259546	670.592098757882	216.878179684126	1520.89076299382	1074.09867622172	2050.8103156039	2012.64872591914
EHI_135090A	476.752265643029	926.417728977764	721.369321653878	427.547718643254	185.733216556372	306.602572701145	105.788593119559	212.378632387775	5356.04417153289	90.4441923290719	38.4996442031868	2039.00091872986
EHI_139570.mRNA	779.155484490428	374.254328981653	346.557135467578	673.344850623497	1326.7601161072	1207.21510401152	2303.14318410294	1134.78582813976	65.8530021090109	1899.32803891051	3731.6484405723	208.621526418241
EHI_140540A	4577.16137234346	2276.18105795968	2905.97895701038	8275.35667829144	8437.75735550281	8913.96124550315	4425.19064100121	2260.57256168682	2734.4675161456	7638.10071296692	7758.14781479827	7531.7861077154
EHI_140550A	2373.5335104284	298.583768716739	807.791398076303	2474.16333145314	3459.77999717579	2893.24178850031	2485.13542480862	319.467858040932	677.345164549826	2472.73239550659	3445.24864832908	2181.74196312129
EHI_140640A	18.6012146173981	1.86656167384718	2.34708477375836	19.475683125694	46.6896818076907	80.141007258111	18.8267835212774	0	0	18.916432382551	47.8898013259153	53.2533896383405
EHI_140770A	4.75328449286304	4.09569370060137	2.92132614934822	10.6315270804229	25.5421192673499	25.7987561408913	4.48256750506606	3.59963783708093	0	12.4139087510491	32.8655499295497	10.9800803378022
EHI_141940A	8630.03282396651	3231.35181669499	5234.45431900862	11664.450676034	16603.3707135282	13149.3232065158	9956.67894225273	3830.01465865411	3838.28926578235	12846.031003288	18215.965802381	8656.14633430634
EHI_142710A	52.5314461375075	22.2154433342234	12.1488868323004	87.6203480317919	72.5729542110983	205.454888877044	95.0304311074004	39.5960162078902	3.13585724328623	153.104874596272	125.828105444562	67.5274940774833
EHI_146950A	98.1861883372764	101.890689694024	44.4558257659459	146.177037001958	177.111313896922	335.506241383601	128.201430644889	136.786237809075	25.0868579462899	183.252938705963	221.607708096392	179.524313523065
EHI_148470A	373.530289248105	179.340554306774	310.382157362695	420.335167172352	1076.96475761337	549.742316600041	310.193671350571	152.084698616669	357.487725734631	333.402120742461	853.565282456019	569.866169531932
EHI_150100A	4.67962475752827	32.1190845412179	24.5336769210318	4.65995521102044	4.72765201135823	2.9168271244478	0	7.19927567416186	144.249433191167	0	0	9.88207230402195
EHI_150530A	11.4835934897682	11.2767909458788	7.62342315392513	25.7735561475764	25.5258779201396	36.6156064732505	12.551189014185	12.5987324297832	3.13585724328623	29.5569255977359	29.1094870804583	19.2151405911538
EHI_151390A	267.398257859369	240.923780786447	208.395551376809	485.777517151114	458.246204005339	561.287176227959	228.610942758369	211.478722928505	228.917578759895	397.836218545525	373.728253484593	556.69007312657
EHI_152080A	4580.19199243656	1819.29722697211	2017.47485188718	4568.24711422877	6951.62500976686	7594.12678299035	5082.3350372439	2073.39139415861	1561.65690715654	4838.46872034937	7335.59074427549	5280.32063444906
EHI_152380A	12.1578695672578	6.50702586820762	2.63481665643687	12.767787010474	26.2433318498544	77.7348760927591	13.4477025151982	6.29936621489162	0	13.5961857749585	30.0485027927311	42.2733093005383
EHI_152670A	227.628461158076	87.363712507416	200.184370814792	421.987423658938	437.401049634988	299.519277380247	173.923619196563	67.4932094452674	257.140293949471	309.165441752318	319.265342172768	346.421534657658
EHI_152800A	138.555209247059	75.9308268098919	141.640504155142	375.294136225164	1121.28369401226	433.721476305196	171.234078693523	95.3904026826446	90.9398600553008	446.309576525812	1332.46329571517	253.09085178634
EHI_153250A	16.3728072814891	4.27665640843706	3.28103573268299	17.4691736250113	34.1823208249959	66.0259784100964	24.2058645273567	4.49954729635116	0	24.8278175020982	50.7068484627338	25.254184776945
EHI_153540A	13215.3652043291	14499.2448181213	21898.781327057	7619.45611804248	7414.40225324144	4952.51146421889	7182.86617011785	8099.18513343209	46573.7517772871	3952.35209092925	3831.18410607322	9451.10415076321
EHI_153650A	25.8533595040377	14.1423674310376	11.6448591295978	48.1218733283501	53.5112025972586	82.4465114459031	22.4128375253303	11.698822970513	9.4075717298587	41.3796958368303	46.0117699013696	70.821518178824
EHI_153940.mRNA	4.66438719863427	5.62288343632169	3.46317376385494	11.2188866557598	16.4214033598873	19.570734489647	5.37908100607927	7.19927567416186	0	15.9607398227774	24.414408519094	6.03904418579119
EHI_155420A	405.749682006244	90.065706500837	197.046631364554	440.134811391813	715.864899202414	511.847640230043	449.153264007619	100.789859438266	150.521147677739	465.226008908363	754.96863266737	353.55858687723
EHI_155680A	83.1366048465664	73.7944353015906	157.222867728012	417.930422099063	753.186002875382	273.510302048933	66.3419990749777	60.2939337711056	185.015577353888	325.126181575095	585.006788745984	290.423124934867
EHI_158570A	3900.96107296705	365.670516042948	5166.42836078637	4871.79712986263	21800.1035913896	2476.50675186382	2144.4602944236	205.179356713613	10803.0282031211	2556.67406420416	11401.5287784169	4646.22099494099
EHI_159680A	18.2145121065596	28.5851795901142	23.0113690455306	52.0196124063055	72.8719032147283	56.1467127932773	21.5163240243171	35.9963783708093	12.5434289731449	62.6606822672001	88.2674769536477	29.6462169120658
EHI_159820A	35.1004828272615	21.2761357692081	4.19184648746251	44.3561121443968	51.833538560425	335.627128934242	69.9280530790305	42.2957445857009	0	85.1239457214794	99.5356655009219	94.9776949219887
EHI_160740A	645.615072938957	114.836189384048	224.438079369353	610.252336562725	948.87322795281	868.787288516218	713.624746806516	128.687052675643	172.472148380743	643.749839518688	998.173702146037	603.904418579119
EHI_160980A	5568.96731074794	4326.07242662023	3531.29810869876	8932.67984114162	11471.3408920544	12568.7069815583	8967.82455063516	7158.7797484947	1614.96648029241	13731.5564941962	17567.1059452004	5162.28477081769
EHI_161040A	933.865755952504	247.437065137641	370.721969062148	769.272752548164	1258.26902937423	1178.24327816428	1186.08736184048	321.267676959473	235.189293246467	932.225433352591	1520.26643816974	674.176932741053
EHI_162230A	1.5179426869394	11.0145906101222	3.7041523794843	19.9483439556018	48.572388820039	23.0249184488249	0	17.9981891854046	0	32.5126181575095	82.6333826800106	6.5880482026813
EHI_165810.mRNA	1278.60235134163	2124.6972868259	801.290156884514	543.209272205671	380.640199221544	936.624812657773	916.236798035502	1565.8424591302	1147.72375104276	370.643846995608	258.229320875033	1204.5148130569
EHI_166970A	11.9782768856304	20.3043287289061	25.2900915554949	6.27411094980141	5.71302410164821	4.20640979485747	3.58605400405285	7.19927567416186	75.2605738388696	1.18227702390944	0.939015712272848	8.23506025335162
EHI_167060A	286.787445570615	399.310710395712	122.089310815259	452.057817236196	530.899088168808	1293.95581949295	299.435509338413	429.256812071901	100.347431785159	451.629823133405	528.665846009613	970.639101861712
EHI_167080A	4657.34296291798	5726.0906947802	8946.93630665082	5040.39467605761	2446.07248128645	2093.99039283538	2694.0230705447	3404.35748441929	17413.4152719684	2783.08011428281	1344.67049997472	3655.81774847123
EHI_167270A	5316.21168392651	1834.72417582534	5132.93698551544	8697.73510650962	14077.5197234003	6634.33790511742	4286.23104834416	1519.04716724815	6246.62762862618	6694.64364788718	10794.9246282887	7246.85302294943
EHI_168340A	90623.2300857465	92236.0734640426	291628.158496125	60930.1735733661	130119.357313684	30816.3862757848	32894.8733791768	34408.0381751973	1098083.13088154	21110.1474004149	44910.3044708735	104136.728935766
EHI_169310A	40.7082320485169	44.2389616277748	218.038191396128	26.9836666151384	20.9855399181551	4.65154106069113	93.237404105374	104.389497275347	56.4454303791522	57.9315741715624	44.1337384768239	0
EHI_170050A	368.085645488948	99.1506072996401	133.283911352262	402.277063323941	536.91475818119	598.412919423672	569.286073143389	155.68433645375	62.7171448657247	594.094204514492	790.651229733738	257.482883921461
EHI_170060A	377.208267663436	106.536783459248	327.452853696824	634.051405584549	810.449014922614	430.364947678527	308.400644348545	88.1911270084828	385.710440924207	495.965211530009	631.957574359627	455.67333401879
EHI_170130A	100.412411041931	14.6248277406033	6.42819059543041	77.5325001373717	101.039877358435	486.423736268939	300.332022839426	41.3958351264307	0	220.49466495911	287.338807955491	80.7035904828459
EHI_172280A	19.4709435577077	14.0944792643342	42.5074706439598	97.4699959982158	257.891500355827	58.3818890118177	15.2407295172246	10.7989135112428	43.9020014060073	79.803699113887	213.156566685936	54.9004016890108
EHI_174180A	414.071254414239	76.7696499603577	116.518132128374	515.424037951436	623.876389230526	767.907932276874	710.935206303477	133.186599971994	47.0378586492935	845.328072095247	1019.77106352831	285.482088782856
EHI_174880A	11.8294998995127	7.79850491051342	5.09289604720442	18.2647610266269	32.2647948689995	48.2020554590517	8.96513501013212	5.39945675562139	3.13585724328623	14.1873242869132	26.2924399436397	42.2733093005383
EHI_176140A	448586.490939198	473086.017648315	840708.081286521	236723.338513474	476440.616889921	194514.48012504	221059.609539335	239592.794345566	2054475.68808244	111347.441250303	223245.351498596	426616.198416847
EHI_177460A	18.7029969345985	10.5514378874035	4.0852831668715	56.7079490498746	31.6614891185017	152.117746266842	34.9640265395153	18.8980986446749	0	106.996070663804	58.2189741609166	43.9203213512087
EHI_177520A	767.560806120267	301.45451966617	679.644367619869	1330.13389171664	2462.6621125853	1226.71097454586	752.174827350085	302.369578314798	624.03559141396	1245.52884468859	2298.71046364393	1012.36340714536
EHI_178340A	374.436987876371	444.291955825434	653.203871451971	1604.4995107237	6626.48371695495	2035.40005603723	269.850563804977	329.366862092905	921.942029526153	1108.97584842705	4567.37242449513	2583.06389946796
EHI_178640A	113.711820407097	83.8499242614021	34.4101135582283	6.86740223821892	6.96716739412869	22.1744491316717	17.033756519251	12.5987324297832	401.389727140638	0	0	228.385671026285
EHI_178770A	20.9095847129652	28.8351933082242	38.4492422045331	11.7527760334121	7.11792655424017	6.70158727268688	5.37908100607927	8.09918513343209	169.336291137457	2.36455404781887	0.939015712272848	22.5091646924944
EHI_179000A	3535.1475357214	1918.77693590339	1900.584806115	4008.81848199773	5782.90113337746	6231.19024366383	3847.8359463487	2145.38415090023	1511.48319126396	4165.16195523295	5986.22516573941	4451.324568945
EHI_179390A	92.5713274174411	58.483164851931	221.248126111734	360.511574798674	628.382994682231	165.078132020122	46.618702052687	29.6970121559177	498.601301682511	177.341553586416	308.936169337767	333.245438252296
EHI_181610A	184.15769019032	328.862316039868	252.186887671192	68.5870619607119	64.6476389126821	59.9686344687393	234.886537265461	432.856449908982	156.792862164312	82.1682531617058	76.9992884063735	32.3912369965164
EHI_182850A	8659.77521380171	3162.9573623745	3496.37213990804	11659.4387409145	13260.0622216528	16851.0521829136	12686.562552838	4760.52103953953	1828.20477283587	16304.782436735	18472.3170918315	7913.34389945402
EHI_183460A	2723.57949802653	1836.1587295836	4328.44135851853	1262.64738482366	1653.30494311199	790.429039290343	1326.83998149955	918.807557914907	10730.9034865255	586.409403859081	765.297805502371	1756.26385003146
EHI_186720A	7287.92113657212	1188.26701899077	4389.78581434677	10195.9428893835	13396.5470366731	7427.82109259905	7706.43005470957	1289.57025513424	3640.73025945532	10291.7214931316	13471.1194082663	5530.11746213406
EHI_186840A	1483.33274054101	1359.55125745626	7987.60017759021	1283.60425662027	2143.91547520817	364.311697494498	245.64469927762	231.27673103245	90660.7687606483	202.760509600468	338.045656418225	3700.83607785622
EHI_186950A	124.39314857144	97.6664596326193	116.080570216094	256.27884945722	291.033243703041	250.903448610973	112.064187626651	89.9909459270232	116.026718001591	222.268080494974	251.656210889123	227.287662992505
EHI_188960A	1593.66893970187	1265.9759472968	1539.00939032656	4971.06160871251	7382.14915927167	5396.14311951988	1486.4193846799	1213.07795109627	1520.89076299382	4429.4008700767	6553.39065595221	4790.60905138308
EHI_192800A	6118.34613361192	2144.53547247143	6232.83744208053	2190.27605248167	2926.43326781521	1527.46585664552	3422.88854686844	1231.97604974095	12719.036978769	1168.68083813448	1555.94903523611	2795.52845400443
EHI_194240A	159.901730022721	284.407481109064	836.281061803448	141.545536960986	145.01169824571	47.1406807450787	19.7232970222907	36.8962878300795	13430.8765729949	16.5518783347321	16.9022828209113	665.392868470811
EHI_197480A	15737.7529810698	1501.65639333989	9391.34065088421	18064.67771625	29647.0011955183	11865.4289252769	12231.1336943232	1197.77949028868	12044.8276714624	13401.1100660135	21910.0536144624	13658.670936209
EHI_197990A	1346.65185441734	2451.34968542329	3397.78458425985	1065.72366262525	1701.30008438675	602.229954761519	3455.16303290492	6466.74937431589	802.779454281276	2609.28539176813	4151.38846395826	126.819927901615
EHI_198580A	522.136898479561	260.26574397266	223.139119210585	434.9129076514	892.022072074641	968.957071272544	581.837262157574	296.970121559177	169.336291137457	462.27031634859	946.527837971031	665.392868470811
EHI_198670A	237423.894589113	312392.286647432	814699.346607927	195231.053620357	307273.890285697	87905.9578838243	104820.358538465	141740.239382358	2325768.10577086	82271.111262786	128990.710363497	225223.407888998
EHI_199150A	3.4833623324412	160.420854714363	13.7200457804399	3.46872095392226	3.51911227727444	5.23101972213268	0	61.1938432303758	43.9020014060073	0	0	12.6270923884725
EHI_199650A	9.03004763168461	10.8382288264465	7.99886528188168	24.7651435932177	27.3256206470484	31.8079874610447	6.27559450709248	8.09918513343209	6.27171448657247	19.5075708945057	21.5973613822755	27.9992048613955
EHI_201200A	109.808426818698	85.7022928581253	103.083074727222	217.417604160707	304.182626724148	233.558868458168	100.40951211348	80.0919418750507	100.347431785159	191.528877873329	267.619477997762	206.425510350681
EHI_201940A	24.1579584178878	16.9520870578904	8.46027090643217	41.3726082801092	51.9831850441702	93.5089492939103	86.9618095982815	61.1938432303758	0	145.420073940861	183.108063893205	10.4310763209121
EHI_202040A	1545.50200318555	1935.81751630999	4468.92492023912	1369.95108049337	1955.48078613506	669.468672557028	763.829502863256	983.601038982364	10843.7943472838	646.114393566507	919.296382315118	1455.40964877568
EHI_202460A	126.236525813633	68.2547960166932	113.734466984964	226.982448151925	520.679452053037	240.969607720003	261.781942295858	143.985513483237	34.4944296761486	451.629823133405	1035.73433063695	66.9784900605932
