pEhEx_mean	CmasM_mean	theta	prob	log2FC	CmasM_1	CmasM_2	CmasM_3	pEhEx_1	pEhEx_2	pEhEx_3	CmasM_1	CmasM_2	CmasM_3	pEhEx_1	pEhEx_2	pEhEx_3	DE	Regulation
EHI_006680A	51.9104070562744	0.0567869977169972	3.09486124530402	1	9.83624744570226	0	0	0	80	60	14	0.702946227720328	0.62104029176141	0.388310730432889	68.4231201407052	79.1036129234305	11.2436588985871	100	UP_pEhEx_DOWN_CmasM
EHI_044830A	26685.9194094686	54956.2935556991	-2.48947007037668	1	-1.04220598971969	42643	40630	69947	36062	26602	18706	59951.4719773559	50465.7341085322	54322.3413231786	30843.4319814264	35071.9051831516	15023.1345254978	100	DOWN_pEhEx_UP_CmasM
EHI_188960A	7520.62614600554	2469.68412282354	2.26640789601417	1	1.60652625136137	1117	2996	2743	7493	6979	8726	1570.38187272721	3721.27342823437	2130.27266715483	6408.6804901788	9201.06857654369	7008.01196779077	100	UP_pEhEx_DOWN_CmasM
EHI_158270A	3393.89242343343	7236.55632989048	-2.4369167862456	1	-1.09236248696771	5573	5158	9573	4054	2776	3834	7835.03865417078	6406.6516498107	7434.5972448681	3467.34161313023	3659.86049125738	3079.15630122735	100	DOWN_pEhEx_UP_CmasM
EHI_007510A	17632.7669342702	49765.6078435923	-2.18107769684093	1	-1.49689018472789	37582	39449	61094	37214	15620	1967	52836.2502603708	48998.8369393917	47446.9115301339	31828.7249114525	20593.3072310664	1579.73407525148	100	DOWN_pEhEx_UP_CmasM
EHI_089770A	42.3832123884773	0.0567869977169972	3.9061505329725	0.999999999999982	9.54371658433369	0	0	0	51	35	47	0.702946227720328	0.62104029176141	0.388310730432889	43.6197390896995	46.1437742053345	37.7465691595423	100	UP_pEhEx_DOWN_CmasM
EHI_007620A	4266.92007632323	11706.1577848728	-1.8569524514629	0.999963965242094	-1.45600063691401	9342	9300	13481	8869	3753	653	13133.8473187266	11551.3494267622	10469.6339139316	7585.55815659893	4947.93098836058	524.436375769811	100	DOWN_pEhEx_UP_CmasM
EHI_163670A	5516.32892109771	1812.64039382895	1.55166217172182	0.999830996059067	1.60561574268945	1116	1427	2673	3643	4428	9302	1568.97598027177	1772.44899268706	2075.90916489423	3115.81783340736	5837.84663374917	7470.60821961835	99.98	UP_pEhEx_DOWN_CmasM
EHI_148190A	3168.85283542359	800.646085126662	1.33336064952656	0.999729057068961	1.98472409648631	346	686	1348	1695	2191	6277	486.438789582467	852.067280296654	1046.88572924707	1449.71485798119	2888.60026525394	5041.17477903079	99.97	UP_pEhEx_DOWN_CmasM
EHI_178340A	3918.41427017021	750.998895951651	1.55838753710615	0.999630401168039	2.3833872411253	287	544	1479	1876	4864	4705	403.491134711468	675.691837436414	1148.62314062049	1604.52216729954	6412.66622099277	3778.67250841801	99.96	UP_pEhEx_DOWN_CmasM
EHI_103510A	3837.95924770145	1382.51391129242	1.34552694819749	0.999521296136628	1.47304539537319	389	1560	2117	2698	3823	5180	546.892165166415	1937.6457102956	1644.10763265285	2307.56972674528	5040.21853677125	4160.15379247722	99.95	UP_pEhEx_DOWN_CmasM
EHI_090020A	17640.091569903	7166.11550828449	1.3111961634798	0.998456955403996	1.29959484677947	1166	9083	10922	16174	20499	15588	1639.27060304381	11281.8179401378	8482.25959557604	13833.4443144471	27025.74935529	12519.0110650839	99.85	UP_pEhEx_DOWN_CmasM
EHI_158570A	8760.9865482555	2231.71716210761	1.30759102264675	0.997939187564684	1.97293913849967	215	2298	4457	4325	12142	8463	302.266877919741	2854.30118093544	3461.40185107878	3699.12493260687	16007.9344686049	6796.79180419588	99.79	UP_pEhEx_DOWN_CmasM
EHI_105140A	11774.0884964333	5384.65465803414	1.57874870971027	0.996818354041657	1.12868965002306	1721	6103	7852	11325	11496	13200	2419.54091581337	7580.41780123977	6098.0317107181	9686.14794491857	15156.2522361293	10601.1641043821	99.68	UP_pEhEx_DOWN_CmasM
EHI_167270A	11774.0884964333	5384.65465803414	1.57874870971027	0.996818354041657	1.12868965002306	1721	6103	7852	11325	11496	13200	2419.54091581337	7580.41780123977	6098.0317107181	9686.14794491857	15156.2522361293	10601.1641043821	99.68	UP_pEhEx_DOWN_CmasM
EHI_092110A	3100.38052353732	291.790818773772	1.14282772986933	0.995546311236835	3.40943890022297	203	132	538	260	295	10349	285.396168454453	163.954637025012	417.822345945789	222.375140457292	388.926096873533	8311.47328153411	99.55	UP_pEhEx_DOWN_CmasM
EHI_040310A	1891.20687583806	702.7847075097	1.14133218102727	0.995228017454797	1.42815248185481	403	867	613	1757	1241	3103	566.574659542585	1076.88386591428	476.068955510723	1502.74277609024	1636.12639396629	2492.07668302255	99.52	UP_pEhEx_DOWN_CmasM
EHI_176820A	3427.00808018762	730.740739554506	1.14069083235959	0.995088441529858	2.22951804699901	389	464	1350	1125	1655	8582	546.892165166415	576.325390754588	1048.4389721688	962.200126978666	2181.94132313796	6892.36290483388	99.51	UP_pEhEx_DOWN_CmasM
EHI_039020A	1213.58281433731	193.119438250544	1.17804693352134	0.994918399679402	2.6517072709135	26	138	465	248	1359	2014	36.5532038414571	171.407120526149	361.128979302587	212.111672436186	1791.6968327157	1617.48064441103	99.49	UP_pEhEx_DOWN_CmasM
EHI_025600A	63105.4212891107	149086.78977477	-1.62004705583973	0.992676196051378	-1.24031657417089	92546	94263	253476	90687	70620	27104	130109.723181211	117082.242044612	196854.901414414	77563.5937025016	93104.9524108777	21767.7236276646	99.27	DOWN_pEhEx_UP_CmasM
EHI_119540A	8908.34940977279	2132.50266131834	1.18811317444495	0.991352534883344	2.0626106036741	719	1458	4495	3831	4262	21464	1010.83667546183	1810.95349077627	3490.91346659168	3276.61216573802	5618.99330466101	17238.1353285195	99.14	UP_pEhEx_DOWN_CmasM
EHI_098470A	3442.5140517058	152.870645125783	1.18953523386622	0.9907374160971	4.493079237244	0	376	0	486	7755	0	0.702946227720328	467.02229940458	0.388310730432889	415.670454854784	10224.1419703534	0.40155924637811	99.07	UP_pEhEx_DOWN_CmasM
EHI_058090A	6397.81823513391	1613.26110492979	1.28362414817443	0.990645044691381	1.98760004907739	882	1398	2376	3209	3393	14453	1239.99714569866	1736.4286557649	1845.25259101709	2744.62240664404	4473.30931081999	11607.4715758056	99.06	UP_pEhEx_DOWN_CmasM
EHI_010020A	1799.07113228501	306.195405276451	1.28207101833798	0.989927894124005	2.55472769024164	131	202	609	610	1264	3885	184.171911662726	250.90027787161	472.962469667259	521.726291072877	1666.44944558694	3120.11534435791	98.99	UP_pEhEx_DOWN_CmasM
EHI_013220A	2038.07846933295	852.723588388131	1.12028737983676	0.989870199093063	1.25705952797212	333	852	1313	1690	1738	2938	468.162187661739	1058.25265716144	1019.70397811677	1445.4384129724	2291.36798768204	2359.56213171777	98.99	UP_pEhEx_DOWN_CmasM
EHI_179390A	394.483439964765	80.6034415504891	1.09124351423355	0.989154038592257	2.29105139417546	37	77	120	300	329	607	52.0180208513043	95.6402049312571	93.1945753038935	256.586700527644	433.751477530144	487.492925103025	98.92	UP_pEhEx_DOWN_CmasM
EHI_010030A	888.835663864866	258.75721943022	1.05041545122805	0.989005403417866	1.78031759000179	71	273	428	704	770	1296	99.8183643362866	339.08799930173	332.393985250553	602.123457238205	1015.16303251736	1040.84156661206	98.9	UP_pEhEx_DOWN_CmasM
EHI_017750A	1538.4951322878	392.710859129633	1.10890057134735	0.98806306359133	1.96998048240874	159	313	715	950	880	3200	223.536900415064	388.771222642643	555.284344519032	812.524551670874	1160.18632287698	2569.9791768199	98.81	UP_pEhEx_DOWN_CmasM
EHI_025850A	7755.68838637457	17129.024408293	-1.48141806535099	0.985159671701949	-1.14311624029875	11171	14940	21990	14656	7892	1022	15705.2246197276	18556.6839178309	17077.9059244385	12535.1156097772	10404.7618865286	820.787099596856	98.52	DOWN_pEhEx_UP_CmasM
EHI_117850A	6791.37884973146	3041.80659233307	1.04397332413739	0.985135554449146	1.15877608887796	498	4560	3566	7024	7714	5476	700.134442809447	5663.88746086406	2769.43212944737	6007.54994835391	10170.0878348557	4397.87686633306	98.51	UP_pEhEx_DOWN_CmasM
EHI_134810A	1135.03552674318	431.389828497122	1.04387489067389	0.985064975649379	1.39567338924322	149	483	619	1181	923	1465	209.477975860658	599.924921841522	480.728684275917	1010.09631107716	1216.87724547211	1176.56859188786	98.51	UP_pEhEx_DOWN_CmasM
EHI_144610A	2373.14709986655	805.000958076604	1.26922222400061	0.983309336091821	1.55973912359162	363	870	1057	1654	1930	3877	510.338961324958	1080.61010766485	820.888884135128	1414.64800890908	2544.49954903701	3113.69039641586	98.33	UP_pEhEx_DOWN_CmasM
EHI_169350A	6160.61056128172	918.209108534887	1.26863816887112	0.982996855519429	2.74617869095749	175	275	2699	1248	3834	14895	246.031179702115	341.572160468775	2096.10132287674	1067.400674195	5054.72086580721	11962.4499496039	98.3	UP_pEhEx_DOWN_CmasM
EHI_135060A	2467.92580623836	842.150645246222	1.22131975597602	0.975312810579995	1.5511487900296	188	709	1738	1817	2184	3666	264.307781622843	880.635133717679	1349.76809898472	1554.06011619577	2879.37151041287	2944.2323944443	97.53	UP_pEhEx_DOWN_CmasM
EHI_114920A	2155.9021811918	571.522177156715	1.24578310689672	0.973396631037159	1.91541033430561	40	713	979	1963	2567	1825	56.2356982176263	885.60345605177	760.312410187598	1678.93231045255	3384.3162395741	1465.6912492801	97.34	UP_pEhEx_DOWN_CmasM
EHI_147570A	3338.58581517634	1638.59015557451	1.24304127564345	0.972875288808939	1.02678207136421	808	1384	2618	3071	3069	4173	1135.96110399605	1719.03952759558	2033.19498454661	2626.59252440132	4046.14980103347	3351.4134702717	97.29	UP_pEhEx_DOWN_CmasM
EHI_167310A	10158.1531545912	4211.48981975926	1.02814593601397	0.971155927337979	1.27023554690175	927	3105	9380	5302	7576	19413	1303.26230619349	3856.66021183836	7284.70930292101	4534.74228732523	9988.14952513182	15590.9392998765	97.12	UP_pEhEx_DOWN_CmasM
EHI_197990A	3185.80707206133	7208.88554057795	-1.18051406099352	0.969013768554921	-1.17811734096012	3852	6327	10649	4414	4421	231	5415.49773835741	7858.64385194888	8270.24193675968	3775.24565376341	5828.6178789081	185.520371826687	96.9	DOWN_pEhEx_UP_CmasM
EHI_110740A	5484.99822142913	13000.5107619844	-1.18789246011823	0.968216146778292	-1.24500524680738	6330	15024	14798	8562	7195	70	8899.29924293936	18661.0186868468	11492.4443778918	7322.98443305897	9485.84158306804	56.2182944929354	96.82	DOWN_pEhEx_UP_CmasM
EHI_075040A	15.2868703763968	233.521192954683	-1.02984013643388	0.968023265501589	-3.93318850155194	117	223	331	1	1	52	164.489417286557	276.983970125589	257.061703546573	0.855289001758814	1.31839354872384	41.7621616233234	96.8	DOWN_pEhEx_UP_CmasM
EHI_195110A	11.5314597633352	513.312815056836	-1.16925638703028	0.967983394533655	-5.47619121854057	1073	0	72	0	0	41	1508.52260468782	0.62104029176141	55.9167451823361	0.427644500879407	0.659196774361921	32.927858203005	96.8	DOWN_pEhEx_UP_CmasM
EHI_023400A	831.326715703783	3165.85744225712	-1.04680378687494	0.967860920951399	-1.9291088125797	4388	2413	614	1723	438	578	6169.0560944736	2997.14044804056	476.845576971588	1473.66295003044	577.456374341043	464.202488813095	96.79	DOWN_pEhEx_UP_CmasM
EHI_157010A	515.25157271999	1470.535684565	-1.02877539096616	0.967836593872356	-1.51299288515207	1270	581	2416	787	466	343	1785.48341840963	721.648819026758	1876.31744945172	673.112444384187	614.37139370531	275.469643015383	96.78	DOWN_pEhEx_UP_CmasM
EHI_131230A	583.3613215346	1766.43228221726	-1.16088151451809	0.966322192591992	-1.59837680340917	1024	1704	2240	680	844	118	1439.63387437123	2116.50531432288	1739.63207233935	581.596521195994	1112.72415512292	94.7679821452339	96.63	DOWN_pEhEx_UP_CmasM
EHI_118270A	62596.1754564046	14221.2847689816	1.68194097604794	0.959968614282069	2.13802270733748	3177	12339	28792	25137	58145	109725	4466.52033093497	15326.0323200881	22360.4851012475	21499.3996372113	76657.9928905478	88122.1766176762	96	UP_pEhEx_DOWN_CmasM
EHI_148240A	1973.24485202527	291.844618340617	0.964703569860073	0.957267586856183	2.75729761533921	180	94	635	399	190	6350	253.060641979318	116.755574851145	493.15462764977	341.260311701767	250.49477425753	5099.80242900199	95.73	UP_pEhEx_DOWN_CmasM
EHI_110570A	775.074999415489	212.18636157196	0.813591841876374	0.957044267362755	1.8690039892014	82	142	434	341	397	1820	115.283181346134	176.37544286024	337.053714015748	291.653549599756	523.402238843365	1461.67565681632	95.7	UP_pEhEx_DOWN_CmasM
EHI_166410A	25.9767540090181	3.13114991740824	0.814854922318325	0.957042613728735	3.05245667590441	0	5	4	33	9	46	0.702946227720328	6.2104029176141	3.10648584346312	28.2245370580409	11.8655419385146	36.9434506667861	95.7	UP_pEhEx_DOWN_CmasM
EHI_197840A	2580.35554222246	1123.51184085358	0.959144030797858	0.957034693531182	1.1995545361478	589	869	1856	1876	1627	4855	828.070656254547	1079.36802708133	1441.40943136689	1604.52216729954	2145.02630377369	3899.14028233145	95.7	UP_pEhEx_DOWN_CmasM
EHI_198930A	1566.82610500309	778.906842614178	0.811224601410419	0.957020800721896	1.00832237329387	312	630	1410	1232	1361	2288	438.638446097485	782.510767619376	1095.03625982075	1053.71605016686	1794.33361981315	1837.53511142623	95.7	UP_pEhEx_DOWN_CmasM
EHI_194430A	154.718778708014	30.2559763509279	0.818186829257816	0.956983693280485	2.35435626602379	8	27	58	92	117	282	11.2471396435253	33.5361757551161	45.0440447302152	78.6865881618109	154.252045200689	226.479414957254	95.7	UP_pEhEx_DOWN_CmasM
EHI_186840A	2139.67703781075	500.124939204868	0.80660261631159	0.956864268545301	2.09703259980685	262	190	1124	343	360	6741	368.343823325452	235.995310869336	872.922522013136	293.364127603273	474.621677540583	5413.82175966967	95.69	UP_pEhEx_DOWN_CmasM
EHI_035670A	428.355042512834	99.1164346985159	0.96882384287965	0.956829741977462	2.11161087314344	75	59	151	284	294	797	105.441934158049	73.2827544278464	117.269840590733	242.902076499503	387.607703324809	640.085438726707	95.68	UP_pEhEx_DOWN_CmasM
EHI_025360A	851.447218826381	277.777813545777	0.805573588740742	0.956809613889236	1.61598572597623	180	199	424	545	379	1916	253.060641979318	247.174036121041	329.28749940709	466.132505958554	499.671154966336	1538.77503212092	95.68	UP_pEhEx_DOWN_CmasM
EHI_112880A	513.190286992219	115.730979950525	0.805042876982231	0.956780841021091	2.14871875496497	45	114	181	209	195	1325	63.2651604948296	141.597186521601	140.568484416706	178.755401367592	257.086742001149	1064.13200290199	95.68	UP_pEhEx_DOWN_CmasM
EHI_099860A	196.888369462635	35.1083721490338	0.823740945010683	0.956731476352137	2.48749088104019	6	24	84	117	162	339	8.43535473264394	29.8099340045477	65.2362027127254	100.068813205781	213.579754893262	272.257169044358	95.67	UP_pEhEx_DOWN_CmasM
EHI_126980A	110.485104887485	15.8727932050916	0.829029022369605	0.956340051828714	2.79922395196516	21	0	23	61	127	140	29.5237415642538	0.62104029176141	17.8622935999129	52.1726291072877	167.435980687928	112.436588985871	95.63	UP_pEhEx_DOWN_CmasM
EHI_156660A	15598.2396097814	7304.48617259238	1.01134597677059	0.956233661562312	1.09452852157333	3553	5119	13342	12553	7754	31302	4995.13589418065	6358.21050705331	10361.6835308712	10736.4428390784	10222.8235768047	25139.2150602552	95.62	UP_pEhEx_DOWN_CmasM
EHI_187780A	255.523611555045	45.1026925932807	0.796085087568885	0.956085056916118	2.5021711401093	16	28	98	99	118	633	22.4942792870505	34.778256338639	76.1089031648463	84.6736111741226	155.570438749413	508.374005914687	95.61	UP_pEhEx_DOWN_CmasM
EHI_135090A	1101.70930518189	184.929888200654	0.833045935393136	0.955975472531056	2.57469329172578	144	57	355	153	41	3714	202.448513583455	70.7985932608007	275.700618607352	130.859217269099	54.0541354976775	2982.7820820966	95.6	UP_pEhEx_DOWN_CmasM
EHI_024690A	752.796318276876	114.087164240681	0.833248591703164	0.955955874025941	2.7221230867434	84	38	223	97	44	2521	118.094966257015	47.1990621738671	173.186585773069	82.963033170605	58.009316143849	2024.66172023843	95.6	UP_pEhEx_DOWN_CmasM
EHI_177520A	2150.81942255387	949.362055170258	0.953831668773345	0.955874766551331	1.17985611146812	353	1124	1227	2107	2448	1844	496.280036770552	1396.09857587965	952.914532482311	1802.09392670582	3227.42740727596	1480.95050064247	95.59	UP_pEhEx_DOWN_CmasM
EHI_148470A	836.551654298927	325.963990168168	0.836621890816068	0.955619799518528	1.35974202853577	183	246	527	564	909	1038	257.27831934564	305.551823546614	409.279509876266	482.382996991971	1198.41973578997	833.636995480956	95.56	UP_pEhEx_DOWN_CmasM
EHI_017660A	441.600329602619	94.1100043541878	0.974354013916985	0.955592582328427	2.23032124715388	20	105	157	293	452	595	28.1178491088131	130.418461269896	121.929569355927	250.599677515333	595.913884023176	477.855503189951	95.56	UP_pEhEx_DOWN_CmasM
EHI_010350A	524.121823014767	83.1767991805309	0.790833605341529	0.955589906606837	2.6556491069418	42	34	186	119	43	1685	59.0474831285076	42.2307398397759	144.451591721035	101.779391209299	56.6909225951252	1353.25466029423	95.56	UP_pEhEx_DOWN_CmasM
EHI_076020A	874.639877937843	363.14738945109	0.790682791110385	0.955575716624959	1.26813391848043	124	487	402	789	696	1273	174.330664474641	604.893244175613	312.201827268043	674.823022387705	917.601909911794	1022.36984127867	95.56	UP_pEhEx_DOWN_CmasM
EHI_131210A	922.418716978584	148.966022708609	0.838903857993727	0.955384368031249	2.6304384798257	122	51	268	142	44	3081	171.51887956376	63.3461097596638	208.134551512029	121.451038249752	58.009316143849	2474.40807618191	95.54	UP_pEhEx_DOWN_CmasM
EHI_095830A	364.16753771359	121.779569314371	0.788490860408078	0.955372789588556	1.58033020882823	42	125	192	384	304	453	59.0474831285076	155.260072940352	149.11132048623	328.430976675385	400.791638812048	363.812677218567	95.54	UP_pEhEx_DOWN_CmasM
EHI_054480A	739.732633336945	117.924412755505	0.839221301470063	0.955351219875906	2.64914150524573	72	65	217	153	43	2420	101.224256791727	80.7352379289833	168.526857007874	130.859217269099	56.6909225951252	1943.54675247005	95.54	UP_pEhEx_DOWN_CmasM
EHI_074380A	52.4052873350137	5.83893430131275	0.78752631008501	0.955286512139072	3.16593539378978	0	11	5	49	71	30	0.702946227720328	13.662886418751	3.8831073043289	41.9091610861819	93.6059419593928	24.0935547826866	95.53	UP_pEhEx_DOWN_CmasM
EHI_068170A	928.702533267329	374.029789007514	0.840459806682916	0.955221718754656	1.31206339439273	211	316	552	613	749	1561	296.643308097979	392.497464393211	428.69504639791	524.292158078153	987.476767994157	1253.66796719246	95.52	UP_pEhEx_DOWN_CmasM
EHI_030820A	2202.88115297174	995.216527673628	0.783064934135498	0.954923740063415	1.14630931291943	557	626	1801	1418	1199	4617	783.082097680446	777.542445285285	1398.69525101927	1212.799804494	1580.75386491989	3707.99808105547	95.49	UP_pEhEx_DOWN_CmasM
EHI_176150A	356.272650430702	55.4438257505555	0.782900543385604	0.954912080535871	2.68388302275115	30	27	114	78	59	1103	42.1767736632197	33.5361757551161	88.5348465386988	66.7125421371875	77.7852193747067	885.83969751011	95.49	UP_pEhEx_DOWN_CmasM
EHI_105860A	360.765724011594	49.1854786196962	0.75289459818127	0.954665517141362	2.87475792972477	32	10	113	36	9	1237	44.988558574101	12.4208058352282	87.758225077833	30.7904040633173	11.8655419385146	993.457575539443	95.47	UP_pEhEx_DOWN_CmasM
EHI_062790A	489.232999275343	110.050997742861	0.75341786539625	0.954664078529069	2.15234949339947	62	51	226	189	148	1331	87.1653322373207	63.3461097596638	175.516450155666	161.649621332416	195.122245211129	1068.95071385853	95.47	UP_pEhEx_DOWN_CmasM
EHI_006810A	1313.90948557225	422.596483214943	0.846077513847922	0.954629178183673	1.63651322615489	265	242	752	699	599	3077	372.561500691774	300.583501212522	584.019338571066	597.847012229411	789.717735685581	2471.19560221089	95.46	UP_pEhEx_DOWN_CmasM
EHI_180390A	121.25534337286	12.9592745603629	0.757637210070478	0.954607940761116	3.22599145829014	7	18	9	19	266	9	9.8412471880846	22.3574505034108	6.98959314779201	16.2504910334175	350.692683960542	7.22806643480597	95.46	UP_pEhEx_DOWN_CmasM
EHI_093910A	147.86798029993	25.0027533849352	0.758877728109268	0.954582017934892	2.56415079844319	13	19	42	32	68	392	18.2766019207285	23.5995310869336	32.6181013563627	27.3692480562821	89.6507613132212	314.822449160438	95.46	UP_pEhEx_DOWN_CmasM
EHI_069560A	1427.58140960234	469.172473564776	0.759330644548028	0.954571948173582	1.60538274163109	323	234	838	563	513	3749	454.103263107332	290.64685654434	650.808784205523	481.527707990212	676.335890495331	3010.89122934307	95.46	UP_pEhEx_DOWN_CmasM
EHI_073360A	253.271621987344	37.6875913870285	0.747202448632877	0.954561089595152	2.74852393777699	30	25	51	46	16	833	42.1767736632197	31.0520145880705	39.6076945041547	39.3432940809055	21.0942967795815	668.997704465931	95.46	UP_pEhEx_DOWN_CmasM
EHI_067090A	389.036337799169	52.5140343900368	0.759909240691104	0.954559027415639	2.88912997585149	29	11	129	23	24	1328	40.770881207779	13.662886418751	100.184168451685	19.6716470404527	31.6414451693722	1066.54135838026	95.46	UP_pEhEx_DOWN_CmasM
EHI_054490A	415.044424226638	63.5210251440332	0.760438770529893	0.954547075777768	2.70795966246092	54	23	109	54	14	1405	75.9181925937955	28.5678534210249	84.6517392343699	46.185606094976	18.4575096821338	1128.38148232249	95.45	UP_pEhEx_DOWN_CmasM
EHI_112800A	369.226587044823	110.047262562367	0.760904074859337	0.954536500365258	1.7463831829566	47	109	164	250	225	725	66.0769454057109	135.386783603987	127.365919581988	213.822250439704	296.638548462864	582.260907248259	95.45	UP_pEhEx_DOWN_CmasM
EHI_129370A	281.954493142673	36.1560418812596	0.761550730467625	0.954521733069082	2.96315367847024	25	13	72	29	5	969	35.1473113860164	16.1470475857967	55.9167451823361	24.8033810510056	6.59196774361921	778.221819480777	95.45	UP_pEhEx_DOWN_CmasM
EHI_156310A	843.024717690063	262.634926525336	0.847287913036936	0.954500842027389	1.68251614606066	116	176	512	266	968	1269	163.083524831116	218.606182700016	397.630187963279	227.506874467845	1276.20495516468	1019.15736730764	95.45	UP_pEhEx_DOWN_CmasM
EHI_155680A	567.972560847292	182.706836599401	0.763827672297337	0.954474385318889	1.63629061547377	27	276	216	550	623	529	37.9590962968977	342.814241052298	167.750235547008	470.408950967348	821.359180854953	424.84968266804	95.45	UP_pEhEx_DOWN_CmasM
EHI_005960A	164.878326945552	24.3750649570971	0.773846679017484	0.954468953508971	2.75792380212221	14	15	44	36	52	473	19.6824943761692	18.6312087528423	34.1713442780943	30.7904040633173	68.5564645336398	379.875047073692	95.45	UP_pEhEx_DOWN_CmasM
EHI_006960A	24.792749960182	7.42987894427744	0.773622592963017	0.954464215573423	1.73850769092784	5	6	10	25	22	30	7.02946227720328	7.45248350113692	7.76621460865779	21.3822250439704	29.0046580719245	24.0935547826866	95.45	UP_pEhEx_DOWN_CmasM
EHI_069590A	2805.80349844767	1043.58262280719	0.773335522102889	0.954458159558863	1.42686914837374	643	770	1616	1382	821	7378	903.988848848342	956.402049312571	1255.0202807591	1182.00940043068	1082.40110350227	5925.40823955539	95.45	UP_pEhEx_DOWN_CmasM
EHI_198610A	1769.77043466857	807.554414767711	0.764729880254258	0.954457236210884	1.13193085350145	604	606	1053	1082	1001	3709	849.159043086157	752.700833614829	817.782398291665	925.422699903037	1319.71194227257	2978.76648963282	95.45	UP_pEhEx_DOWN_CmasM
EHI_087570A	7621.90012552044	2831.45757863582	1.40162872366397	0.954444393884045	1.42860578845449	683	2910	4961	5229	6267	12431	960.224547065969	3614.45449805141	3852.81906735513	4472.30619019684	8262.37236985232	9983.56598345256	95.44	UP_pEhEx_DOWN_CmasM
EHI_138790A	139.223406354416	17.4230924001822	0.766483744713349	0.954432745974558	2.99832916497175	8	8	39	38	28	416	11.2471396435253	9.93664466818256	30.2882369737654	32.500982066835	36.9150193642676	334.097292986587	95.44	UP_pEhEx_DOWN_CmasM
EHI_178620A	274.074234206184	47.7938392546079	0.767243036529585	0.954425602270593	2.51967013807752	33	20	91	59	99	768	46.3944510295417	24.8416116704564	70.6725529387859	50.4620511037701	130.52096132366	616.795002436776	95.44	UP_pEhEx_DOWN_CmasM
EHI_044610A	66.0703840165737	9.52143167334239	0.743940346442992	0.954368484512959	2.79475330676041	4	5	21	19	32	168	5.62356982176263	6.2104029176141	16.3090506781814	16.2504910334175	42.1885935591629	134.923906783045	95.44	UP_pEhEx_DOWN_CmasM
EHI_137720A	3061.04996004943	866.757078919646	0.949400529833747	0.954283600502394	1.82032697232062	726	458	1288	1266	1121	7948	1020.67792264992	568.872907253451	1000.28844159512	1082.79587622666	1477.91916811943	6383.18578042643	95.43	UP_pEhEx_DOWN_CmasM
EHI_118670A	222.792561852276	44.9000152007897	0.853330496022954	0.953850088582856	2.31091322919606	9	48	79	138	182	380	12.6530320989659	59.6198680090953	61.3530954083965	118.029882242716	239.947625867739	305.185027247363	95.39	UP_pEhEx_DOWN_CmasM
EHI_049360A	103.34060934683	10.6636107842229	0.738135241549394	0.953720768642477	3.2766393616787	10	3	18	5	3	359	14.0589245544066	3.72624175056846	13.979186295584	4.27644500879407	3.95518064617152	288.319538899483	95.37	UP_pEhEx_DOWN_CmasM
EHI_040820A	199.651788681384	23.8065598191956	0.737719936915974	0.953655096339315	3.06805493384639	14	5	57	33	4	673	19.6824943761692	6.2104029176141	44.2674232693494	28.2245370580409	5.27357419489537	540.498745624936	95.37	UP_pEhEx_DOWN_CmasM
EHI_031240A	446.501469064089	99.6419163841969	0.855070706155854	0.953654635034938	2.1638402481657	62	77	148	191	226	1058	87.1653322373207	95.6402049312571	114.939976208135	163.360199335934	297.956942011588	849.69936533608	95.37	UP_pEhEx_DOWN_CmasM
EHI_062500A	218.741097158906	55.5031723736129	0.737554688881022	0.953629027589436	1.97858216143319	21	38	113	157	137	415	29.5237415642538	47.1990621738671	87.758225077833	134.280373276134	180.619916175166	333.294174493831	95.36	UP_pEhEx_DOWN_CmasM
EHI_048170A	1779.74612321926	200.154892839971	0.947610403438911	0.953502315105231	3.15248267033057	102	13	550	145	24	6166	143.401030454947	16.1470475857967	427.141803476178	124.016905255028	31.6414451693722	4952.02862633485	95.35	UP_pEhEx_DOWN_CmasM
EHI_197020A	407.621625070312	46.9022273862774	0.857657641260367	0.95335166185678	3.11950224808374	27	16	104	60	40	1333	37.9590962968977	19.8732893363651	80.768631930041	51.3173401055289	52.7357419489537	1070.55695084404	95.34	UP_pEhEx_DOWN_CmasM
EHI_193470A	82.6002102962086	5.15739475173651	0.859900707052177	0.953071764140138	4.00143107460139	0	8	7	13	5	274	0.702946227720328	9.93664466818256	5.43635022606045	11.1187570228646	6.59196774361921	220.054467015204	95.31	UP_pEhEx_DOWN_CmasM
EHI_200720A	82.6002102962086	5.15739475173651	0.859900707052177	0.953071764140138	4.00143107460139	0	8	7	13	5	274	0.702946227720328	9.93664466818256	5.43635022606045	11.1187570228646	6.59196774361921	220.054467015204	95.31	UP_pEhEx_DOWN_CmasM
EHI_099720A	319.455230310632	75.0625891614051	0.731651547549943	0.952469757243319	2.08944780088054	37	68	113	105	143	817	52.0180208513043	84.4614796795517	87.758225077833	89.8053451846755	188.530277467509	656.147808581831	95.25	UP_pEhEx_DOWN_CmasM
EHI_174910A	1340.1735023997	549.570908870974	0.945264922937524	0.952392994273683	1.28604224458667	263	466	889	940	1181	2045	369.749715780893	578.809551921634	690.416478709678	803.971661653286	1557.02278104286	1642.37731768647	95.24	UP_pEhEx_DOWN_CmasM
EHI_104360A	1641.02071026302	627.78787300677	0.945095907943402	0.952311663651465	1.38624438056178	286	463	1145	1006	1231	2976	402.085242256028	575.083310171065	889.231572691317	860.420735769367	1622.94245847905	2390.08063444251	95.23	UP_pEhEx_DOWN_CmasM
EHI_014400A	1445.26932614184	586.35646282112	0.73040936280538	0.952170550537091	1.30148847226844	314	377	1073	850	656	3308	441.450231008366	468.264379988103	833.314827508981	726.995651494992	864.86616796284	2656.71597403757	95.22	UP_pEhEx_DOWN_CmasM
EHI_012020A	1103.14930468784	2507.83442132702	-0.991974863799439	0.951758191428352	-1.18481403364904	1566	1796	3930	1752	1336	153	2201.62758522007	2230.77672800698	3052.12234120251	1498.46633108144	1761.37378109505	122.877129391702	95.18	DOWN_pEhEx_UP_CmasM
EHI_169280A	1485.70350597006	669.821082432926	0.86882844251684	0.951699823745395	1.14929854324578	370	640	890	1184	978	2629	520.180208513043	794.931573454605	691.193100170543	1012.66217808244	1289.38889065192	2111.3985174561	95.17	UP_pEhEx_DOWN_CmasM
EHI_141810A	667.769481642919	281.278447913611	0.726232084299739	0.951017298315169	1.24735114608728	142	248	428	537	448	1164	199.636728672573	308.035984713659	332.393985250553	459.290193944483	590.640309828281	934.829925568239	95.1	UP_pEhEx_DOWN_CmasM
EHI_001940A	1838.70499157902	689.084110457727	0.992051067625968	0.950952653066743	1.41593803122298	206	713	1132	1316	1251	3341	289.613845820775	885.60345605177	879.135493700062	1125.5603263146	1649.31032945353	2683.21888429853	95.1	UP_pEhEx_DOWN_CmasM
EHI_158070A	199.342864544927	28.7746818905219	0.724903867863611	0.950610207863066	2.79238008085982	23	11	51	27	23	649	32.3355264751351	13.662886418751	39.6076945041547	23.092803047488	30.3230516206484	521.223901798786	95.06	UP_pEhEx_DOWN_CmasM
EHI_174220A	672.930268190047	282.104942546216	0.723656312758205	0.950213882258996	1.25422507206234	207	232	344	519	418	1246	291.019738276216	288.162695377294	267.157782537828	443.894991912825	551.088503366566	1000.68564197425	95.02	UP_pEhEx_DOWN_CmasM
