pEhEx_mean	U2AF84_mean	theta	prob	log2FC	U2AF84_1	U2AF84_2	pEhEx_1	pEhEx_2	U2AF84_1	U2AF84_2	pEhEx_1	pEhEx_2	DE	Regulation
EHI_004430A	61.2452785659729	0.0579762708474589	5.85321666597689	1	10.0449203755847	0	0	79	61	0.573633966341356	0.579149527131624	56.2643325986988	66.9865203844038	100	UP_pEhEx_DOWN_U2AF84
EHI_022010A	3917.41021692703	1778.77281229319	1.97377923362505	1	1.13901795091357	1177	1883	5923	3332	1350.33435676755	2181.0771191777	4218.4005314189	3659.00140853825	100	UP_pEhEx_DOWN_U2AF84
EHI_041880A	17.5865910906198	0.0579762708474589	5.30341251545194	1	8.24479760947042	0	0	25	16	0.573633966341356	0.579149527131624	17.805168543892	17.5702348549256	100	UP_pEhEx_DOWN_U2AF84
EHI_073410A	9.34615430688983	0.0579762708474589	3.70636625252279	1	7.33276650707739	0	0	11	10	0.573633966341356	0.579149527131624	7.8342741593125	10.9813967843285	100	UP_pEhEx_DOWN_U2AF84
EHI_089770A	37.1587431139726	0.0579762708474589	5.93356274079422	1	9.32402344909423	0	0	51	35	0.573633966341356	0.579149527131624	36.3225438295398	38.4348887451497	100	UP_pEhEx_DOWN_U2AF84
EHI_140640A	39.0911795042916	0.0579762708474589	3.53564048676814	1	9.39716486132748	0	0	32	51	0.573633966341356	0.579149527131624	22.7906157361818	56.0051236000753	100	UP_pEhEx_DOWN_U2AF84
EHI_156660A	8678.50934165624	3997.61910640345	5.60442987921745	1	1.11830624191639	3568	3330	12553	7754	4093.45198381191	3857.13585069662	8940.33122925907	8514.97506656831	100	UP_pEhEx_DOWN_U2AF84
EHI_195110A	0.0449518903185059	419.47152868059	-4.66814521179097	1	-13.1879034864009	559	169	0	0	641.322774369636	195.752540170489	0.356103370877841	0.549069839216425	100	DOWN_pEhEx_UP_U2AF84
EHI_098470A	4385.90067666195	0.0579762708474589	4.39522551599228	1	16.2070510761879	0	0	486	7755	0.573633966341356	0.579149527131624	346.132476493261	8516.07320624675	100	UP_pEhEx_DOWN_U2AF84
EHI_033240A	14.0480230555302	0.0579762708474589	3.01931215659341	1	7.92068886310994	0	0	12	18	0.573633966341356	0.579149527131624	8.54648090106818	19.7665142117913	100	UP_pEhEx_DOWN_U2AF84
EHI_155900A	112.292671108234	0.0579762708474589	3.97226485742681	0.999999999999999	10.9195136121656	0	0	82	153	0.573633966341356	0.579149527131624	58.4009528239659	168.015370800226	100	UP_pEhEx_DOWN_U2AF84
EHI_188960A	6457.25383965602	2292.12166481345	2.08497652584356	0.999999999999999	1.49423711791312	1556	2388	7493	6979	1785.1489032543	2766.01814158064	5336.56511597532	7663.91681578285	100	UP_pEhEx_DOWN_U2AF84
EHI_192030A	0.0449518903185059	12.1284269763705	-3.09957435944637	0.999999999999998	-8.07579494839464	14	7	0	0	16.061751057558	8.10809337984274	0.356103370877841	0.549069839216425	100	DOWN_pEhEx_UP_U2AF84
EHI_186720A	13987.6947793157	5958.4767281916	1.81085496357519	0.999999999999998	1.23114275989833	3225	7009	17410	14346	3699.93908290175	8118.5180713311	12399.5193739664	15753.9118267977	100	UP_pEhEx_DOWN_U2AF84
EHI_015310A	10803.4191732335	4777.6829696733	1.83729925210174	0.999999999999997	1.17710495320415	3206	5014	12746	11539	3678.14099218077	5807.71145807593	9077.78713041792	12671.4337494366	100	UP_pEhEx_DOWN_U2AF84
EHI_083270A	3897.07686595128	1360.5532720441	1.88008621668853	0.999999999999997	1.51819894153397	568	1765	5365	3660	651.64818576378	2044.39783077463	3820.98916951923	4019.19122306423	100	UP_pEhEx_DOWN_U2AF84
EHI_083410A	3897.07686595128	1360.5532720441	1.88008621668853	0.999999999999997	1.51819894153397	568	1765	5365	3660	651.64818576378	2044.39783077463	3820.98916951923	4019.19122306423	100	UP_pEhEx_DOWN_U2AF84
EHI_199150A	0.0449518903185059	15.7001830304097	-3.41038416896749	0.999999999999996	-8.44818387732322	10	17	0	0	11.4726793268271	19.6910839224752	0.356103370877841	0.549069839216425	100	DOWN_pEhEx_UP_U2AF84
EHI_123020A	0.0449518903185059	29.4813740292403	-3.89336525105092	0.999999999999995	-9.35720626462255	32	19	0	0	36.7125738458468	22.0076820310017	0.356103370877841	0.549069839216425	100	DOWN_pEhEx_UP_U2AF84
EHI_111760A	10194.4828844739	4982.65417404146	2.32608261008969	0.999999999999994	1.03280224549405	3491	5085	13331	10035	4005.11235299535	5889.95069092862	9494.42807434499	11019.8316730736	100	UP_pEhEx_DOWN_U2AF84
EHI_029380A	0.0449518903185059	10.4623515534545	-3.27027357022088	0.999999999999992	-7.86260965242253	7	11	0	0	8.03087552877898	12.7412895968957	0.356103370877841	0.549069839216425	100	DOWN_pEhEx_UP_U2AF84
EHI_164840A	18.1682414473952	1.15952541694918	1.79742447890477	0.999999999999985	3.96981243451667	1	1	19	21	1.14726793268271	1.15829905426325	13.5319280933579	23.0609332470898	100	UP_pEhEx_DOWN_U2AF84
EHI_052120A	19.5337632297589	0.0579762708474589	4.24586570331751	0.999999999999968	8.39629166029329	0	0	32	15	0.573633966341356	0.579149527131624	22.7906157361818	16.4720951764927	100	UP_pEhEx_DOWN_U2AF84
EHI_105140A	10274.5008844456	3954.06051582707	1.73432367527614	0.999999985027413	1.37766145584381	2523	4277	11325	11496	2894.55699415848	4954.04505508391	8065.74135038309	12624.213743264	100	UP_pEhEx_DOWN_U2AF84
EHI_167270A	10274.5008844456	3954.06051582707	1.73432367527614	0.999999985027413	1.37766145584381	2523	4277	11325	11496	2894.55699415848	4954.04505508391	8065.74135038309	12624.213743264	100	UP_pEhEx_DOWN_U2AF84
EHI_141800A	1599.22132641413	550.426326273082	1.72883112769033	0.999999956262049	1.53874823709491	369	578	1890	1706	423.341867159921	669.496853364157	1346.07074191824	1873.42629140644	100	UP_pEhEx_DOWN_U2AF84
EHI_119540A	3678.35956993513	1186.29812558809	1.719285283881	0.99999977267834	1.63259589861982	839	1203	3831	4262	962.557795520795	1393.43376227869	2728.46402766602	4680.2713094808	100	UP_pEhEx_DOWN_U2AF84
EHI_157010A	533.155791832032	1118.35632573589	-1.78762481872787	0.999993532907184	-1.06875086129433	1009	921	787	466	1157.59334407686	1066.79342897645	560.506705761721	511.733090149708	100	DOWN_pEhEx_UP_U2AF84
EHI_126870A	55513.1989717573	23623.8648832343	1.69735459316124	0.99999311919392	1.23258582130223	11410	29134	68859	57090	13090.3271119097	33745.8846469055	49041.8440305545	62692.7942417314	100	UP_pEhEx_DOWN_U2AF84
EHI_092470A	15356.5444899099	7592.59987139397	1.68164564698442	0.99994501116958	1.01618773365211	4960	8100	18512	16144	5690.44894610625	9382.22233953231	13184.3712033812	17728.3669686199	99.99	UP_pEhEx_DOWN_U2AF84
EHI_049000A	5597.51661211676	2094.3422006347	1.65567034018016	0.999179395422709	1.41828971701708	951	2642	6747	5885	1091.05180398126	3060.2261013635	4805.25888662558	6462.55200757732	99.92	UP_pEhEx_DOWN_U2AF84
EHI_170060A	664.111300056406	221.015333444509	1.40123728928371	0.998709903446806	1.58727858330894	137	243	839	673	157.175706777532	281.466670185969	597.541456333017	739.048003585307	99.87	UP_pEhEx_DOWN_U2AF84
EHI_172280A	171.350167672661	19.1255136794334	1.40455626910765	0.998703665012039	3.16337720176629	17	16	135	227	19.5035548556061	18.532784868212	96.147910137017	249.277707004257	99.87	UP_pEhEx_DOWN_U2AF84
EHI_035670A	260.759352640928	44.1950798486282	1.41399609221144	0.998223492692741	2.56076132746853	28	48	284	294	32.1235021151159	55.5983546046359	202.266714658614	322.853065459258	99.82	UP_pEhEx_DOWN_U2AF84
EHI_010030A	668.777878854539	150.231754197426	1.64572805106174	0.998181892201066	2.15433734346355	124	135	704	770	142.261223652656	156.370372325538	501.393546196	845.567552393294	99.82	UP_pEhEx_DOWN_U2AF84
EHI_165810.mRNA	372.468634354188	963.206930461096	-1.60205535060183	0.998092181564814	-1.37072683150635	902	761	627	275	1034.83567527981	881.465580294332	446.553627080812	301.988411569034	99.81	DOWN_pEhEx_UP_U2AF84
EHI_023400A	850.95103168753	2349.50967447	-1.60734596678066	0.997859195662492	-1.46521168931373	2311	1748	1723	438	2651.33619242975	2024.70674685216	1227.13221604504	480.985179153588	99.79	DOWN_pEhEx_UP_U2AF84
EHI_148190A	1793.32681713536	587.598413406376	1.38558440640791	0.997558061374774	1.609736024377	440	572	1695	2191	504.797890380393	662.547059038578	1207.19042727588	2406.02403544637	99.76	UP_pEhEx_DOWN_U2AF84
EHI_010020A	903.70612420645	159.401466329372	1.37955675267116	0.996552840704691	2.50318879884654	140	135	610	1264	160.61751057558	156.370372325538	434.446112470966	1388.04855353912	99.66	UP_pEhEx_DOWN_U2AF84
EHI_135060A	1832.9286878621	532.819029034268	1.43425015684904	0.994911478357371	1.78243314462982	282	633	1817	2184	323.529557016525	733.203301348636	1294.07964977007	2398.33705769734	99.49	UP_pEhEx_DOWN_U2AF84
EHI_118270A	40531.0910162194	7486.11460257779	1.43445379105427	0.994864920070419	2.4367399710987	4325	8539	25137	58145	4961.93380885273	9890.71562435387	17902.7408675126	63851.331602478	99.49	UP_pEhEx_DOWN_U2AF84
EHI_163670A	3701.65505570379	1420.37798477273	1.44289922880095	0.992826230129525	1.38189555725079	1184	1265	3643	4428	1358.36523229633	1465.24830364301	2594.56916021595	4862.56249610066	99.28	UP_pEhEx_DOWN_U2AF84
EHI_169350A	2526.87358473717	291.172560081521	1.44356936152986	0.992659058423166	3.11740718208187	153	347	1248	3834	175.531993700455	401.929771829347	888.834013711091	4210.26752711154	99.27	UP_pEhEx_DOWN_U2AF84
EHI_096340A	2180.61532983162	1077.26495255942	1.45653994114027	0.989623880081899	1.01736217129304	880	977	2553	2342	1009.59578076079	1131.65817601519	1818.26381170225	2571.84312688973	98.96	UP_pEhEx_DOWN_U2AF84
EHI_177520A	2079.52485106672	761.178979170976	1.35046042400406	0.988312088270889	1.44994630021038	484	825	2107	2448	555.277679418432	955.59671976718	1500.61960487922	2688.24593280361	98.83	UP_pEhEx_DOWN_U2AF84
EHI_020080A	838.630883577036	368.395580789799	1.46564066115469	0.988067529820221	1.18678020490795	299	336	1073	841	343.033111872131	389.188482232451	764.197833903846	923.535469562026	98.81	UP_pEhEx_DOWN_U2AF84
EHI_188880A	83.9515564867895	6.95715250169506	1.4690792471137	0.98766622285455	3.592988223176	6	6	68	110	6.88360759609627	6.94979432557949	48.4300584393863	120.795364627613	98.77	UP_pEhEx_DOWN_U2AF84
EHI_030070A	18100.2655774496	9002.33784809176	1.4698538890034	0.987590225598697	1.00763925185975	5049	10417	22124	18829	5792.55579211501	12066.0012482603	15756.8619546027	20676.8720052121	98.76	UP_pEhEx_DOWN_U2AF84
EHI_017750A	816.057606628909	291.240550661083	1.47738152208315	0.987077347888258	1.48645975552761	236	266	950	880	270.75523211312	308.107548434024	676.596404667897	966.362917020907	98.71	UP_pEhEx_DOWN_U2AF84
EHI_114920A	2092.94119806615	457.062412742067	1.48197209898707	0.98692775154395	2.19506869252777	158	625	1963	2567	181.268333363868	723.93690891453	1398.0618340664	2818.92455453712	98.69	UP_pEhEx_DOWN_U2AF84
EHI_090020A	16890.6437409901	5442.11519843645	1.49128873032172	0.986771188771935	1.63398491266477	2808	6536	16174	20499	3221.52835497305	7570.64261866459	11519.2318411564	22510.765268195	98.68	UP_pEhEx_DOWN_U2AF84
EHI_048140A	1666.97312626097	368.793489226196	1.34094471069023	0.985476948189585	2.17634575502187	181	452	1320	2204	207.655495815571	523.551172526988	940.1128991175	2420.299851266	98.55	UP_pEhEx_DOWN_U2AF84
EHI_178340A	3309.86047553656	395.875944018802	1.52963496785783	0.984789562373506	3.06365009501556	217	463	1876	4864	248.957141392148	536.292462123884	1336.09984753366	5341.35139589738	98.48	UP_pEhEx_DOWN_U2AF84
EHI_155680A	534.128887615812	117.778353923305	1.53558757761889	0.984634567828669	2.18111349689467	95	108	550	623	108.990453604858	125.096297860431	391.713707965625	684.141019663665	98.46	UP_pEhEx_DOWN_U2AF84
EHI_134810A	921.602166022291	318.201769272304	1.53675537506823	0.984619281490339	1.534202250125	193	354	1181	923	221.422711007763	410.03786520919	841.11616201346	1013.58292319352	98.46	UP_pEhEx_DOWN_U2AF84
EHI_197480A	20741.3694867999	7756.80142818373	1.53827376192027	0.984599913407121	1.41897737920541	3594	9715	22670	23333	4123.28095006167	11252.8753121675	16145.7268356013	25622.8931168737	98.46	UP_pEhEx_DOWN_U2AF84
EHI_058090A	2984.9724482671	1236.89342948519	1.53854461564058	0.98459644071415	1.27099641194062	1047	1086	3209	3393	1201.1895255188	1257.91277292989	2285.47143429398	3725.98792892266	98.46	UP_pEhEx_DOWN_U2AF84
EHI_103310A	2886.26267604329	1033.10550618032	1.5916013234413	0.984028520961807	1.48221500676921	585	1190	3240	3191	671.151740619386	1378.37587457327	2307.54984328841	3504.16371387922	98.4	UP_pEhEx_DOWN_U2AF84
EHI_147570A	2759.85858023627	1133.88059340581	1.58922733987118	0.983735106933855	1.28332562171238	856	1097	3071	3069	982.061350376401	1270.65406252678	2187.1869039317	3370.19067311041	98.37	UP_pEhEx_DOWN_U2AF84
EHI_103510A	3036.77326016573	734.92326478392	1.58477025787626	0.983373968539775	2.04687366665159	474	790	2698	3823	543.805000091605	915.056252867966	1921.53378925683	4198.18799064878	98.34	UP_pEhEx_DOWN_U2AF84
EHI_158570A	8135.01415194027	1253.90355648569	1.33091392326714	0.983274385558575	2.69771846759238	474	1675	4325	12142	543.805000091605	1940.15091589094	3080.29415809332	13333.6119755317	98.33	UP_pEhEx_DOWN_U2AF84
EHI_117850A	6689.69203053892	2261.43509685677	1.57951423914273	0.983238038680656	1.56470120463909	1174	2709	7024	7714	1346.8925529695	3137.83213799914	5002.54015409191	8471.049479431	98.32	UP_pEhEx_DOWN_U2AF84
EHI_144610A	1636.94872317426	639.790368569545	1.30043983806144	0.982696668336439	1.35533795128098	484	618	1654	1930	555.277679418432	715.828815534687	1177.9899508639	2119.4095793754	98.27	UP_pEhEx_DOWN_U2AF84
EHI_027610A	839.631711820258	346.683354690066	1.32154001570018	0.982191691136754	1.27613808633496	212	384	1143	797	243.220801728735	444.786836837087	814.052305826744	875.217323710981	98.22	UP_pEhEx_DOWN_U2AF84
EHI_001940A	1147.82175157628	479.322556626416	1.31218004822094	0.982051235916369	1.25982988027946	336	489	1316	1251	385.482025381391	566.408237534728	937.264072150477	1373.77273771949	98.21	UP_pEhEx_DOWN_U2AF84
EHI_118750A	20241.8111325969	7604.69348331066	1.31626121250049	0.982014523723894	1.4123763760952	3655	9396	19632	24403	4193.26429395531	10883.3779138575	13982.0427541475	26797.9025727968	98.2	UP_pEhEx_DOWN_U2AF84
EHI_092170A	154.625585399706	52.7650621714155	1.14856535890195	0.981743396555067	1.55112417160294	45	46	230	134	51.627056970722	53.2817564961094	163.807550603807	147.150716910002	98.17	UP_pEhEx_DOWN_U2AF84
EHI_005020A	1432.67655696516	632.83321606785	1.27099467623114	0.98159608391899	1.17881571063764	478	612	1570	1609	548.394071822336	708.879021209108	1118.16458455642	1766.90674259845	98.16	UP_pEhEx_DOWN_U2AF84
EHI_087570A	5264.97419209171	2386.33249045316	1.15067348249073	0.981366762863073	1.1416313900509	1395	2706	5229	6267	1600.43876609238	3134.35724083635	3724.12905264046	6882.04136473867	98.14	UP_pEhEx_DOWN_U2AF84
EHI_107170A	150.747336675138	542.791725925415	-1.15756619469049	0.98123514040925	-1.84826621555431	502	435	355	45	575.928502206721	503.860088604513	252.833393323267	49.4162855294782	98.12	DOWN_pEhEx_UP_U2AF84
EHI_148400A	27.6442978838869	1.17553493692836	1.13257313537931	0.980589092920431	4.55559260858682	2	0	38	26	2.29453586536542	0.579149527131624	27.0638561867159	28.5516316392541	98.06	UP_pEhEx_DOWN_U2AF84
EHI_017450A	8.97118366690421	30.7074564484693	-1.10999141021444	0.979917342978568	-1.77521876291079	28	25	13	8	32.1235021151159	28.9574763565812	9.25868764282386	8.78511742746279	97.99	DOWN_pEhEx_UP_U2AF84
EHI_176820A	1299.34616065256	464.223536982446	1.15691633514021	0.979423161671116	1.48489425549663	413	388	1125	1655	473.82165619796	449.42003305414	801.232584475142	1817.42116780637	97.94	UP_pEhEx_DOWN_U2AF84
EHI_048650A	0.382939321347726	9.28951473604937	-1.16375343025639	0.97925501079206	-4.60041552221797	7	9	1	0	8.03087552877898	10.4246914883692	0.712206741755682	0.549069839216425	97.93	DOWN_pEhEx_UP_U2AF84
EHI_000690A	227.354774574789	12.3434419331662	1.25981146342053	0.977694931745468	4.20312865473806	0	21	184	298	0.573633966341356	24.3242801395282	131.046040483045	327.245624172989	97.77	UP_pEhEx_DOWN_U2AF84
EHI_179390A	285.465927243298	69.8643758269815	1.09924244524961	0.974694730941832	2.03068964685836	38	82	300	329	43.596181441943	94.9805224495863	213.662022526704	361.287954204407	97.47	UP_pEhEx_DOWN_U2AF84
EHI_057550A	206.068502783639	674.619649222592	-1.34432916503146	0.974329332019177	-1.71095033116847	731	436	341	156	838.652858791062	505.018387658776	242.862498938687	171.309789835524	97.43	DOWN_pEhEx_UP_U2AF84
EHI_161940A	485.495151188684	206.581883823337	1.07293119841132	0.973584672069263	1.23274314425258	164	192	566	523	188.151940959965	222.393418418544	403.109015833716	574.32705182038	97.36	UP_pEhEx_DOWN_U2AF84
EHI_174910A	976.021574714644	406.100123941331	1.07021250130625	0.973256486067555	1.26507757098509	330	370	940	1181	378.598417785295	428.570650077402	669.474337250341	1296.90296022919	97.33	UP_pEhEx_DOWN_U2AF84
EHI_098800A	563.779300634118	272.701455390352	1.07012386076284	0.973244915975048	1.04780810995226	219	251	699	580	251.251677257514	290.733062620075	497.832512487221	636.921013491053	97.32	UP_pEhEx_DOWN_U2AF84
EHI_117270A	45.053680755357	386.989355239635	-1.34817068579802	0.973104367461215	-3.10257700330714	400	269	119	5	458.907173073085	311.582445596814	84.7526022689261	5.49069839216425	97.31	DOWN_pEhEx_UP_U2AF84
EHI_198930A	1177.69531909839	538.058294088504	1.06522002871653	0.972524439742036	1.13013195837795	373	553	1232	1361	427.930938890651	640.539377007576	877.438705843	1494.56810234711	97.25	UP_pEhEx_DOWN_U2AF84
EHI_136740A	320.156529894834	61.0547882959871	1.05932434841125	0.971447033825411	2.39060108551694	39	66	199	459	44.7434493746258	76.4477375813744	141.729141609381	504.046112400678	97.14	UP_pEhEx_DOWN_U2AF84
EHI_138470A	732.809064565852	196.411666291272	1.05543866996793	0.970660238951763	1.89955672496997	91	246	574	973	104.401381874127	284.941567348759	408.806669767761	1068.48990711516	97.07	UP_pEhEx_DOWN_U2AF84
EHI_086080A	445.267422858703	155.122772473886	0.912530506464671	0.968667338650893	1.52126156986553	109	158	372	576	125.052204662416	183.011250573593	264.940907933114	632.528454777321	96.87	UP_pEhEx_DOWN_U2AF84
EHI_032670A	34.4276995492452	5.78431568428994	0.917057949280671	0.968653294563772	2.57335158764199	6	4	25	47	6.88360759609627	4.63319621705299	17.805168543892	51.6125648863439	96.87	UP_pEhEx_DOWN_U2AF84
EHI_194730A	20.2645101129331	67.8255811912989	-1.0958041258439	0.968547242530118	-1.74287420569886	59	58	31	17	67.68880802828	67.1813451472684	22.0784089944261	18.6683745333584	96.85	DOWN_pEhEx_UP_U2AF84
EHI_066770A	1098.74208537484	506.950062049075	1.17311176063656	0.96847834166672	1.11593722887803	287	584	1430	1086	329.265896679938	676.446647689737	1018.45564071062	1192.57969077807	96.85	UP_pEhEx_DOWN_U2AF84
EHI_174180A	1098.74208537484	506.950062049075	1.17311176063656	0.96847834166672	1.11593722887803	287	584	1430	1086	329.265896679938	676.446647689737	1018.45564071062	1192.57969077807	96.85	UP_pEhEx_DOWN_U2AF84
EHI_153250A	44.2787266257225	8.66316212597895	0.908604357664621	0.968469995935571	2.35364811163379	10	5	42	54	11.4726793268271	5.79149527131624	29.9126831537386	59.2995426353739	96.85	UP_pEhEx_DOWN_U2AF84
EHI_118670A	147.970726059061	40.0901509877103	0.921528137250487	0.968373324787135	1.88399203092837	28	41	138	182	32.1235021151159	47.4902612247932	98.2845303622841	199.861421474779	96.84	UP_pEhEx_DOWN_U2AF84
EHI_105280A	107.601079460436	39.4637983776399	0.90673426150204	0.968318671702711	1.44709082438847	31	37	136	109	35.5653059131641	42.8570650077402	96.8601168787727	119.697224949181	96.83	UP_pEhEx_DOWN_U2AF84
EHI_182550A	220.062041491866	66.8790381816449	0.922112775712561	0.968309787021102	1.71828431156174	42	73	220	261	48.1852531726739	84.5558309612171	156.68548318625	286.614456070974	96.83	UP_pEhEx_DOWN_U2AF84
EHI_077770A	116.538332981724	32.9466388796319	0.905403324998149	0.96817182523715	1.82260138067086	36	21	126	132	41.3016455765776	24.3242801395282	89.7380494612159	144.954437553136	96.82	UP_pEhEx_DOWN_U2AF84
EHI_156310A	620.51367384784	159.214389934348	0.904242440249686	0.968029076438205	1.96249226861795	110	164	266	968	126.199472595098	189.961044899173	189.446993307011	1062.999208723	96.8	UP_pEhEx_DOWN_U2AF84
EHI_025230A	964.92737049434	480.734281863387	0.90388296410494	0.967985170927631	1.00518066784144	274	552	1089	1063	314.351413555063	639.381077953313	775.593141771937	1167.32247817412	96.8	UP_pEhEx_DOWN_U2AF84
EHI_160740A	964.92737049434	480.734281863387	0.90388296410494	0.967985170927631	1.00518066784144	274	552	1089	1063	314.351413555063	639.381077953313	775.593141771937	1167.32247817412	96.8	UP_pEhEx_DOWN_U2AF84
EHI_000130A	283.883448643301	73.6897652783245	1.04080262845734	0.967623505862521	1.94576257414925	59	68	236	368	67.68880802828	78.7643356899009	168.080791054341	404.115401663288	96.76	UP_pEhEx_DOWN_U2AF84
EHI_051690A	69.2259110904991	11.0887041635249	0.927652618074053	0.967589216676986	2.64222135555872	4	15	77	77	4.58907173073085	17.3744858139487	54.8399191151875	84.5567552393294	96.76	UP_pEhEx_DOWN_U2AF84
EHI_039020A	826.524972674397	107.634759192153	1.03879760300661	0.967238666402371	2.94091435782717	20	164	248	1359	22.9453586536542	189.961044899173	176.627271955409	1492.37182299024	96.72	UP_pEhEx_DOWN_U2AF84
EHI_035510A	124.418534874288	48.1668947049867	0.931869619116105	0.966843200894004	1.36908760037584	38	45	168	119	43.596181441943	52.1234574418462	119.650732614955	130.678621733509	96.68	UP_pEhEx_DOWN_U2AF84
EHI_201940A	193.456960644794	84.5921098354661	0.896976724548056	0.966830071737613	1.19341762819615	77	69	246	195	88.3396308165688	79.9226347441641	175.202858471898	214.137237294406	96.68	UP_pEhEx_DOWN_U2AF84
EHI_062500A	130.283704336479	40.0502167863424	1.03254704198559	0.966156870408493	1.70177468847672	31	38	157	137	35.5653059131641	44.0153640620034	111.816458455642	150.4451359453	96.62	UP_pEhEx_DOWN_U2AF84
EHI_180390A	151.267324426854	15.7268058313216	0.937501671471319	0.965639008492612	3.26580279235225	8	19	19	266	9.17814346146169	22.0076820310017	13.5319280933579	292.105154463138	96.56	UP_pEhEx_DOWN_U2AF84
EHI_083100A	87.3794167890742	12.8080251882647	1.02841607544759	0.965524154279725	2.77024542642167	7	15	70	115	8.03087552877898	17.3744858139487	49.8544719228977	126.286063019778	96.55	UP_pEhEx_DOWN_U2AF84
EHI_028990A	508.329971434213	127.933826477632	1.17696024249609	0.965074904639195	1.99036752348822	81	139	450	641	92.9287025472996	161.003568542591	320.493033790057	703.907533875456	96.51	UP_pEhEx_DOWN_U2AF84
EHI_174880A	23.7499536056087	4.65141306825266	0.940488864768884	0.964953104755609	2.35218372616402	3	5	24	28	3.44180379804813	5.79149527131624	17.0929618021364	30.7479109961198	96.5	UP_pEhEx_DOWN_U2AF84
EHI_100810A	63.2027278059552	238.848924491075	-0.95748355831007	0.964664549392692	-1.91803964950187	207	205	141	24	237.484462065321	237.451306123966	100.421150587551	26.3553522823884	96.47	DOWN_pEhEx_UP_U2AF84
EHI_073540A	10.9183558060433	52.898176175975	-0.958183304847371	0.964656873743974	-2.27646236460534	35	56	20	7	40.1543776438949	64.8647470387419	14.2441348351136	7.68697774902994	96.47	DOWN_pEhEx_UP_U2AF84
EHI_076020A	658.817503850147	314.297228206866	1.01940977520143	0.964352554865016	1.06774933690391	222	319	789	696	254.693481055562	369.497398309976	561.931119245233	764.305216189263	96.44	UP_pEhEx_DOWN_U2AF84
EHI_134840A	73.9853630295303	15.1403874226191	0.885883964596445	0.964196368004275	2.28883775944564	8	18	69	91	9.17814346146169	20.8493829767385	49.142265181142	99.9307107373893	96.42	UP_pEhEx_DOWN_U2AF84
EHI_048300A	78.2738723445912	20.911391706453	0.885567435265271	0.96411276151094	1.90424173911746	15	21	78	93	17.2090189902407	24.3242801395282	55.5521258569432	102.126990094255	96.41	UP_pEhEx_DOWN_U2AF84
EHI_148470A	694.482562090352	231.824498198459	1.01209795705054	0.963526196031626	1.58290543762742	162	237	564	909	185.857405094599	274.51687586039	401.684602350204	998.20896769546	96.35	UP_pEhEx_DOWN_U2AF84
EHI_179990A	37.2163263043635	1.17553493692836	1.2381975009821	0.963420195572637	4.98454632953007	2	0	42	41	2.29453586536542	0.579149527131624	29.9126831537386	45.0237268157468	96.34	UP_pEhEx_DOWN_U2AF84
EHI_044220A	4.83177087824227	28.8683328196259	-0.945079304011411	0.963156661212187	-2.57886384359136	34	16	9	3	39.0071097112122	18.532784868212	6.40986067580113	3.29441903529855	96.32	DOWN_pEhEx_UP_U2AF84
EHI_095830A	301.769592591608	97.8260998383213	1.00805426263917	0.963086247081938	1.62515611170909	52	116	384	304	59.657932499501	134.362690294537	273.487388834182	333.834462243586	96.31	UP_pEhEx_DOWN_U2AF84
EHI_050000A	58.8700112444342	5.3064210287354	0.881646580485785	0.963050750887704	3.47172184986567	0	9	54	73	0.573633966341356	10.4246914883692	38.4591640548068	80.164196525598	96.31	UP_pEhEx_DOWN_U2AF84
EHI_202460A	871.030553985287	315.909341239317	1.00496027250591	0.962750101291411	1.46321272923289	189	354	764	1103	216.833639277032	410.03786520919	544.125950701341	1211.24806531143	96.28	UP_pEhEx_DOWN_U2AF84
EHI_127360A	24.7788935415807	8.11667791864424	1.00145244249144	0.962367811275741	1.61015049631226	7	7	33	24	8.03087552877898	8.10809337984274	23.5028224779375	26.3553522823884	96.24	UP_pEhEx_DOWN_U2AF84
EHI_188170A	475.893651270567	196.15946647125	1.00072407532457	0.962287691564235	1.27861224794082	154	184	510	542	176.679261633138	213.127025984438	363.225438295398	595.191705710604	96.23	UP_pEhEx_DOWN_U2AF84
EHI_112800A	211.177912512993	82.486041408863	0.878635674946688	0.962222896155328	1.35623704148646	59	83	250	225	67.68880802828	96.1388215038496	178.05168543892	247.081427647391	96.22	UP_pEhEx_DOWN_U2AF84
EHI_156380A	22.4759451592529	6.3707340929925	0.878590600982625	0.962210505571615	1.81885025787327	6	5	25	25	6.88360759609627	5.79149527131624	17.805168543892	27.4534919608212	96.22	UP_pEhEx_DOWN_U2AF84
EHI_110570A	336.994539510372	121.150438970505	0.99306521825731	0.961461370970634	1.47592558270485	106	103	341	397	121.610400864367	119.304802589115	242.862498938687	435.961452337841	96.15	UP_pEhEx_DOWN_U2AF84
EHI_194430A	96.2930172655875	21.5111215156115	0.958468948996382	0.961240346023474	2.16234844027715	14	23	92	117	16.061751057558	26.6408782480547	65.5230202415227	128.482342376643	96.12	UP_pEhEx_DOWN_U2AF84
EHI_092110A	252.763984367582	83.3793388166931	0.990759331306185	0.961223537962352	1.60002907559231	80	64	260	295	91.7814346146169	74.1311394728479	185.173752856477	323.951205137691	96.12	UP_pEhEx_DOWN_U2AF84
EHI_049660A	125.341225725432	48.1003377027069	0.803079448533786	0.960926165517594	1.38174207856644	43	40	137	141	49.3325211053566	46.3319621705299	97.5723236205284	154.837694659032	96.09	UP_pEhEx_DOWN_U2AF84
EHI_193350A	629.717909886086	252.789135506736	0.808750462822418	0.960823924819366	1.31677123980057	173	262	469	852	198.477352354109	303.474352216971	334.024961883415	935.615006024787	96.08	UP_pEhEx_DOWN_U2AF84
EHI_183560A	11.8557824060074	2.3323622343543	0.800765865419472	0.960801178228078	2.34572710159613	1	3	15	12	1.14726793268271	3.47489716278974	10.6831011263352	13.1776761411942	96.08	UP_pEhEx_DOWN_U2AF84
EHI_012420A	82.577117408472	38.2643387593228	0.7985871906206	0.960628658571739	1.10974158911172	33	33	113	78	37.8598417785295	38.2238687906872	80.479361818392	85.6548949177622	96.06	UP_pEhEx_DOWN_U2AF84
EHI_017660A	349.796665812297	85.7242956628626	0.966363504783319	0.960396046607257	2.02874048716489	36	111	293	452	41.3016455765776	128.571195023221	208.676575334415	496.359134651648	96.04	UP_pEhEx_DOWN_U2AF84
EHI_012570A	169.336495047177	70.6644934316201	0.814286215522068	0.960360779905808	1.26083553764675	66	56	195	184	75.719683557059	64.8647470387419	138.880314642358	202.057700831644	96.04	UP_pEhEx_DOWN_U2AF84
EHI_017030A	135.269030389097	45.927712273824	0.795690889870255	0.960301855974639	1.55839474685962	30	49	142	156	34.4180379804814	56.7566536588991	101.133357329307	171.309789835524	96.03	UP_pEhEx_DOWN_U2AF84
EHI_152800A	1039.49922176193	208.15334586578	1.23410499329493	0.96018040786559	2.32017002438057	90	267	755	1419	103.254113941444	309.265847488287	537.71609002554	1558.26020369621	96.02	UP_pEhEx_DOWN_U2AF84
EHI_155380A	50.8126011327202	15.7001830304097	0.816300501466458	0.960093607996301	1.69440494065766	10	17	68	49	11.4726793268271	19.6910839224752	48.4300584393863	53.8088442432096	96.01	UP_pEhEx_DOWN_U2AF84
EHI_134490A	657.187719160602	292.651559109413	0.870525752033893	0.960068515798598	1.16712155627106	130	372	789	693	149.144831248753	430.887248185928	561.931119245233	761.010797153965	96.01	UP_pEhEx_DOWN_U2AF84
EHI_035060A	141.962278523337	24.65822851592	0.816686596495277	0.960041790010248	2.52536657204205	0	42	228	112	0.573633966341356	48.6485602790564	162.383137120295	122.991643984479	96	UP_pEhEx_DOWN_U2AF84
EHI_172960A	427.205430496135	183.431309685721	0.81681530024208	0.960024484152194	1.21969007425148	141	175	393	529	161.764778508262	202.702334496068	279.897249509983	580.915889890977	96	UP_pEhEx_DOWN_U2AF84
EHI_006850A	78.7448149685616	20.8448347041733	0.793403000480991	0.959913694467558	1.91749499904628	20	16	61	105	22.9453586536542	18.532784868212	43.4446112470966	115.304666235449	95.99	UP_pEhEx_DOWN_U2AF84
EHI_007930A	172.557675632672	73.5965854751329	0.818271657681915	0.95982266799591	1.22936790962065	66	61	201	186	75.719683557059	70.6562423100581	143.153555092892	204.25398018851	95.98	UP_pEhEx_DOWN_U2AF84
EHI_068170A	624.993747897561	302.275292434143	0.792407783463025	0.959746757355977	1.04797869801878	200	320	613	749	229.453586536542	370.655697364239	436.582732696233	822.506619146204	95.97	UP_pEhEx_DOWN_U2AF84
EHI_056380A	568.061991496312	260.865162435371	0.818961381218754	0.9597166768291	1.12274408631064	139	309	624	637	159.470242642897	357.914407767344	444.417006855545	699.514975161725	95.97	UP_pEhEx_DOWN_U2AF84
EHI_052720A	40.8124775298439	9.88924454520788	0.868211916807399	0.959504993323051	2.04507807176825	6	11	46	45	6.88360759609627	12.7412895968957	32.7615101207614	49.4162855294782	95.95	UP_pEhEx_DOWN_U2AF84
EHI_092930A	631.856646759886	233.929849836421	1.23311474247542	0.959404924020888	1.43352131863218	136	266	814	630	156.028438844849	308.107548434024	579.736287789125	691.827997412695	95.94	UP_pEhEx_DOWN_U2AF84
EHI_196370A	50.2546038207186	13.3411979951435	0.78999864013117	0.959229923906216	1.91336754598813	11	12	42	65	12.6199472595098	13.899588651159	29.9126831537386	71.3790790981352	95.92	UP_pEhEx_DOWN_U2AF84
EHI_201200A	270.101048299841	128.227394076304	0.824374694252443	0.958850087568478	1.07479473167811	103	118	324	285	118.168597066319	136.679288403063	230.754984328841	312.969808353362	95.89	UP_pEhEx_DOWN_U2AF84
EHI_167310A	6002.07524404902	2340.39218356752	1.18397593875785	0.958817130510888	1.35871110019272	1410	2613	5302	7576	1617.64778508262	3026.63542878987	3776.12014478862	8319.50620380726	95.88	UP_pEhEx_DOWN_U2AF84
EHI_186950A	279.365966371566	129.533344898268	0.865045216993175	0.958785174617505	1.10883274679421	93	130	376	268	106.695917739492	150.578877054222	267.789734900136	294.301433820004	95.88	UP_pEhEx_DOWN_U2AF84
EHI_075530A	75.1058163015103	27.8152986063243	0.863448197079246	0.95845369841769	1.43304604294938	25	23	92	78	28.6816983170678	26.6408782480547	65.5230202415227	85.6548949177622	95.85	UP_pEhEx_DOWN_U2AF84
EHI_064640A	167.12060135288	83.4592072194289	0.826829992979792	0.958449713555898	1.00174646720907	74	70	230	157	84.8978270185207	81.0809337984274	163.807550603807	172.407929513957	95.84	UP_pEhEx_DOWN_U2AF84
EHI_115360A	90.7644296497879	29.0680038264651	0.828722926467654	0.958141899193995	1.64269501839115	19	31	107	97	21.7980907209715	35.9072706821607	76.2061213678579	106.519548807986	95.81	UP_pEhEx_DOWN_U2AF84
EHI_193940A	123.172638120683	17.0347892027867	0.828999491619786	0.958096558045296	2.85412580771336	0	29	108	156	0.573633966341356	33.5906725736342	76.9183281096136	171.309789835524	95.81	UP_pEhEx_DOWN_U2AF84
EHI_058320A	81.9084123636656	20.9380145073649	0.831217641443973	0.957769283787667	1.96788698869973	13	23	76	101	14.9144831248753	26.6408782480547	54.1277123734318	110.912107521718	95.78	UP_pEhEx_DOWN_U2AF84
EHI_170120A	267.062894386362	122.589503797029	0.831243126907071	0.957765498403121	1.12334408270251	86	125	346	265	98.6650422107132	144.787381782906	246.423532647466	291.007014784705	95.78	UP_pEhEx_DOWN_U2AF84
EHI_013340A	105.971294770892	42.2760878170491	0.85644346163337	0.957283831646067	1.32575974163352	40	33	136	106	45.8907173073085	38.2238687906872	96.8601168787727	116.402805913882	95.73	UP_pEhEx_DOWN_U2AF84
EHI_141810A	434.433022897603	202.996099580201	0.855567654359202	0.957167296286384	1.0976817646591	125	224	537	448	143.408491585339	259.458988154968	382.455020322801	491.966575937916	95.72	UP_pEhEx_DOWN_U2AF84
EHI_044820A	227.009275432443	87.6972500849063	0.835956448018713	0.957149892926749	1.37214773615324	64	87	238	262	73.4251476916935	100.772017720903	169.505204537852	287.712595749406	95.71	UP_pEhEx_DOWN_U2AF84
EHI_005010A	173.663393155832	73.7163880792364	0.781617850985302	0.957013759400959	1.23623638828116	57	70	198	190	65.3942721629146	81.0809337984274	141.016934867625	208.646538902241	95.7	UP_pEhEx_DOWN_U2AF84
EHI_019860A	29.2548881766343	10.4490401529985	0.8380636582901	0.956949853157053	1.48530728095731	8	10	41	27	9.17814346146169	11.5829905426325	29.2004764119829	29.6497713176869	95.69	UP_pEhEx_DOWN_U2AF84
EHI_097650A	32.4229442197151	8.10336651818829	0.78132731449044	0.956929866865694	2.00042180236859	8	6	27	42	9.17814346146169	6.94979432557949	19.2295820274034	46.1218664941797	95.69	UP_pEhEx_DOWN_U2AF84
EHI_015440A	362.687206607143	166.584912638818	0.849698741169198	0.956678008748018	1.12246811296287	129	158	401	405	147.99756331607	183.011250573593	285.594903444028	444.746569765304	95.67	UP_pEhEx_DOWN_U2AF84
EHI_187800A	42.9663293857728	13.9009936029342	0.842135919158232	0.956669205227715	1.62801852659975	13	11	49	47	14.9144831248753	12.7412895968957	34.8981303460284	51.6125648863439	95.67	UP_pEhEx_DOWN_U2AF84
EHI_020990A	22.8893045928325	4.07830606000605	0.780253424557055	0.95659888478438	2.48863167976008	2	5	17	31	2.29453586536542	5.79149527131624	12.1075146098466	34.0423300314183	95.66	UP_pEhEx_DOWN_U2AF84
EHI_126210A	175.086498128586	66.2260627706626	0.845800880084166	0.956584467498167	1.40259683829122	47	67	202	190	53.9215928360874	77.6060366356376	143.865761834648	208.646538902241	95.66	UP_pEhEx_DOWN_U2AF84
EHI_143440A	268.682401975063	98.9190682529907	0.846699886727608	0.956583054611123	1.44158127578364	58	112	291	304	66.5415400955973	129.729494077484	207.252161850903	333.834462243586	95.66	UP_pEhEx_DOWN_U2AF84
EHI_050640A	5.76919747820633	38.3042729606907	-0.983908254787807	0.956003640948601	-2.73106278579071	30	36	4	8	34.4180379804814	41.6987659534769	2.84882696702273	8.78511742746279	95.6	DOWN_pEhEx_UP_U2AF84
EHI_096790A	605.854149704585	301.796082017729	0.777798920448083	0.955843830055249	1.00539645170737	236	284	576	738	270.75523211312	328.956931410762	410.231083251273	810.427082683443	95.58	UP_pEhEx_DOWN_U2AF84
EHI_031240A	190.730375728044	74.8892248966416	0.776786585546947	0.955527375225064	1.34870456266163	57	72	191	226	65.3942721629146	83.3975319069539	136.031487675335	248.179567325824	95.55	UP_pEhEx_DOWN_U2AF84
EHI_187780A	99.3267125310895	17.4061926546936	1.22595719591559	0.954086151051244	2.51258109315137	14	16	99	118	16.061751057558	18.532784868212	70.5084674338125	129.580482055076	95.41	UP_pEhEx_DOWN_U2AF84
EHI_055430A	95.3363962688264	33.1063756851033	0.770559797470303	0.953618948695586	1.52591801174969	24	33	100	110	27.5344303843851	38.2238687906872	71.2206741755682	120.795364627613	95.36	UP_pEhEx_DOWN_U2AF84
EHI_139060A	35.7932213316089	12.741468185985	0.712294338791034	0.953243016870135	1.49015486239496	12	10	38	41	13.7672151921925	11.5829905426325	27.0638561867159	45.0237268157468	95.32	UP_pEhEx_DOWN_U2AF84
EHI_006170A	270.936684462954	117.898156527409	0.712533629821899	0.95324078978052	1.20041458542892	86	117	250	335	98.6650422107132	135.5209893488	178.05168543892	367.876792275005	95.32	UP_pEhEx_DOWN_U2AF84
EHI_103400A	4.66347995504643	31.733867860859	-1.08049869139081	0.953240457459606	-2.76654455245906	39	16	7	4	44.7434493746258	18.532784868212	4.98544719228977	4.3925587137314	95.32	DOWN_pEhEx_UP_U2AF84
EHI_045280A	61.9760254491472	27.8152986063243	0.710506573492897	0.953225231733132	1.15583164372041	25	23	78	63	28.6816983170678	26.6408782480547	55.5521258569432	69.1827997412695	95.32	UP_pEhEx_DOWN_U2AF84
EHI_056690A	258.226071497037	121.989773987871	0.769167267022738	0.953221447444296	1.08187445168605	87	123	312	271	99.8123101433959	142.47078367438	222.208503427773	297.595852855302	95.32	UP_pEhEx_DOWN_U2AF84
EHI_047920A	17.9423673338084	2.37432898522258	0.710019981487931	0.953207720684704	2.91777850076295	0	4	26	16	0.573633966341356	4.63319621705299	18.5173752856477	17.5702348549256	95.32	UP_pEhEx_DOWN_U2AF84
EHI_032780A	75.1102749494872	23.7369925463183	0.718094264586754	0.953058208098685	1.66187312079558	23	18	63	97	26.3871624517024	20.8493829767385	44.8690247306079	106.519548807986	95.31	UP_pEhEx_DOWN_U2AF84
EHI_069950A	59.3364952204278	22.0709171234022	0.706763443358358	0.953052033157674	1.42677313500085	16	22	66	66	18.3562869229234	25.4825791937915	47.005644955875	72.4772187765681	95.31	UP_pEhEx_DOWN_U2AF84
EHI_073180A	412.140104410366	168.75610449042	0.768021874237125	0.952902758984877	1.28819516543837	54	235	540	405	61.9524683648664	272.200277751863	384.591640548068	444.746569765304	95.29	UP_pEhEx_DOWN_U2AF84
EHI_157360A	92.9950590929047	26.8155099948465	0.720824126628271	0.952831677144584	1.79408637489736	12	34	98	107	13.7672151921925	39.3821678449504	69.7962606920568	117.500945592315	95.28	UP_pEhEx_DOWN_U2AF84
EHI_180000A	48.0047799808049	15.7001830304097	0.72238926386106	0.952686148257925	1.6123966885449	10	17	54	53	11.4726793268271	19.6910839224752	38.4591640548068	58.201402956941	95.27	UP_pEhEx_DOWN_U2AF84
EHI_005070A	145.567347044771	69.6114592183185	0.702075063591481	0.952589831916096	1.06429005090049	57	63	174	154	65.3942721629146	72.9728404185846	123.923973065489	169.113510478659	95.26	UP_pEhEx_DOWN_U2AF84
EHI_182950A	46.4517728784484	13.940927804302	0.723233280935117	0.952587552577555	1.73640708012416	10	14	42	58	11.4726793268271	16.2161867596855	29.9126831537386	63.6921013491053	95.26	UP_pEhEx_DOWN_U2AF84
EHI_087650A	2.86540434230619	14.5406576134605	-0.925327624024399	0.952568343713331	-2.34328187810389	9	16	5	2	10.3254113941444	18.532784868212	3.56103370877841	2.1962793568657	95.26	DOWN_pEhEx_UP_U2AF84
EHI_097930A	98.0335096879368	36.5183949336711	0.766763428282399	0.952555388823436	1.42465161669424	32	31	103	113	36.7125738458468	35.9072706821607	73.3572944008352	124.089783662912	95.26	UP_pEhEx_DOWN_U2AF84
EHI_004560A	13.1105964555661	1.74864194517497	0.700417824005671	0.95238804569466	2.90642650526819	3	0	17	13	3.44180379804813	0.579149527131624	12.1075146098466	14.275815819627	95.24	UP_pEhEx_DOWN_U2AF84
EHI_033850A	35.3606675012323	14.5140348125486	0.725783752599233	0.952286462181137	1.28469687313242	11	14	49	33	12.6199472595098	16.2161867596855	34.8981303460284	36.238609388284	95.23	UP_pEhEx_DOWN_U2AF84
EHI_109870A	37.1395487171756	15.1004532212512	0.699712936754786	0.952282204409962	1.29836443429518	11	15	54	33	12.6199472595098	17.3744858139487	38.4591640548068	36.238609388284	95.23	UP_pEhEx_DOWN_U2AF84
EHI_004400A	206.216239505149	100.945268276858	0.699115762462288	0.952186209584926	1.03058466209056	82	92	233	227	94.0759704799824	106.563512992219	165.944170829074	249.277707004257	95.22	UP_pEhEx_DOWN_U2AF84
EHI_005030A	18.374921164185	4.07830606000605	0.697664177087785	0.9519542823512	2.17169610739211	2	5	15	24	2.29453586536542	5.79149527131624	10.6831011263352	26.3553522823884	95.2	UP_pEhEx_DOWN_U2AF84
EHI_134600A	18.374921164185	4.07830606000605	0.697664177087785	0.9519542823512	2.17169610739211	2	5	15	24	2.29453586536542	5.79149527131624	10.6831011263352	26.3553522823884	95.2	UP_pEhEx_DOWN_U2AF84
EHI_083140A	78.6001770901397	1.78791057652002	1.22260157299503	0.951902752502785	5.4581860768198	0	3	27	127	0.573633966341356	3.47489716278974	19.2295820274034	139.463739160972	95.19	UP_pEhEx_DOWN_U2AF84
EHI_179850A	14.7787699387045	1.74864194517497	0.696800908896983	0.951817294763797	3.07921938062031	3	0	11	20	3.44180379804813	0.579149527131624	7.8342741593125	21.962793568657	95.18	UP_pEhEx_DOWN_U2AF84
EHI_079260A	15.0769629915022	6.3707340929925	0.730776386555607	0.951608674803617	1.24281432306037	6	5	21	14	6.88360759609627	5.79149527131624	14.9563415768693	15.3739554980599	95.16	UP_pEhEx_DOWN_U2AF84
EHI_151360A	67.8795837049323	23.1638855380716	0.695414857176585	0.951563713141976	1.55110044404987	22	18	61	85	25.2398945190197	20.8493829767385	43.4446112470966	93.3418726667922	95.16	UP_pEhEx_DOWN_U2AF84
EHI_030170A	141.187324393702	59.6955918721987	0.731343936866565	0.951529442487559	1.24191426424832	53	50	151	161	60.8052004321837	57.9149527131624	107.543218005108	176.800488227689	95.15	UP_pEhEx_DOWN_U2AF84
EHI_116040A	23.0000123256374	2.8948559616682	0.731479611424035	0.951510459991174	2.99007116286351	5	0	28	24	5.73633966341356	0.579149527131624	19.9417887691591	26.3553522823884	95.15	UP_pEhEx_DOWN_U2AF84
EHI_005100A	85.1443286979805	38.8507571680254	0.732754692652745	0.951331268229922	1.13196772212819	33	34	108	86	37.8598417785295	39.3821678449504	76.9183281096136	94.440012345225	95.13	UP_pEhEx_DOWN_U2AF84
EHI_006960A	20.8461604697085	7.54357091039763	0.759813866194339	0.951023800232905	1.46646216591364	6	7	25	22	6.88360759609627	8.10809337984274	17.805168543892	24.1590729255227	95.1	UP_pEhEx_DOWN_U2AF84
EHI_162230A	67.3747109353448	18.0192338643081	0.759170572440493	0.950900954135338	1.90266950569988	12	19	55	88	13.7672151921925	22.0076820310017	39.1713707965625	96.6362917020907	95.09	UP_pEhEx_DOWN_U2AF84
EHI_126130A	51.8459997166691	17.3662584533258	0.691930404278282	0.950894038861265	1.57794571924912	17	13	48	64	19.5035548556061	15.0578877054222	34.1859236042727	70.2809394197023	95.09	UP_pEhEx_DOWN_U2AF84
EHI_023000A	136.802843094657	52.3916261700082	0.690334451801623	0.950565337347244	1.38469006598573	29	61	157	149	33.2707700477986	70.6562423100581	111.816458455642	163.622812086495	95.06	UP_pEhEx_DOWN_U2AF84
EHI_120470A	22.1009745192673	9.27620333559342	0.690262103789216	0.950550508980915	1.25250363563475	8	8	27	23	9.17814346146169	9.26639243410598	19.2295820274034	25.2572126039555	95.06	UP_pEhEx_DOWN_U2AF84
EHI_100490A	57.4616420204996	24.3766565568446	0.739572837055016	0.95048979481	1.23709895685758	19	23	76	56	21.7980907209715	26.6408782480547	54.1277123734318	61.4958219922396	95.05	UP_pEhEx_DOWN_U2AF84
EHI_027520A	88.740479923461	35.4387379194576	0.739632310227042	0.950483360748218	1.324265129439	25	36	112	90	28.6816983170678	41.6987659534769	79.7671550766363	98.8325710589564	95.05	UP_pEhEx_DOWN_U2AF84
EHI_094810A	29.3508601606192	8.12998931910019	0.741008920377764	0.950344789999921	1.8520774217365	6	8	26	37	6.88360759609627	9.26639243410598	18.5173752856477	40.6311681020154	95.03	UP_pEhEx_DOWN_U2AF84
EHI_080590A	14.5720902219147	4.63810166779671	0.743928589378078	0.950130480096826	1.65160148304269	4	4	15	17	4.58907173073085	4.63319621705299	10.6831011263352	18.6683745333584	95.01	UP_pEhEx_DOWN_U2AF84
EHI_139050A	52.0334850366619	15.6735602294978	0.744108904772001	0.950117113100134	1.73110741425768	12	15	47	65	13.7672151921925	17.3744858139487	33.473716862517	71.3790790981352	95.01	UP_pEhEx_DOWN_U2AF84
EHI_096360A	387.566530780686	183.551112289825	0.752051247670144	0.950107725615616	1.07826213184799	132	184	390	458	151.439367114118	213.127025984438	277.760629284716	502.947972722245	95.01	UP_pEhEx_DOWN_U2AF84
EHI_008470A	307.620026304979	150.964598011144	0.751719310657951	0.950082894673345	1.02693915726537	113	147	347	339	129.641276393146	170.269960976697	247.135739389221	372.269350988736	95.01	UP_pEhEx_DOWN_U2AF84
EHI_100350A	45.0094735088968	13.8743708020223	0.687881909921583	0.950044422620882	1.69780634190933	15	9	41	56	17.2090189902407	10.4246914883692	29.2004764119829	61.4958219922396	95	UP_pEhEx_DOWN_U2AF84
EHI_096200A	23.0575955160283	5.19789727558737	0.749575024041158	0.950026607183499	2.14924204654747	6	3	19	30	6.88360759609627	3.47489716278974	13.5319280933579	32.9441903529855	95	UP_pEhEx_DOWN_U2AF84
