pEhEx_mean	U2AF84_mean	theta	prob	log2FC	U2AF84_1	U2AF84_2	pEhEx_1	pEhEx_2	U2AF84_1.1	U2AF84_2.1	pEhEx_1.1	pEhEx_2.1	DE	Regulation
EHI_000130A	283.883448643301	73.6897652783245	1.04080262845734	0.967623505862521	1.94576257414925	59	68	236	368	67.68880802828	78.7643356899009	168.080791054341	404.115401663288	96.76	UP_pEhEx_DOWN_U2AF84
EHI_001940A	1147.82175157628	479.322556626416	1.31218004822094	0.982051235916369	1.25982988027946	336	489	1316	1251	385.482025381391	566.408237534728	937.264072150477	1373.77273771949	98.21	UP_pEhEx_DOWN_U2AF84
EHI_005020A	1432.67655696516	632.83321606785	1.27099467623114	0.98159608391899	1.17881571063764	478	612	1570	1609	548.394071822336	708.879021209108	1118.16458455642	1766.90674259845	98.16	UP_pEhEx_DOWN_U2AF84
EHI_010020A	903.70612420645	159.401466329372	1.37955675267116	0.996552840704691	2.50318879884654	140	135	610	1264	160.61751057558	156.370372325538	434.446112470966	1388.04855353912	99.66	UP_pEhEx_DOWN_U2AF84
EHI_010030A	668.777878854539	150.231754197426	1.64572805106174	0.998181892201066	2.15433734346355	124	135	704	770	142.261223652656	156.370372325538	501.393546196	845.567552393294	99.82	UP_pEhEx_DOWN_U2AF84
EHI_015310A	10803.4191732335	4777.6829696733	1.83729925210174	0.999999999999997	1.17710495320415	3206	5014	12746	11539	3678.14099218077	5807.71145807593	9077.78713041792	12671.4337494366	100	UP_pEhEx_DOWN_U2AF84
EHI_017750A	816.057606628909	291.240550661083	1.47738152208315	0.987077347888258	1.48645975552761	236	266	950	880	270.75523211312	308.107548434024	676.596404667897	966.362917020907	98.71	UP_pEhEx_DOWN_U2AF84
EHI_020080A	838.630883577036	368.395580789799	1.46564066115469	0.988067529820221	1.18678020490795	299	336	1073	841	343.033111872131	389.188482232451	764.197833903846	923.535469562026	98.81	UP_pEhEx_DOWN_U2AF84
EHI_022010A	3917.41021692703	1778.77281229319	1.97377923362505	1	1.13901795091357	1177	1883	5923	3332	1350.33435676755	2181.0771191777	4218.4005314189	3659.00140853825	100	UP_pEhEx_DOWN_U2AF84
EHI_027610A	839.631711820258	346.683354690066	1.32154001570018	0.982191691136754	1.27613808633496	212	384	1143	797	243.220801728735	444.786836837087	814.052305826744	875.217323710981	98.22	UP_pEhEx_DOWN_U2AF84
EHI_028990A	508.329971434213	127.933826477632	1.17696024249609	0.965074904639195	1.99036752348822	81	139	450	641	92.9287025472996	161.003568542591	320.493033790057	703.907533875456	96.51	UP_pEhEx_DOWN_U2AF84
EHI_035510A	124.418534874288	48.1668947049867	0.931869619116105	0.966843200894004	1.36908760037584	38	45	168	119	43.596181441943	52.1234574418462	119.650732614955	130.678621733509	96.68	UP_pEhEx_DOWN_U2AF84
EHI_035670A	260.759352640928	44.1950798486282	1.41399609221144	0.998223492692741	2.56076132746853	28	48	284	294	32.1235021151159	55.5983546046359	202.266714658614	322.853065459258	99.82	UP_pEhEx_DOWN_U2AF84
EHI_048140A	1666.97312626097	368.793489226196	1.34094471069023	0.985476948189585	2.17634575502187	181	452	1320	2204	207.655495815571	523.551172526988	940.1128991175	2420.299851266	98.55	UP_pEhEx_DOWN_U2AF84
EHI_048300A	78.2738723445912	20.911391706453	0.885567435265271	0.96411276151094	1.90424173911746	15	21	78	93	17.2090189902407	24.3242801395282	55.5521258569432	102.126990094255	96.41	UP_pEhEx_DOWN_U2AF84
EHI_051690A	69.2259110904991	11.0887041635249	0.927652618074053	0.967589216676986	2.64222135555872	4	15	77	77	4.58907173073085	17.3744858139487	54.8399191151875	84.5567552393294	96.76	UP_pEhEx_DOWN_U2AF84
EHI_057550A	206.068502783639	674.619649222592	-1.34432916503146	0.974329332019177	-1.71095033116847	731	436	341	156	838.652858791062	505.018387658776	242.862498938687	171.309789835524	97.43	DOWN_pEhEx_UP_U2AF84
EHI_058090A	2984.9724482671	1236.89342948519	1.53854461564058	0.98459644071415	1.27099641194062	1047	1086	3209	3393	1201.1895255188	1257.91277292989	2285.47143429398	3725.98792892266	98.46	UP_pEhEx_DOWN_U2AF84
EHI_062500A	130.283704336479	40.0502167863424	1.03254704198559	0.966156870408493	1.70177468847672	31	38	157	137	35.5653059131641	44.0153640620034	111.816458455642	150.4451359453	96.62	UP_pEhEx_DOWN_U2AF84
EHI_077770A	116.538332981724	32.9466388796319	0.905403324998149	0.96817182523715	1.82260138067086	36	21	126	132	41.3016455765776	24.3242801395282	89.7380494612159	144.954437553136	96.82	UP_pEhEx_DOWN_U2AF84
EHI_083100A	87.3794167890742	12.8080251882647	1.02841607544759	0.965524154279725	2.77024542642167	7	15	70	115	8.03087552877898	17.3744858139487	49.8544719228977	126.286063019778	96.55	UP_pEhEx_DOWN_U2AF84
EHI_092110A	252.763984367582	83.3793388166931	0.990759331306185	0.961223537962352	1.60002907559231	80	64	260	295	91.7814346146169	74.1311394728479	185.173752856477	323.951205137691	96.12	UP_pEhEx_DOWN_U2AF84
EHI_092170A	154.625585399706	52.7650621714155	1.14856535890195	0.981743396555067	1.55112417160294	45	46	230	134	51.627056970722	53.2817564961094	163.807550603807	147.150716910002	98.17	UP_pEhEx_DOWN_U2AF84
EHI_092930A	631.856646759886	233.929849836421	1.23311474247542	0.959404924020888	1.43352131863218	136	266	814	630	156.028438844849	308.107548434024	579.736287789125	691.827997412695	95.94	UP_pEhEx_DOWN_U2AF84
EHI_095830A	301.769592591608	97.8260998383213	1.00805426263917	0.963086247081938	1.62515611170909	52	116	384	304	59.657932499501	134.362690294537	273.487388834182	333.834462243586	96.31	UP_pEhEx_DOWN_U2AF84
EHI_098470A	4385.90067666195	0.0579762708474589	4.39522551599228	1	16.2070510761879	0	0	486	7755	0.573633966341356	0.579149527131624	346.132476493261	8516.07320624675	100	UP_pEhEx_DOWN_U2AF84
EHI_098800A	563.779300634118	272.701455390352	1.07012386076284	0.973244915975048	1.04780810995226	219	251	699	580	251.251677257514	290.733062620075	497.832512487221	636.921013491053	97.32	UP_pEhEx_DOWN_U2AF84
EHI_103310A	2886.26267604329	1033.10550618032	1.5916013234413	0.984028520961807	1.48221500676921	585	1190	3240	3191	671.151740619386	1378.37587457327	2307.54984328841	3504.16371387922	98.4	UP_pEhEx_DOWN_U2AF84
EHI_103510A	3036.77326016573	734.92326478392	1.58477025787626	0.983373968539775	2.04687366665159	474	790	2698	3823	543.805000091605	915.056252867966	1921.53378925683	4198.18799064878	98.34	UP_pEhEx_DOWN_U2AF84
EHI_105140A	10274.5008844456	3954.06051582707	1.73432367527614	0.999999985027413	1.37766145584381	2523	4277	11325	11496	2894.55699415848	4954.04505508391	8065.74135038309	12624.213743264	100	UP_pEhEx_DOWN_U2AF84
EHI_110570A	336.994539510372	121.150438970505	0.99306521825731	0.961461370970634	1.47592558270485	106	103	341	397	121.610400864367	119.304802589115	242.862498938687	435.961452337841	96.15	UP_pEhEx_DOWN_U2AF84
EHI_111760A	10194.4828844739	4982.65417404146	2.32608261008969	0.999999999999994	1.03280224549405	3491	5085	13331	10035	4005.11235299535	5889.95069092862	9494.42807434499	11019.8316730736	100	UP_pEhEx_DOWN_U2AF84
EHI_112800A	211.177912512993	82.486041408863	0.878635674946688	0.962222896155328	1.35623704148646	59	83	250	225	67.68880802828	96.1388215038496	178.05168543892	247.081427647391	96.22	UP_pEhEx_DOWN_U2AF84
EHI_118670A	147.970726059061	40.0901509877103	0.921528137250487	0.968373324787135	1.88399203092837	28	41	138	182	32.1235021151159	47.4902612247932	98.2845303622841	199.861421474779	96.84	UP_pEhEx_DOWN_U2AF84
EHI_119540A	3678.35956993513	1186.29812558809	1.719285283881	0.99999977267834	1.63259589861982	839	1203	3831	4262	962.557795520795	1393.43376227869	2728.46402766602	4680.2713094808	100	UP_pEhEx_DOWN_U2AF84
EHI_126210A	175.086498128586	66.2260627706626	0.845800880084166	0.956584467498167	1.40259683829122	47	67	202	190	53.9215928360874	77.6060366356376	143.865761834648	208.646538902241	95.66	UP_pEhEx_DOWN_U2AF84
EHI_134810A	921.602166022291	318.201769272304	1.53675537506823	0.984619281490339	1.534202250125	193	354	1181	923	221.422711007763	410.03786520919	841.11616201346	1013.58292319352	98.46	UP_pEhEx_DOWN_U2AF84
EHI_134840A	73.9853630295303	15.1403874226191	0.885883964596445	0.964196368004275	2.28883775944564	8	18	69	91	9.17814346146169	20.8493829767385	49.142265181142	99.9307107373893	96.42	UP_pEhEx_DOWN_U2AF84
EHI_135060A	1832.9286878621	532.819029034268	1.43425015684904	0.994911478357371	1.78243314462982	282	633	1817	2184	323.529557016525	733.203301348636	1294.07964977007	2398.33705769734	99.49	UP_pEhEx_DOWN_U2AF84
EHI_136740A	320.156529894834	61.0547882959871	1.05932434841125	0.971447033825411	2.39060108551694	39	66	199	459	44.7434493746258	76.4477375813744	141.729141609381	504.046112400678	97.14	UP_pEhEx_DOWN_U2AF84
EHI_141800A	1599.22132641413	550.426326273082	1.72883112769033	0.999999956262049	1.53874823709491	369	578	1890	1706	423.341867159921	669.496853364157	1346.07074191824	1873.42629140644	100	UP_pEhEx_DOWN_U2AF84
EHI_144610A	1636.94872317426	639.790368569545	1.30043983806144	0.982696668336439	1.35533795128098	484	618	1654	1930	555.277679418432	715.828815534687	1177.9899508639	2119.4095793754	98.27	UP_pEhEx_DOWN_U2AF84
EHI_147570A	2759.85858023627	1133.88059340581	1.58922733987118	0.983735106933855	1.28332562171238	856	1097	3071	3069	982.061350376401	1270.65406252678	2187.1869039317	3370.19067311041	98.37	UP_pEhEx_DOWN_U2AF84
EHI_148190A	1793.32681713536	587.598413406376	1.38558440640791	0.997558061374774	1.609736024377	440	572	1695	2191	504.797890380393	662.547059038578	1207.19042727588	2406.02403544637	99.76	UP_pEhEx_DOWN_U2AF84
EHI_152800A	1039.49922176193	208.15334586578	1.23410499329493	0.96018040786559	2.32017002438057	90	267	755	1419	103.254113941444	309.265847488287	537.71609002554	1558.26020369621	96.02	UP_pEhEx_DOWN_U2AF84
EHI_155680A	534.128887615812	117.778353923305	1.53558757761889	0.984634567828669	2.18111349689467	95	108	550	623	108.990453604858	125.096297860431	391.713707965625	684.141019663665	98.46	UP_pEhEx_DOWN_U2AF84
EHI_155900A	112.292671108234	0.0579762708474589	3.97226485742681	0.999999999999999	10.9195136121656	0	0	82	153	0.573633966341356	0.579149527131624	58.4009528239659	168.015370800226	100	UP_pEhEx_DOWN_U2AF84
EHI_156660A	8678.50934165624	3997.61910640345	5.60442987921745	1	1.11830624191639	3568	3330	12553	7754	4093.45198381191	3857.13585069662	8940.33122925907	8514.97506656831	100	UP_pEhEx_DOWN_U2AF84
EHI_157010A	533.155791832032	1118.35632573589	-1.78762481872787	0.999993532907184	-1.06875086129433	1009	921	787	466	1157.59334407686	1066.79342897645	560.506705761721	511.733090149708	100	DOWN_pEhEx_UP_U2AF84
EHI_161940A	485.495151188684	206.581883823337	1.07293119841132	0.973584672069263	1.23274314425258	164	192	566	523	188.151940959965	222.393418418544	403.109015833716	574.32705182038	97.36	UP_pEhEx_DOWN_U2AF84
EHI_163670A	3701.65505570379	1420.37798477273	1.44289922880095	0.992826230129525	1.38189555725079	1184	1265	3643	4428	1358.36523229633	1465.24830364301	2594.56916021595	4862.56249610066	99.28	UP_pEhEx_DOWN_U2AF84
EHI_165810.mRNA	372.468634354188	963.206930461096	-1.60205535060183	0.998092181564814	-1.37072683150635	902	761	627	275	1034.83567527981	881.465580294332	446.553627080812	301.988411569034	99.81	DOWN_pEhEx_UP_U2AF84
EHI_167270A	10274.5008844456	3954.06051582707	1.73432367527614	0.999999985027413	1.37766145584381	2523	4277	11325	11496	2894.55699415848	4954.04505508391	8065.74135038309	12624.213743264	100	UP_pEhEx_DOWN_U2AF84
EHI_170060A	664.111300056406	221.015333444509	1.40123728928371	0.998709903446806	1.58727858330894	137	243	839	673	157.175706777532	281.466670185969	597.541456333017	739.048003585307	99.87	UP_pEhEx_DOWN_U2AF84
EHI_172280A	171.350167672661	19.1255136794334	1.40455626910765	0.998703665012039	3.16337720176629	17	16	135	227	19.5035548556061	18.532784868212	96.147910137017	249.277707004257	99.87	UP_pEhEx_DOWN_U2AF84
EHI_176820A	1299.34616065256	464.223536982446	1.15691633514021	0.979423161671116	1.48489425549663	413	388	1125	1655	473.82165619796	449.42003305414	801.232584475142	1817.42116780637	97.94	UP_pEhEx_DOWN_U2AF84
EHI_177520A	2079.52485106672	761.178979170976	1.35046042400406	0.988312088270889	1.44994630021038	484	825	2107	2448	555.277679418432	955.59671976718	1500.61960487922	2688.24593280361	98.83	UP_pEhEx_DOWN_U2AF84
EHI_179390A	285.465927243298	69.8643758269815	1.09924244524961	0.974694730941832	2.03068964685836	38	82	300	329	43.596181441943	94.9805224495863	213.662022526704	361.287954204407	97.47	UP_pEhEx_DOWN_U2AF84
EHI_182550A	220.062041491866	66.8790381816449	0.922112775712561	0.968309787021102	1.71828431156174	42	73	220	261	48.1852531726739	84.5558309612171	156.68548318625	286.614456070974	96.83	UP_pEhEx_DOWN_U2AF84
EHI_187780A	99.3267125310895	17.4061926546936	1.22595719591559	0.954086151051244	2.51258109315137	14	16	99	118	16.061751057558	18.532784868212	70.5084674338125	129.580482055076	95.41	UP_pEhEx_DOWN_U2AF84
EHI_188170A	475.893651270567	196.15946647125	1.00072407532457	0.962287691564235	1.27861224794082	154	184	510	542	176.679261633138	213.127025984438	363.225438295398	595.191705710604	96.23	UP_pEhEx_DOWN_U2AF84
EHI_188880A	83.9515564867895	6.95715250169506	1.4690792471137	0.98766622285455	3.592988223176	6	6	68	110	6.88360759609627	6.94979432557949	48.4300584393863	120.795364627613	98.77	UP_pEhEx_DOWN_U2AF84
EHI_188960A	6457.25383965602	2292.12166481345	2.08497652584356	0.999999999999999	1.49423711791312	1556	2388	7493	6979	1785.1489032543	2766.01814158064	5336.56511597532	7663.91681578285	100	UP_pEhEx_DOWN_U2AF84
EHI_194430A	96.2930172655875	21.5111215156115	0.958468948996382	0.961240346023474	2.16234844027715	14	23	92	117	16.061751057558	26.6408782480547	65.5230202415227	128.482342376643	96.12	UP_pEhEx_DOWN_U2AF84
EHI_194730A	20.2645101129331	67.8255811912989	-1.0958041258439	0.968547242530118	-1.74287420569886	59	58	31	17	67.68880802828	67.1813451472684	22.0784089944261	18.6683745333584	96.85	DOWN_pEhEx_UP_U2AF84
EHI_195110A	0.0449518903185059	419.47152868059	-4.66814521179097	1	-13.1879034864009	559	169	0	0	641.322774369636	195.752540170489	0.356103370877841	0.549069839216425	100	DOWN_pEhEx_UP_U2AF84
EHI_201940A	193.456960644794	84.5921098354661	0.896976724548056	0.966830071737613	1.19341762819615	77	69	246	195	88.3396308165688	79.9226347441641	175.202858471898	214.137237294406	96.68	UP_pEhEx_DOWN_U2AF84
