pEhEx_mean	CDC5_mean	theta	prob	log2FC	CDC5_1	CDC5_2	pEhEx_1	pEhEx_2	CDC5_1	CDC5_2	pEhEx_1	pEhEx_2	DE	Regulation
EHI_014110A	10554.893783455	4848.88420820978	2.00689366740039	1	1.12218735298474	2849	5438	13354	11368	3842.17094223057	5983.83727036616	9018.01378679751	11956.4415949682	100	UP_pEhEx_DOWN_CDC5
EHI_015310A	10435.565854307	3394.50407832873	2.60254970945633	1	1.62023610702072	2271	3450	12746	11539	3062.67820631998	3796.29249407195	8607.42876490348	12136.2930651248	100	UP_pEhEx_DOWN_CDC5
EHI_020990A	22.1074221348572	0.0609275189815029	2.89166700793437	1	8.50322109843675	0	0	17	31	0.67430167466314	0.550187317981442	11.480173309537	32.6046524845192	100	UP_pEhEx_DOWN_CDC5
EHI_022010A	3784.34972629489	1033.0523806532	3.69338452269712	1	1.87313201229302	743	983	5923	3332	1002.01228854943	1081.66826715151	3999.82744190517	3504.47426059413	100	UP_pEhEx_DOWN_CDC5
EHI_025840A	0.0434205305702744	18.6555734221716	-4.03994499563535	1	-8.7470136352216	14	17	0	0	18.8804468905679	18.706368811369	0.337652156162854	0.525881491685794	100	DOWN_pEhEx_UP_CDC5
EHI_027610A	811.080697238366	200.801021049556	2.34719488953678	1	2.01407885508709	153	180	1143	797	206.336312446921	198.067434473319	771.872828988285	838.255097747156	100	UP_pEhEx_DOWN_CDC5
EHI_030070A	17484.149542701	5880.40256583696	2.95662540665209	1	1.57206079386587	3730	6240	22124	18829	5030.29049298702	6866.33772840839	14940.432605894	19803.6452139036	100	UP_pEhEx_DOWN_CDC5
EHI_035600A	4267.13561843528	1887.99227614444	2.50781384286751	1	1.17641510052747	1435	1697	5632	4443	1935.24580628321	1867.33575722901	3803.31388701839	4672.98293511997	100	UP_pEhEx_DOWN_CDC5
EHI_041880A	16.9888384516604	0.0609275189815029	4.20762880782646	1	8.12327750784712	0	0	25	16	0.67430167466314	0.550187317981442	16.8826078081427	16.8282077339454	100	UP_pEhEx_DOWN_CDC5
EHI_049000A	5406.95862510205	981.384610471777	3.41459444651048	1	2.46192676357869	660	993	6747	5885	890.078210555344	1092.67201351114	4556.27819526156	6189.6251571418	100	UP_pEhEx_DOWN_CDC5
EHI_066770A	1061.36374867474	300.765453978047	2.13020488174211	1	1.81920840564483	194	315	1430	1086	261.629049769298	346.618010328308	965.685166625763	1142.21459994155	100	UP_pEhEx_DOWN_CDC5
EHI_083140A	75.90738465769	0.0609275189815029	2.84526084331721	1	10.2829305360381	0	0	27	127	0.67430167466314	0.550187317981442	18.2332164327941	133.573898888192	100	UP_pEhEx_DOWN_CDC5
EHI_083270A	3764.57484673735	554.094040346989	6.2538695974486	1	2.7642841878634	353	586	5365	3660	476.056982312177	644.81953667425	3623.00763562743	3849.45251914001	100	UP_pEhEx_DOWN_CDC5
EHI_083410A	3764.57484673735	554.094040346989	6.2538695974486	1	2.7642841878634	353	586	5365	3660	476.056982312177	644.81953667425	3623.00763562743	3849.45251914001	100	UP_pEhEx_DOWN_CDC5
EHI_090020A	16314.5811238487	2602.26075791809	2.3078124750339	1	2.64832450800407	1723	2668	16174	20499	2323.64357088918	2935.79952874897	10922.371947556	21560.0893961342	100	UP_pEhEx_DOWN_CDC5
EHI_092430A	9668.91636747647	3811.73079197364	2.21311260639277	1	1.34290797960757	2451	4002	11807	10693	3305.42680919871	4403.69929312346	7973.31801562964	11246.5015811924	100	UP_pEhEx_DOWN_CDC5
EHI_092470A	14833.7573781525	5720.27759023346	2.6345838152814	1	1.37472701344845	4043	5535	18512	16144	5452.40334132615	6090.57361005456	12501.2334297735	16979.6616035509	100	UP_pEhEx_DOWN_CDC5
EHI_098440A	532.889949321865	1518.66017460729	-2.682195354188	1	-1.51088955079196	1090	1448	726	540	1469.97765076564	1593.34247287426	490.270930748464	567.952011020658	100	DOWN_pEhEx_UP_CDC5
EHI_103310A	2787.94483486041	509.558194822518	2.2749785601476	1	2.45188318887925	237	652	3240	3191	319.618993790328	717.4442626478	2187.9859719353	3356.17567993874	100	UP_pEhEx_DOWN_CDC5
EHI_105140A	9924.45728400321	2571.79699202616	2.43009654323979	1	1.94821144481881	1784	2532	11325	11496	2405.90837519808	2786.14857825802	7647.82133708865	12091.0672568398	100	UP_pEhEx_DOWN_CDC5
EHI_111760A	9847.69043363107	3646.95430067246	4.20808154498352	1	1.43309328916276	2672	3407	13331	10035	3603.46814939982	3748.97638472554	9002.48178761402	10554.4415381339	100	UP_pEhEx_DOWN_CDC5
EHI_114920A	2021.55023101341	121.68184357007	2.64688992842537	1	4.05427623045641	92	110	1963	2567	124.071508138018	121.041209955917	1325.62236509537	2699.87557831487	100	UP_pEhEx_DOWN_CDC5
EHI_117850A	6461.69219174537	1153.35485870886	2.44478314363542	1	2.48607556542115	716	1244	7024	7714	965.599998117616	1368.86604713783	4743.33748977578	8113.29965372844	100	UP_pEhEx_DOWN_CDC5
EHI_118750A	19551.5179478367	4485.36647889059	2.03713143399254	1	2.12398284923959	2920	4663	19632	24403	3937.92178003274	5131.04692749493	13257.5742595783	25666.1720832169	100	UP_pEhEx_DOWN_CDC5
EHI_119540A	3552.98493731981	861.842951099449	2.00482857693925	1	2.04353466846245	716	696	3831	4262	965.599998117616	765.860746630167	2587.09082051979	4482.61383512971	100	UP_pEhEx_DOWN_CDC5
EHI_126870A	53623.8338015274	12304.7920329457	4.00443993937742	1	2.12365409299043	7469	13491	68859	57090	10072.718416118	14845.1542137753	46500.779642436	60045.148720684	100	UP_pEhEx_DOWN_CDC5
EHI_130260A	20769.0475519414	8624.86269889326	1.92150562705771	1	1.26786166163582	4054	10981	26518	22211	5467.23797816874	12083.2138775084	17907.7197542531	23360.7076236664	100	UP_pEhEx_DOWN_CDC5
EHI_131470A	4123.95753989194	1508.78186617377	3.92935937110935	1	1.45064523715848	1205	1281	5832	4039	1625.06703593817	1409.57990866845	3938.37474948353	4248.07068983785	100	UP_pEhEx_DOWN_CDC5
EHI_131940A	7328.1377990746	3567.37739149668	2.17734927902983	1	1.03858278624177	2639	3300	9329	7855	3558.96423887205	3631.23629867752	6299.91392968654	8261.59823438383	100	UP_pEhEx_DOWN_CDC5
EHI_134810A	890.245362843547	201.778335924655	2.28436442938954	1	2.14143172904869	149	187	1181	923	200.941899049616	205.770056925059	797.534392856662	970.777233651976	100	UP_pEhEx_DOWN_CDC5
EHI_140550A	3362.91565501948	1106.31386491235	2.25628072685703	1	1.60395185420501	687	1193	4183	3669	926.490500987154	1312.74694070372	2824.79793845844	3858.91838599036	100	UP_pEhEx_DOWN_CDC5
EHI_140640A	37.7565962134266	0.0609275189815029	3.3448856139409	1	9.27541900131462	0	0	32	51	0.67430167466314	0.550187317981442	21.6097379944227	53.639912151951	100	UP_pEhEx_DOWN_CDC5
EHI_141940A	17648.0568436007	7810.77814325351	2.13299126726392	1	1.17597115479173	4985	8249	21731	19399	6722.7876963915	9076.99037205783	14675.03801115	20403.1501144254	100	UP_pEhEx_DOWN_CDC5
EHI_156690A	30443.0471503958	62229.5617898512	-2.85810867016926	1	-1.03148731661456	50016	52427	46465	27579	67451.7451199032	57689.3410396261	31378.0148722141	29006.571318405	100	DOWN_pEhEx_UP_CDC5
EHI_160980A	17800.5800129883	6296.42937480369	2.23549861147792	1	1.49931841907827	2712	8336	23229	18708	3657.41228337287	9172.7229653866	15686.6438710139	19676.3818929157	100	UP_pEhEx_DOWN_CDC5
EHI_167270A	9924.45728400321	2571.79699202616	2.43009654323979	1	1.94821144481881	1784	2532	11325	11496	2405.90837519808	2786.14857825802	7647.82133708865	12091.0672568398	100	UP_pEhEx_DOWN_CDC5
EHI_170060A	641.512408040633	153.054876824326	1.92125061116209	1	2.06742815544848	116	138	839	673	156.437988521848	151.851699762878	566.580318041269	707.836487809079	100	UP_pEhEx_DOWN_CDC5
EHI_170580A	4351.12249863591	1803.91233195588	2.22871328776633	1	1.27025840714217	936	2183	6302	4164	1262.2927349694	2402.11783030697	4255.76777627662	4379.5410627593	100	UP_pEhEx_DOWN_CDC5
EHI_174180A	1061.36374867474	300.765453978047	2.13020488174211	1	1.81920840564483	194	315	1430	1086	261.629049769298	346.618010328308	965.685166625763	1142.21459994155	100	UP_pEhEx_DOWN_CDC5
EHI_186720A	13511.6452092615	3286.93763539357	3.75196275828322	1	2.0393873623916	2057	3524	17410	14346	2774.07708956416	3877.7202171332	11757.0480775906	15088.5917594488	100	UP_pEhEx_DOWN_CDC5
EHI_197480A	20034.6803372952	4100.14992061942	2.67939628222346	1	2.28875092360493	2603	4348	22670	23333	3510.4145182963	4784.42891716662	15309.1487604238	24540.7856910093	100	UP_pEhEx_DOWN_CDC5
EHI_155680A	515.92185392233	66.3151204509339	1.86926994395747	1	2.95974279831641	47	64	550	623	63.3843574183351	70.4239767016245	371.41737177914	655.2483386405	100	UP_pEhEx_DOWN_CDC5
EHI_035060A	137.143673546751	0.0609275189815029	5.49871216053473	1	11.1363064577573	0	0	228	112	0.67430167466314	0.550187317981442	153.969383210262	117.797454137618	100	UP_pEhEx_DOWN_CDC5
EHI_135060A	1770.43137513332	303.270589447718	1.90549108157647	1	2.54542342326389	279	210	1817	2184	376.260334462032	231.078673552206	1227.02793549581	2297.05035568355	100	UP_pEhEx_DOWN_CDC5
EHI_147570A	2665.83978166326	885.150053021668	1.86547282594879	0.999999999999999	1.59059612573046	650	825	3071	3069	876.592177062081	907.809074669379	2073.85954315225	3227.86059596741	100	UP_pEhEx_DOWN_CDC5
EHI_094020A	304.945504612898	0.0609275189815029	5.13851847146645	0.999999999999999	12.2891698341381	0	0	594	192	0.67430167466314	0.550187317981442	401.130761521471	201.938492807345	100	UP_pEhEx_DOWN_CDC5
EHI_177520A	2008.63077492198	451.816216025452	1.88885070958788	0.999999999999999	2.15240443707944	328	426	2107	2448	442.34189857902	468.759594920188	1422.86618607027	2574.71578329365	100	UP_pEhEx_DOWN_CDC5
EHI_023400A	822.156652227473	3869.1820310359	-3.01933175874847	0.999999999999999	-2.23454339027685	2623	3888	1723	438	3537.38658528283	4278.25658462369	1163.5493301372	460.672186716756	100	DOWN_pEhEx_UP_CDC5
EHI_048990A	44930.8302587197	94783.5371682957	-2.55176139552574	0.999999999999999	-1.07693077993213	77714	77874	61717	45200	104805.360689542	85690.5744009736	41677.7562438058	47539.6868483958	100	DOWN_pEhEx_UP_CDC5
EHI_140540A	8776.60821917384	3506.75295950223	7.43485631686936	0.999999999999999	1.32352770748774	2646	3177	12921	8262	3568.40446231733	3495.89021845408	8725.60701956048	8689.66576861607	100	UP_pEhEx_DOWN_CDC5
EHI_099860A	125.211175701826	7.15666396971749	1.79228356691346	0.999999999999999	4.12893228359709	5	7	117	162	6.7430167466314	7.70262245174018	79.0106045421079	170.385603306197	100	UP_pEhEx_DOWN_CDC5
EHI_087570A	5085.45698183362	1440.16573998914	1.80174084484666	0.999999999999998	1.82014256894835	978	1445	5229	6267	1318.9340756411	1590.04134896637	3531.16624915113	6591.39861678975	100	UP_pEhEx_DOWN_CDC5
EHI_103510A	2933.1501837566	533.428168920001	1.81359374862087	0.999999999999998	2.45908502525971	326	582	2698	3823	439.644691880367	640.418038130398	1821.97103465476	4020.88988542958	100	UP_pEhEx_DOWN_CDC5
EHI_155900A	108.456481821567	0.0609275189815029	3.77637142141394	0.999999999999998	10.7977346629132	0	0	82	153	0.67430167466314	0.550187317981442	55.3749536107081	160.919736455853	100	UP_pEhEx_DOWN_CDC5
EHI_169350A	2440.39975318637	144.512651309939	1.76628342845176	0.999999999999997	4.07784978627461	133	100	1248	3834	179.364245460395	110.037463596288	842.779781782484	4032.45927824667	100	UP_pEhEx_DOWN_CDC5
EHI_148400A	26.7043674554395	2.43710075926012	1.82272344950547	0.999999999999997	3.45383790756174	2	2	38	26	2.69720669865256	2.20074927192577	25.6615638683769	27.3458375676613	100	UP_pEhEx_DOWN_CDC5
EHI_152800A	1003.98639132543	69.6491221167217	1.77681413003819	0.999999999999997	3.84949073530376	72	38	755	1419	97.0994411514921	41.8142361665896	509.85475580591	1492.45167340428	100	UP_pEhEx_DOWN_CDC5
EHI_000620A	23.2840742296295	1.21855037963006	1.80616727805908	0.999999999999997	4.25610571796526	1	1	25	28	1.34860334932628	1.10037463596288	16.8826078081427	29.4493635344045	100	UP_pEhEx_DOWN_CDC5
EHI_098470A	4235.3866296478	0.0609275189815029	4.28606843539266	0.999999999999997	16.0850401534058	0	0	486	7755	0.67430167466314	0.550187317981442	328.197895790294	8156.42193604667	100	UP_pEhEx_DOWN_CDC5
EHI_049690A	3103.45651457533	1277.4799798649	4.28897011521369	0.999999999999997	1.28057524909127	927	1205	4559	2928	1250.15530482546	1325.95143633527	3078.71235989291	3079.56201531201	100	UP_pEhEx_DOWN_CDC5
EHI_135080A	40217.9745324773	19074.2660793238	1.85462570433839	0.999999999999997	1.07621287857038	14561	17063	47527	45516	19637.0133695399	18775.6924134347	32095.188051904	47872.0439511412	100	UP_pEhEx_DOWN_CDC5
EHI_044770A	9067.17301218776	4281.46029961924	1.82516914211113	0.999999999999997	1.08254986552758	3029	4139	10867	10162	4084.9195451093	4554.45061825037	7338.53196204348	10688.0154370221	100	UP_pEhEx_DOWN_CDC5
EHI_118220A	0.0434205305702744	58.4842349943467	-3.15470714094718	0.999999999999996	-10.3954547141616	17	88	0	0	22.9262569385467	96.8329679647337	0.337652156162854	0.525881491685794	100	DOWN_pEhEx_UP_CDC5
EHI_044550A	55849.3422152274	122844.309261614	-3.13779664653601	0.999999999999996	-1.13721883259904	98905	103273	80340	53808	133383.614265116	113638.989779795	54253.9484522474	56593.2626092584	100	DOWN_pEhEx_UP_CDC5
EHI_007620A	5018.06485921448	12688.796044832	-2.54642730924189	0.999999999999995	-1.33835216494691	10224	10657	8869	3753	13788.1206435119	11726.6924954564	5989.27394601671	3947.26647659357	100	DOWN_pEhEx_UP_CDC5
EHI_015320A	6693.46896066459	14552.3245393607	-3.15748045484867	0.999999999999995	-1.12042362112367	11518	12490	9253	6695	15533.2133775401	13743.6792031764	6248.59080194978	7041.55317367279	100	DOWN_pEhEx_UP_CDC5
EHI_188960A	6237.35477877165	1160.71563961218	3.07923869033926	0.999999999999995	2.42591974750998	798	1152	7493	6979	1076.18547276237	1267.63158062924	5060.05521225653	7340.25386095032	100	UP_pEhEx_DOWN_CDC5
EHI_195110A	0.0434205305702744	947.673420906968	-5.84911807152528	0.999999999999994	-14.4137250002733	958	545	0	0	1291.96200865458	599.704176599771	0.337652156162854	0.525881491685794	100	DOWN_pEhEx_UP_CDC5
EHI_000690A	219.592292389316	0.0609275189815029	4.47656741336539	0.999999999999993	11.8154458028758	0	0	184	298	0.67430167466314	0.550187317981442	124.25599346793	313.425369044733	100	UP_pEhEx_DOWN_CDC5
EHI_007510A	20988.7557103886	52574.1335905452	-3.06538251833547	0.999999999999993	-1.32473652890801	41255	45584	37214	15620	55636.6311764556	50159.4774057321	25130.7746788889	16428.5378002642	100	DOWN_pEhEx_UP_CDC5
EHI_044830A	26353.8792635391	55650.9796039615	-5.52073199260053	0.999999999999989	-1.07839174232799	42177	50178	36062	26602	56880.0434645345	55214.5984833456	24352.8241110897	27978.998883651	100	DOWN_pEhEx_UP_CDC5
EHI_158570A	7856.69740069406	677.507834247601	1.74161727815834	0.999999999999978	3.5356134622998	439	707	4325	12142	592.036870354236	777.964867625759	2920.69115080869	12770.5061440978	100	UP_pEhEx_DOWN_CDC5
EHI_089770A	35.8952934777212	0.0609275189815029	4.79203955603088	0.999999999999974	9.20248498386707	0	0	51	35	0.67430167466314	0.550187317981442	34.4405199286111	36.8117044180056	100	UP_pEhEx_DOWN_CDC5
EHI_083100A	84.395876965768	3.65565113889017	1.72844816122317	0.999999999999522	4.52897221517392	3	3	70	115	4.04581004797884	3.30112390788865	47.2713018627996	120.952743087733	100	UP_pEhEx_DOWN_CDC5
EHI_118270A	39145.3327521665	4818.45750327811	1.72331765855614	0.999999999998492	3.02219702077632	3612	4396	25137	58145	4871.15529776652	4837.24689969284	16975.1244989313	61154.758668141	100	UP_pEhEx_DOWN_CDC5
EHI_178340A	3196.65201571098	278.021237033462	1.72055037432933	0.999999999997047	3.52329470784056	243	209	1876	4864	327.710613886286	229.978298916243	1266.87088992303	5115.77515111941	100	UP_pEhEx_DOWN_CDC5
EHI_188760A	3377.2163358287	7485.96322873702	-1.6444591592962	0.999999999990007	-1.14835336404173	6125	6167	6579	2126	8260.19551462346	6786.0103799831	4442.82707079084	2236.048102648	100	DOWN_pEhEx_UP_CDC5
EHI_157010A	515.041594115448	1159.33007166633	-1.64938349582775	0.999999999970298	-1.17053052067934	906	1010	787	466	1221.83463448961	1111.37838232251	531.464493800333	490.12155025116	100	DOWN_pEhEx_UP_CDC5
EHI_092930A	610.359289088542	135.457032245825	1.7069988362933	0.999999999949094	2.17182344481458	71	163	814	630	95.7508378021658	179.36106566195	549.697710233127	662.610679524101	100	UP_pEhEx_DOWN_CDC5
EHI_040310A	1255.10230578677	571.636210269687	1.69616022681996	0.999999999519653	1.13463575390551	463	477	1757	1241	624.403350738067	524.878701354295	1186.50967675627	1305.23786236414	100	UP_pEhEx_DOWN_CDC5
EHI_073180A	398.120327656812	98.3067069374412	1.69372518629592	0.99999999922894	2.01784278363532	75	88	540	405	101.145251199471	96.8329679647337	364.664328655883	425.964008265493	100	UP_pEhEx_DOWN_CDC5
EHI_048300A	75.6050724120894	0.713192145635637	1.68541013225528	0.999999996279893	6.72804840447997	1	0	78	93	1.34860334932628	0.550187317981442	52.6737363614053	97.8139574535577	100	UP_pEhEx_DOWN_CDC5
EHI_057850A	813.668145999312	335.985888849001	1.67818270817166	0.999999986719217	1.27603987007074	236	327	1149	798	318.270390441002	359.822505959863	775.924654862239	839.306860730528	100	UP_pEhEx_DOWN_CDC5
EHI_172280A	165.498906837503	10.1257207647612	1.66868057910241	0.999999931621061	4.03072517762363	7	10	135	227	9.44022344528395	11.0037463596288	91.1660821639707	238.750197225351	100	UP_pEhEx_DOWN_CDC5
EHI_057550A	199.076466912249	847.15848866019	-1.70229066872976	0.999999506077736	-2.08930920974506	738	640	341	156	995.269271802794	704.239767016245	230.278770503067	164.075025405968	100	DOWN_pEhEx_UP_CDC5
EHI_025830A	1778.65905986016	866.902726269067	1.6455166999828	0.999997786540459	1.03684797062765	618	832	2317	1872	833.43686988364	915.511697121119	1564.68009165867	1968.90030487161	100	UP_pEhEx_DOWN_CDC5
EHI_058090A	2883.25660059574	1035.97194602033	1.64039686538034	0.999995580353048	1.47671430221333	841	862	3209	3393	1134.1754167834	948.522936200006	2167.0515382532	3568.6318025798	100	UP_pEhEx_DOWN_CDC5
EHI_017750A	788.267872130394	195.846405562464	1.62711557850465	0.999977430346132	2.00896332477001	176	141	950	880	237.354189481425	155.152823670767	641.539096709423	925.551425366998	100	UP_pEhEx_DOWN_CDC5
EHI_171280A	1300.31003754076	480.195453171895	1.60616385472419	0.999799861705869	1.43716200287725	312	500	1594	1434	420.764244989799	550.187317981442	1076.43507384718	1508.22811815486	99.98	UP_pEhEx_DOWN_CDC5
EHI_129750A	2396.40724141281	1135.20029957826	1.44395874134135	0.999764651288625	1.07792622289071	891	984	2858	2695	1201.60558424971	1082.76864178748	1930.01972462688	2834.50124018643	99.98	UP_pEhEx_DOWN_CDC5
EHI_020080A	810.096694330688	310.062308546691	1.45014947728133	0.999685280068512	1.3855359591719	261	246	1073	841	351.985474174159	270.692160446869	724.601527125485	884.532669015506	99.97	UP_pEhEx_DOWN_CDC5
EHI_099340A	1940.98663649765	953.456915392546	1.45335898471406	0.99960822386825	1.02555053234392	703	885	2397	2129	948.068154576374	973.831552827152	1618.70443664472	2239.20339159811	99.96	UP_pEhEx_DOWN_CDC5
EHI_153690A	1628.42698406587	764.272329933762	1.42496067813378	0.99952710068913	1.09132032874001	546	732	1996	1796	736.337428732148	805.474233524831	1347.90740740211	1888.96631813537	99.95	UP_pEhEx_DOWN_CDC5
EHI_007940A	636.524235108097	227.893666704774	1.45629880845357	0.999515136285231	1.48185461269386	139	249	884	634	187.455865556353	273.993284354758	596.969012095926	666.817731457587	99.95	UP_pEhEx_DOWN_CDC5
EHI_039020A	798.199744072193	28.9668614368451	1.45751025551851	0.999471533405342	4.78427453428018	5	48	248	1359	6.7430167466314	52.8179825262184	167.475469456776	1429.34589440199	99.95	UP_pEhEx_DOWN_CDC5
EHI_048140A	1610.05104269896	276.07898014024	1.594427990923	0.999456825873216	2.54395347158681	227	226	1320	2204	306.132960297065	248.684667727612	891.401692269935	2318.08561535098	99.95	UP_pEhEx_DOWN_CDC5
EHI_017660A	337.856183199898	46.6636760687902	1.42037072106805	0.999337577601411	2.85603738905325	30	49	293	452	40.4581004797884	53.9183571621813	197.864163511433	475.396868483958	99.93	UP_pEhEx_DOWN_CDC5
EHI_010020A	872.820822856659	134.003429589561	1.41878250748385	0.999260970851639	2.70341559592048	96	128	610	1264	129.465921535323	140.847953403249	411.935630518682	1329.42841098169	99.93	UP_pEhEx_DOWN_CDC5
EHI_125780A	4437.31740278072	2154.27956425118	1.41621493284575	0.999104840256307	1.04248227046409	1523	2084	5036	5158	2053.92290102392	2293.18074134665	3400.83251687227	5424.99346823065	99.91	UP_pEhEx_DOWN_CDC5
EHI_165810.mRNA	359.83320386415	881.117084155057	-1.46496993217053	0.999033931916117	-1.29200542091704	648	820	627	275	873.894970363429	902.307201489564	423.415803828219	289.234820427187	99.9	DOWN_pEhEx_UP_CDC5
EHI_103900A	51.8171428931162	308.392216099849	-1.99647096628364	0.999025218752632	-2.57326497657722	233	279	79	47	314.224580393023	307.004523433644	53.349040673731	49.4328602184647	99.9	DOWN_pEhEx_UP_CDC5
EHI_001940A	1108.72917081229	335.998255304794	1.58287298125205	0.998752268555771	1.72238135469126	298	247	1316	1251	401.883798099231	271.792535082832	888.700475020633	1315.75549219786	99.88	UP_pEhEx_DOWN_CDC5
EHI_005020A	1383.86417618502	509.088083868065	1.47040450891415	0.998706938657876	1.44271514975308	375	473	1570	1609	505.726255997355	520.477202810444	1060.22777035136	1692.28664024489	99.87	UP_pEhEx_DOWN_CDC5
EHI_141800A	1544.76910696085	571.747546778924	1.57781519118518	0.998287401454108	1.43394104244604	505	423	1890	1706	681.044691409771	465.4584710123	1276.32515029559	1794.30764963193	99.83	UP_pEhEx_DOWN_CDC5
EHI_167310A	5797.26024159703	1801.37623553844	1.47509452395599	0.998271857008374	1.68627171620952	1298	1711	5302	7576	1750.48714742551	1882.74100213249	3580.46346395091	7968.15636202316	99.83	UP_pEhEx_DOWN_CDC5
EHI_148190A	1732.15906515502	416.131859829124	1.57718490197271	0.998219676587284	2.05745876651722	369	306	1695	2191	497.634635901397	336.714638604642	1144.64080939208	2304.41269656715	99.82	UP_pEhEx_DOWN_CDC5
EHI_193940A	118.969289143669	1.63019782454313	1.57452010060588	0.997933624478826	6.18939834641031	0	3	108	156	0.67430167466314	3.30112390788865	72.9328657311765	164.075025405968	99.79	UP_pEhEx_DOWN_CDC5
EHI_134490A	634.814086175178	221.633903641584	1.397981727991	0.997173012653073	1.51815555183368	157	214	789	693	211.730725844226	235.480172096057	532.815102424984	728.871747476511	99.72	UP_pEhEx_DOWN_CDC5
EHI_016370A	1479.60572349786	3221.95854665229	-1.98007491985402	0.99671696329232	-1.12272514631246	2600	2701	2381	1260	3506.36870824833	2972.11189173575	1607.89956764751	1325.2213590482	99.67	DOWN_pEhEx_UP_CDC5
EHI_108690A	1479.60572349786	3221.95854665229	-1.98007491985402	0.99671696329232	-1.12272514631246	2600	2701	2381	1260	3506.36870824833	2972.11189173575	1607.89956764751	1325.2213590482	99.67	DOWN_pEhEx_UP_CDC5
EHI_067520A	3110.12517169184	1356.80947030826	1.56215999611498	0.99623418138871	1.19675450014406	924	1358	3611	3562	1246.10949477748	1494.3087556376	2438.52387180813	3746.3797467696	99.62	UP_pEhEx_DOWN_CDC5
EHI_035220A	110.056967695979	10.1937618763562	1.38932267219579	0.995595511268324	3.43249202212558	4	14	166	101	5.39441339730512	15.4052449034804	112.100515846068	106.22806132053	99.56	UP_pEhEx_DOWN_CDC5
EHI_163670A	3575.43319782567	1249.19970637072	1.49575946278992	0.995403950461278	1.51711391338206	1009	1046	3643	4428	1360.74077947022	1150.99186921718	2460.13360980256	4657.20649036939	99.54	UP_pEhEx_DOWN_CDC5
EHI_134720A	2113.75292818529	1055.87082833846	1.38746795590317	0.99519776755774	1.00137340213879	636	1164	2663	2284	857.711730171514	1280.8360762608	1798.33538372336	2402.22665402071	99.52	UP_pEhEx_DOWN_CDC5
EHI_095830A	291.501436259914	53.7337428420398	1.54860116312343	0.994069526865386	2.43960275369284	31	61	384	304	41.8067038291147	67.1228527937359	259.316855933072	319.735946944963	99.41	UP_pEhEx_DOWN_CDC5
EHI_013220A	1492.79487638715	522.300387566187	1.54714973467372	0.993848454861106	1.5150642602958	371	503	1690	1738	500.33184260005	553.48844188933	1141.26428783045	1827.96406509982	99.38	UP_pEhEx_DOWN_CDC5
EHI_050520A	1040.6285878006	341.336378148687	1.50651251152747	0.993704616245562	1.60818916229255	219	359	1211	1190	295.344133502455	395.034494310675	817.793522226433	1251.59795021219	99.37	UP_pEhEx_DOWN_CDC5
EHI_038300A	86.79067653962	13.9360102117142	1.51197575426267	0.992999519022756	2.63872248374978	11	12	138	75	14.8346368425891	13.2044956315546	93.1919951009478	78.8822237528692	99.3	UP_pEhEx_DOWN_CDC5
EHI_114010A	66.4437832985828	516.158150641314	-1.42813443927084	0.992925796118779	-2.95760704695894	376	485	1	126	507.074859346681	533.681698441998	0.675304312325709	132.52213590482	99.29	DOWN_pEhEx_UP_CDC5
EHI_028990A	490.983944598477	72.2717901258942	1.53783473081569	0.992683333321892	2.7641713140341	58	61	450	641	78.2189942609242	67.1228527937359	303.886940546569	674.180072341188	99.27	UP_pEhEx_DOWN_CDC5
EHI_065340A	507.362233961197	122.894210721804	1.51819593464024	0.992398039600607	2.0455991797885	62	151	696	511	83.6134076582293	166.156570030395	470.011801378693	537.450884502882	99.24	UP_pEhEx_DOWN_CDC5
EHI_144610A	1581.14157415796	489.040765673327	1.51900666513791	0.992344730748217	1.69293991514053	352	465	1654	1930	474.70837896285	511.674205722741	1116.95333258672	2029.90255790717	99.23	UP_pEhEx_DOWN_CDC5
EHI_181610A	90.80670504001	330.932303308465	-1.33163126241266	0.990472513001947	-1.8656653912296	279	262	139	82	376.260334462032	288.298154622275	93.8672994132735	86.2445646364703	99.05	DOWN_pEhEx_UP_CDC5
EHI_117270A	43.5361228665474	363.758939218985	-1.33194431980912	0.990429360664736	-3.06269786370858	278	325	119	5	374.911731112706	357.621756687937	80.3612131667593	5.25881491685794	99.04	DOWN_pEhEx_UP_CDC5
EHI_076020A	636.38789511967	256.14918808382	1.24027770576197	0.989575867778225	1.31292207520749	191	235	789	696	257.583239721319	258.588039451278	532.815102424984	732.027036426626	98.96	UP_pEhEx_DOWN_CDC5
EHI_186950A	269.865267886742	92.3500372624809	1.24382818582765	0.989403571613796	1.54705486304118	64	91	376	268	86.3106143568819	100.134091872622	253.914421434466	281.872479543586	98.94	UP_pEhEx_DOWN_CDC5
EHI_098800A	544.591262574243	216.196817145431	1.22497767093428	0.989314085034061	1.33282855211981	170	187	699	580	229.262569385467	205.770056925059	472.03771431567	610.022530355521	98.93	UP_pEhEx_DOWN_CDC5
EHI_126210A	169.12370772594	36.3833169959661	1.2224401133559	0.989170143514206	2.216729928825	22	40	202	190	29.6692736851781	44.0149854385153	136.411471089793	199.834966840602	98.92	UP_pEhEx_DOWN_CDC5
EHI_155420A	692.357401861575	255.666717074758	1.22196641109348	0.989138994125389	1.43725260239944	181	247	787	804	244.097206228057	271.792535082832	531.464493800333	845.617438630757	98.91	UP_pEhEx_DOWN_CDC5
EHI_104360A	991.65674591084	345.208519078154	1.21891229217065	0.988930420015914	1.52237276173752	275	294	1006	1231	370.865921064727	323.510142973088	679.356138199663	1294.72023253043	98.89	UP_pEhEx_DOWN_CDC5
EHI_193440A	1052.23803498783	2125.81990673498	-1.81424166439213	0.988316093254413	-1.01455827625945	1652	1864	1701	891	2227.89273308701	2051.09832143481	1148.69263526603	937.120818184085	98.83	DOWN_pEhEx_UP_CDC5
EHI_148470A	670.771613449305	162.747611606748	1.21062545107108	0.988277853861599	2.04318526506611	103	173	564	909	138.906144980607	190.364812021579	380.8716321517	956.052551884774	98.83	UP_pEhEx_DOWN_CDC5
EHI_116040A	22.217085193364	0.713192145635637	1.20601707824105	0.987846871987019	4.96123492750207	1	0	28	24	1.34860334932628	0.550187317981442	18.9085207451198	25.2423116009181	98.78	UP_pEhEx_DOWN_CDC5
EHI_109880A	34.9172198078089	5.40615755430383	1.25774215648541	0.987612873544661	2.69126322995772	4	5	39	41	5.39441339730512	5.50187317981442	26.3368681807026	43.1222823182351	98.76	UP_pEhEx_DOWN_CDC5
EHI_138470A	707.78428056422	169.997056000829	1.19620550412673	0.986656390467277	2.05779995871549	143	135	574	973	192.850278953658	148.550575854989	387.624675274957	1023.36538282056	98.67	UP_pEhEx_DOWN_CDC5
EHI_187780A	95.9401071775943	16.7504286986951	1.19456867468413	0.986419032379586	2.5179360318531	12	16	99	118	16.1832401919153	17.6059941754061	66.8551269202452	124.108032037847	98.64	UP_pEhEx_DOWN_CDC5
EHI_056690A	249.435388517118	85.9665648330777	1.0817356994868	0.98638985833043	1.53681859787269	64	79	312	271	86.3106143568819	86.9295962410678	210.694945445621	285.027768493701	98.64	UP_pEhEx_DOWN_CDC5
EHI_015440A	350.33106709959	118.712786775026	1.08836212181241	0.986160397971659	1.5612435922257	90	107	401	405	121.374301439365	117.740086048029	270.797029242609	425.964008265493	98.62	UP_pEhEx_DOWN_CDC5
EHI_166030A	321.101493959666	131.943646558021	1.08890824390319	0.986119289503756	1.28310749469056	93	128	435	327	125.420111487344	140.847953403249	293.757375861683	343.92649556251	98.61	UP_pEhEx_DOWN_CDC5
EHI_044820A	219.272197070444	51.5193215024376	1.07456484265635	0.986076023113824	2.08953739631191	27	62	238	262	36.4122904318095	68.2232274296988	160.722426333519	275.561901643356	98.61	UP_pEhEx_DOWN_CDC5
EHI_141810A	419.646832971477	172.792918402938	1.07390183489179	0.986024430818419	1.28013160045564	137	148	537	448	184.7586588577	162.855446122507	362.638415718905	471.189816550472	98.6	UP_pEhEx_DOWN_CDC5
EHI_174910A	942.735293262037	324.047803785128	1.19202173504235	0.985990972334747	1.54064608308772	262	271	940	1181	353.334077523485	298.201526345941	634.786053586166	1242.13208336185	98.6	UP_pEhEx_DOWN_CDC5
EHI_161170A	435.073720954177	1032.39051922094	-1.37079152802783	0.985666585551862	-1.24665701399038	866	823	678	385	1167.89050051656	905.608325397453	457.85632375683	404.928748598062	98.57	DOWN_pEhEx_UP_CDC5
EHI_000130A	274.192497849354	53.6347727885953	1.09323236073639	0.985641100486602	2.35394855318752	51	35	236	368	68.7787708156402	38.5131122587009	159.371817708867	387.048777880745	98.56	UP_pEhEx_DOWN_CDC5
EHI_083400A	309.420928399441	697.493294558639	-1.38478286305075	0.985595636936359	-1.17260856737474	496	671	488	270	668.907261265834	738.351380731095	329.548504414946	283.976005510329	98.56	DOWN_pEhEx_UP_CDC5
EHI_122900A	387.604551075799	1123.18799017489	-1.38100339486189	0.985506004962815	-1.53494199921218	889	964	308	537	1198.90837755106	1060.76114906822	207.993728196318	564.796722070543	98.55	DOWN_pEhEx_UP_CDC5
EHI_092170A	149.37255439951	35.6286815405246	1.35300792227174	0.985481136102567	2.06780409095104	24	36	230	134	32.3664803838307	39.6134868946638	155.319991834913	140.936239771793	98.55	UP_pEhEx_DOWN_CDC5
EHI_182550A	212.559056750602	41.1214362912963	1.2678842892867	0.985356261346203	2.36990116983094	32	36	220	261	43.1553071784409	39.6134868946638	148.566948711656	274.510138659985	98.54	UP_pEhEx_DOWN_CDC5
EHI_056380A	548.708060276491	210.648394140041	1.09597445162661	0.985199485688867	1.38120185082942	141	214	624	637	190.153072255005	235.480172096057	421.389890891242	669.973020407702	98.52	UP_pEhEx_DOWN_CDC5
EHI_188880A	81.0852467984648	3.75802196767753	1.09636623758117	0.985128406521239	4.43139403933667	0	7	68	110	0.67430167466314	7.70262245174018	45.9206932381482	115.693928170875	98.51	UP_pEhEx_DOWN_CDC5
EHI_115360A	87.673905605413	21.7792685252782	1.09735545130201	0.984948378612015	2.00919201630241	17	19	107	97	22.9262569385467	20.9071180832948	72.2575614188508	102.021009387044	98.49	UP_pEhEx_DOWN_CDC5
EHI_024240A	447.335198694567	123.784928400436	1.06321605413694	0.984836170609927	1.85352061368938	54	163	468	546	72.8245808636191	179.36106566195	316.042418168432	574.262588920887	98.48	UP_pEhEx_DOWN_CDC5
EHI_056460A	293.057462131136	101.770607598523	1.09803809304194	0.984823672879172	1.5258626168343	63	110	387	305	84.9620110075556	121.041209955917	261.342768870049	320.787709928335	98.48	UP_pEhEx_DOWN_CDC5
EHI_050000A	56.8616296643473	6.24739020621315	1.1853520226178	0.984669382473311	3.18612990027466	6	4	54	73	8.09162009595767	4.40149854385153	36.4664328655883	76.778697786126	98.47	UP_pEhEx_DOWN_CDC5
EHI_086080A	430.067755668315	111.333443385651	1.09878210403923	0.984662820269071	1.94967694119816	87	97	372	576	117.328491391386	106.7363396884	251.213204185164	605.815478422035	98.47	UP_pEhEx_DOWN_CDC5
EHI_097930A	94.6923227897394	20.715356453711	1.0616405939584	0.984631943117005	2.19254681817184	17	17	103	113	22.9262569385467	18.706368811369	69.556344169548	118.84921712099	98.46	UP_pEhEx_DOWN_CDC5
EHI_198930A	1137.55565786473	403.265951318058	1.3499253349279	0.98459741579024	1.49613362873806	303	367	1232	1361	408.626814845863	403.837491398378	831.974912785273	1431.44942036873	98.46	UP_pEhEx_DOWN_CDC5
EHI_126980A	87.5968440745644	7.84325831356395	1.27127507301594	0.98451122533863	3.48135387285857	6	7	61	127	8.09162009595767	7.70262245174018	41.1935630518682	133.573898888192	98.45	UP_pEhEx_DOWN_CDC5
EHI_151890A	48.2338373889874	9.90304134510332	1.05837192814872	0.984195401858315	2.28410202499344	9	7	64	50	12.1374301439365	7.70262245174018	43.2194759888454	52.5881491685794	98.42	UP_pEhEx_DOWN_CDC5
EHI_025230A	932.059478301644	376.934130747362	1.27322021770431	0.98401877745559	1.30610958722853	260	373	1089	1063	350.636870824833	410.439739214156	735.406396122697	1118.024051324	98.4	UP_pEhEx_DOWN_CDC5
EHI_160740A	932.059478301644	376.934130747362	1.27322021770431	0.98401877745559	1.30610958722853	260	373	1089	1063	350.636870824833	410.439739214156	735.406396122697	1118.024051324	98.4	UP_pEhEx_DOWN_CDC5
EHI_160210A	69.4372827658978	16.5957903906322	1.10265872119715	0.983754541516456	2.06489315224177	11	17	86	76	14.8346368425891	18.706368811369	58.0761708600109	79.9339867362407	98.38	UP_pEhEx_DOWN_CDC5
EHI_141890A	119.407941377696	34.0328134331738	1.1027176966911	0.983738778335186	1.81090046164856	24	33	152	128	32.3664803838307	36.3123629867752	102.646255473508	134.625661871563	98.37	UP_pEhEx_DOWN_CDC5
EHI_159820A	105.116214745488	31.9730304016344	1.05425072310136	0.98363935922118	1.71705783574176	21	33	144	106	28.3206703358519	36.3123629867752	97.243820974902	111.486876237388	98.36	UP_pEhEx_DOWN_CDC5
EHI_058320A	79.1142810042526	14.6226045555607	1.05341194119516	0.983525825493571	2.43573783587087	12	12	76	101	16.1832401919153	13.2044956315546	51.3231277367539	106.22806132053	98.35	UP_pEhEx_DOWN_CDC5
EHI_010030A	645.984867208293	133.75600445595	1.34484027369529	0.983232109727284	2.2718967116982	146	63	704	770	196.896089001637	69.3236020656617	475.414235877299	809.857497196123	98.32	UP_pEhEx_DOWN_CDC5
EHI_126240A	2988.72257540904	1298.57269245344	1.27674498640025	0.983136982163224	1.20260221027622	427	1890	4297	2881	575.853630162321	2079.70806196985	2901.78263006357	3030.12915509355	98.31	UP_pEhEx_DOWN_CDC5
EHI_202460A	841.306117841418	225.134916472412	1.27772235335182	0.982893169007832	1.90184101173236	159	218	764	1103	214.427932542878	239.881670639909	515.932494616841	1160.09457065886	98.29	UP_pEhEx_DOWN_CDC5
EHI_006810A	554.558719222694	257.454335659917	1.04532992730311	0.982445633629763	1.1070236616013	196	231	699	599	264.326256467951	254.186540907426	472.03771431567	630.006027039582	98.24	UP_pEhEx_DOWN_CDC5
EHI_037810A	77.6145689717259	19.564847185676	1.0450967727377	0.982414256790216	1.98806364313563	13	20	93	87	17.5318435412416	22.0074927192577	62.8033010462909	91.5033795533282	98.24	UP_pEhEx_DOWN_CDC5
EHI_052110A	77.6145689717259	19.564847185676	1.0450967727377	0.982414256790216	1.98806364313563	13	20	93	87	17.5318435412416	22.0074927192577	62.8033010462909	91.5033795533282	98.24	UP_pEhEx_DOWN_CDC5
EHI_143440A	259.527326678464	54.0801316279111	1.27982138066956	0.982389533589901	2.26271588558474	47	41	291	304	63.3843574183351	45.1153600744782	196.513554886781	319.735946944963	98.24	UP_pEhEx_DOWN_CDC5
EHI_150530A	33.4530739218235	8.90717038513115	1.10758164897916	0.982389010913251	1.90909968599127	6	9	50	31	8.09162009595767	9.90337172366595	33.7652156162854	32.6046524845192	98.24	UP_pEhEx_DOWN_CDC5
EHI_151350A	73.3821789732053	8.99376758159897	1.10845159388565	0.982127746036054	3.02843223663537	10	4	99	75	13.4860334932628	4.40149854385153	66.8551269202452	78.8822237528692	98.21	UP_pEhEx_DOWN_CDC5
EHI_137810A	9.87854128209781	2.43710075926012	1.04238780955573	0.982052753165473	2.01913212258118	2	2	15	9	2.69720669865256	2.20074927192577	10.1295646848856	9.4658668503443	98.21	UP_pEhEx_DOWN_CDC5
EHI_035670A	251.874643454133	42.8904987915827	1.33934910376115	0.981900314463536	2.55397589251925	40	29	284	294	53.9441339730512	31.9108644429236	191.786424700501	309.218317111247	98.19	UP_pEhEx_DOWN_CDC5
EHI_105280A	103.939562650716	22.3112245610618	1.33923353590682	0.981873495961824	2.21990328986514	17	20	136	109	22.9262569385467	22.0074927192577	91.8413864762964	114.642165187503	98.19	UP_pEhEx_DOWN_CDC5
EHI_087410A	146.384984169961	43.6946192737464	1.10945953013147	0.981823823248265	1.74424003625281	28	46	203	146	37.7608937811358	50.6172332542926	137.086775402119	153.557395572252	98.18	UP_pEhEx_DOWN_CDC5
EHI_110570A	325.505785453127	102.166481411116	1.04061815152239	0.981807174868787	1.67176122849643	69	103	341	397	93.0536311035133	113.338587504177	230.278770503067	417.549904398521	98.18	UP_pEhEx_DOWN_CDC5
EHI_113900A	642.125926388484	247.804902676321	1.33820266911511	0.981639738904543	1.37365151928929	168	249	824	684	226.565362686815	273.993284354758	556.450753356384	719.405880626167	98.16	UP_pEhEx_DOWN_CDC5
EHI_035650A	138.261047183945	44.4678108140607	1.11065722458816	0.981457345899897	1.63656147119878	33	41	187	141	44.5039105277672	45.1153600744782	126.281906404908	148.298580655394	98.15	UP_pEhEx_DOWN_CDC5
EHI_111050A	2211.68177959034	1042.1574975464	1.28572976308634	0.981059432242334	1.08557049972057	623	1155	2574	2529	840.179886630272	1270.93270453713	1738.23329992637	2659.90858494675	98.11	UP_pEhEx_DOWN_CDC5
EHI_069280A	107.143494378396	35.7152787369924	1.03384803085331	0.980830450303793	1.58493096811761	28	31	156	102	37.7608937811358	34.1116137148494	105.347472722811	107.279824303902	98.08	UP_pEhEx_DOWN_CDC5
EHI_014250A	127.834190609313	389.694885977088	-1.04269952094966	0.98071665944084	-1.60807124695642	315	326	117	167	424.810055037778	358.7221313239	79.0106045421079	175.644418223055	98.07	DOWN_pEhEx_UP_CDC5
EHI_138360A	3.2928470940326	11.3442711443913	-1.04518676399915	0.980542772230418	-1.78455649467556	8	11	5	3	10.7888267946102	12.1041209955917	3.37652156162854	3.15528895011477	98.05	DOWN_pEhEx_UP_CDC5
EHI_169280A	920.12994971563	420.016380016753	1.33176089935547	0.980382544269629	1.13139203504925	315	383	1184	978	424.810055037778	421.443485573784	799.560305793639	1028.62419773741	98.04	UP_pEhEx_DOWN_CDC5
EHI_077770A	112.567354926076	25.8122373918891	1.11606362419202	0.979757356902918	2.12466139552574	19	24	126	132	25.6234636371993	26.4089912631092	85.0883433530393	138.83271380505	97.98	UP_pEhEx_DOWN_CDC5
EHI_052720A	39.422285143155	6.77934624199675	1.11680273875267	0.979524422506385	2.53979334509397	6	5	46	45	8.09162009595767	5.50187317981442	31.0639983669826	47.3293342517215	97.95	UP_pEhEx_DOWN_CDC5
EHI_194430A	93.0088507867404	14.0040513233093	1.16661747018593	0.979513488584982	2.73152375640632	8	16	92	117	10.7888267946102	17.6059941754061	62.1279967339652	123.056269054476	97.95	UP_pEhEx_DOWN_CDC5
EHI_197840A	1498.51216460384	745.097166931598	1.32557398568666	0.979440721940722	1.00803031287904	594	634	1876	1627	801.07038949981	697.637519200468	1266.87088992303	1711.21837394557	97.94	UP_pEhEx_DOWN_CDC5
EHI_006960A	20.1364563406449	4.18760717467377	1.16447767249051	0.9788875082517	2.26561179756419	3	4	25	22	4.04581004797884	4.40149854385153	16.8826078081427	23.138785634175	97.89	UP_pEhEx_DOWN_CDC5
EHI_140600A	521.360537564426	197.219600651342	1.0225281256126	0.978819420759339	1.40247844665035	92	252	665	558	124.071508138018	277.294408262647	449.077367696596	586.883744721346	97.88	UP_pEhEx_DOWN_CDC5
EHI_156380A	21.7102652851372	0.566285752975924	1.30200000916343	0.978723749414804	5.26070331069524	0	1	25	25	0.67430167466314	1.10037463596288	16.8826078081427	26.2940745842897	97.87	UP_pEhEx_DOWN_CDC5
EHI_023000A	132.143642138682	26.4988317357356	1.3023982760448	0.978689217504945	2.31810635235356	20	24	157	149	26.9720669865256	26.4089912631092	106.022777035136	156.712684522367	97.87	UP_pEhEx_DOWN_CDC5
EHI_118670A	142.923195559844	18.0370201899202	1.30309930598905	0.978652467495576	2.98620715338593	10	21	138	182	13.4860334932628	23.1078673552206	93.1919951009478	191.420862973629	97.87	UP_pEhEx_DOWN_CDC5
EHI_179390A	275.736669885072	50.2018010693631	1.31326856749286	0.978479383949955	2.45748011317591	46	35	300	329	62.0357540690088	38.5131122587009	202.591293697713	346.030021529253	97.85	UP_pEhEx_DOWN_CDC5
EHI_176820A	1255.00151802481	431.867861482975	1.12305372263799	0.977665573572238	1.53902724530636	371	333	1125	1655	500.33184260005	366.42475377564	759.717351366422	1740.66773747998	97.77	UP_pEhEx_DOWN_CDC5
EHI_050740A	484.75392115588	226.526661244977	1.15834427127102	0.977194780638698	1.09757170881926	168	209	734	443	226.565362686815	229.978298916243	495.67336524707	465.931001633614	97.72	UP_pEhEx_DOWN_CDC5
EHI_025360A	386.19968828742	167.368204763761	1.15707782393594	0.97690113041957	1.20632151728053	126	152	545	379	169.924022015111	167.256944666358	368.040850217511	398.618170697832	97.69	UP_pEhEx_DOWN_CDC5
EHI_077520A	2.76824411253519	14.313327939435	-1.06109429563807	0.976866820616439	-2.37031607168807	10	14	5	2	13.4860334932628	15.4052449034804	3.37652156162854	2.10352596674318	97.69	DOWN_pEhEx_UP_CDC5
EHI_180000A	46.3695700343989	11.3442711443913	1.01284996295708	0.976581122674723	2.03121442867965	8	11	54	53	10.7888267946102	12.1041209955917	36.4664328655883	55.7434381186942	97.66	UP_pEhEx_DOWN_CDC5
EHI_036560A	142.932089416493	42.7853455102421	1.12759032477694	0.976522727516348	1.74014120343534	29	43	225	125	39.1094971304621	47.316109346404	151.943470273284	131.470372921449	97.65	UP_pEhEx_DOWN_CDC5
EHI_017030A	130.658748560543	28.0946998430864	1.15440932733365	0.97629139594886	2.21743383480008	20	27	142	156	26.9720669865256	29.7101151709979	95.8932123502506	164.075025405968	97.63	UP_pEhEx_DOWN_CDC5
EHI_170120A	257.977230045008	91.6634429186345	1.13620961427188	0.975121342172993	1.49282535396272	63	91	346	265	84.9620110075556	100.134091872622	233.655292064695	278.717190593471	97.51	UP_pEhEx_DOWN_CDC5
EHI_009810A	955.364304863455	437.385355546515	1.14669555220508	0.975107319275917	1.12714605745969	417	284	1317	958	562.367596669058	312.506396613459	889.375779332958	1007.58893806998	97.51	UP_pEhEx_DOWN_CDC5
EHI_000140A	315.787296470492	119.51690725719	1.13684095206085	0.975061437987509	1.40173841439775	78	124	476	290	105.19106124745	136.446454859398	321.444852667037	305.011265177761	97.51	UP_pEhEx_DOWN_CDC5
EHI_160910A	46.0791116243028	5.02883982658309	1.1395135742789	0.974903853588671	3.19581539478653	5	3	44	59	6.7430167466314	3.30112390788865	29.7133897423312	62.0540160189237	97.49	UP_pEhEx_DOWN_CDC5
EHI_170050A	787.242378478436	378.202166153714	1.14178781395336	0.974863818922048	1.05765025892933	251	387	1005	842	338.499440680896	425.844984117636	678.680833887337	885.584431998878	97.49	UP_pEhEx_DOWN_CDC5
EHI_032780A	72.546369889458	10.2803590728241	1.14201533975907	0.974859795063352	2.81901276989564	8	9	63	97	10.7888267946102	9.90337172366595	42.5441716765196	102.021009387044	97.49	UP_pEhEx_DOWN_CDC5
EHI_112800A	203.987578313937	65.4244027723024	1.00358911454142	0.97409687559521	1.64058054814807	55	52	250	225	74.1731842129454	57.2194810700699	168.826078081427	236.646671258607	97.41	UP_pEhEx_DOWN_CDC5
EHI_050130A	1123.58699117028	539.978646113259	1.00192891683277	0.973637966165979	1.05713756523869	389	513	1199	1356	524.606702887923	564.492188248959	809.689870478525	1426.19060545187	97.36	UP_pEhEx_DOWN_CDC5
EHI_137880A	3.2928470940326	10.8123151086077	-1.01634929063334	0.972169957406228	-1.71526803685541	8	10	5	3	10.7888267946102	11.0037463596288	3.37652156162854	3.15528895011477	97.22	DOWN_pEhEx_UP_CDC5
EHI_035510A	120.187436622748	42.3399866709263	0.996422496007762	0.972105153969855	1.50519337652066	33	37	168	119	44.5039105277672	40.7138615306267	113.451124470719	125.159795021219	97.21	UP_pEhEx_DOWN_CDC5
EHI_013340A	102.365753706224	34.7194077770203	0.993585719080678	0.971338105136643	1.55991890034052	25	33	136	106	33.715083733157	36.3123629867752	91.8413864762964	111.486876237388	97.13	UP_pEhEx_DOWN_CDC5
EHI_188170A	459.676707224716	172.67539226462	0.991476836150442	0.970786769004891	1.41255706264073	150	131	510	542	202.290502398942	144.149077311138	344.405199286111	570.055536987401	97.08	UP_pEhEx_DOWN_CDC5
EHI_049670A	1542.22609964298	3244.47392655406	-1.26683438464185	0.969407698052608	-1.07297028364238	2178	3288	1257	2116	2937.25809483264	3618.03180304596	848.857520593416	2225.53047281428	96.94	DOWN_pEhEx_UP_CDC5
EHI_007260A	19.3036118757807	3.50101283082732	0.916942253487942	0.969126460728611	2.46302655949049	2	4	18	25	2.69720669865256	4.40149854385153	12.1554776218628	26.2940745842897	96.91	UP_pEhEx_DOWN_CDC5
EHI_031240A	184.227531130858	58.0945444096492	0.914538522689683	0.969029093864188	1.66501408189896	42	55	191	226	56.6413406717037	60.5206049779586	128.98312365421	237.698434241979	96.9	UP_pEhEx_DOWN_CDC5
EHI_126860A	89.5203898867309	32.436945325823	0.929599037493162	0.968922507745551	1.46457835618579	24	30	120	92	32.3664803838307	33.0112390788865	81.036517479085	96.7621944701862	96.89	UP_pEhEx_DOWN_CDC5
EHI_174220A	397.720206188209	187.032022002881	0.911665087221737	0.968833525252162	1.08846856316447	119	198	519	418	160.483798569827	217.874177920651	350.482938097043	439.636927049324	96.88	UP_pEhEx_DOWN_CDC5
EHI_068170A	603.681710275213	257.404850633195	0.911312945692226	0.968808035520252	1.22974885202962	206	218	613	749	277.812289961213	239.881670639909	413.961543455659	787.77047454532	96.88	UP_pEhEx_DOWN_CDC5
EHI_118080A	296.225827712274	128.127173883172	0.752075613677478	0.968691397982942	1.20912095116848	58	166	413	294	78.2189942609242	182.662189569839	278.900680990518	309.218317111247	96.87	UP_pEhEx_DOWN_CDC5
EHI_169300A	114.084850031873	36.5379553040289	0.753019562721426	0.968685828244622	1.64263941390789	23	39	106	148	31.0178770345044	42.9146108025525	71.5822571065251	155.660921538995	96.87	UP_pEhEx_DOWN_CDC5
EHI_136740A	309.210486859021	95.4180641109692	0.75407554652242	0.968676844802295	1.69625492740757	46	120	199	459	62.0357540690088	132.044956315546	134.385558152816	482.759209367559	96.87	UP_pEhEx_DOWN_CDC5
EHI_187760A	70.3056933773033	25.1936841596377	0.748784294139011	0.96866787010396	1.48057941614104	15	28	87	77	20.2290502398942	30.8104898069607	58.7514751723366	80.9857497196123	96.87	UP_pEhEx_DOWN_CDC5
EHI_037120A	12.4837731163143	5.40615755430383	0.755092268128189	0.968639780539965	1.20737857988529	4	5	18	12	5.39441339730512	5.50187317981442	12.1554776218628	12.6211558004591	96.86	UP_pEhEx_DOWN_CDC5
EHI_201940A	186.874258349382	51.0182944085035	0.756114085654751	0.968602299592224	1.87298127952456	10	83	246	195	13.4860334932628	91.3310947849193	166.124860832124	205.09378175746	96.86	UP_pEhEx_DOWN_CDC5
EHI_161860A	51.0020815015226	18.4328940025137	0.746299018085653	0.96859456497389	1.46827353282582	16	14	69	52	21.5776535892205	15.4052449034804	46.5959975504739	54.6916751353226	96.86	UP_pEhEx_DOWN_CDC5
EHI_096790A	585.190195172143	242.695648881167	0.908580931506646	0.968564661721132	1.26975735374625	190	211	576	738	256.234636371993	232.179048188168	388.975283899608	776.201081728232	96.86	UP_pEhEx_DOWN_CDC5
EHI_158150A	669.660169049877	263.540904330172	0.981753983256536	0.968562553587289	1.34540225930123	170	276	663	842	229.262569385467	303.703399525756	447.726759071945	885.584431998878	96.86	UP_pEhEx_DOWN_CDC5
EHI_006170A	261.693906278653	84.8160555650427	0.90853451467449	0.968559918692932	1.6254710346571	60	82	250	335	80.9162009595767	90.2307201489565	168.826078081427	352.340599429482	96.86	UP_pEhEx_DOWN_CDC5
EHI_125600A	33.3078447167754	7.08862285812246	0.758122294210502	0.968523761074951	2.23228472286879	8	3	45	34	10.7888267946102	3.30112390788865	30.3886940546569	35.759941434634	96.85	UP_pEhEx_DOWN_CDC5
EHI_008470A	297.141658305725	126.549861860694	0.758409261346772	0.968504016729371	1.23144494792962	65	154	347	339	87.6592177062081	169.457693938284	234.330596377021	356.547651362969	96.85	UP_pEhEx_DOWN_CDC5
EHI_113950A	534.614902789088	1307.00354305149	-1.01153328360936	0.968494908833183	-1.2896910925711	884	1316	258	850	1192.16536080443	1448.09302092715	174.228512580033	893.99853586585	96.85	DOWN_pEhEx_UP_CDC5
EHI_049660A	121.070665688542	46.3049144259422	0.743723400607063	0.968437673412131	1.38661213299189	38	38	137	141	51.2469272743986	41.8142361665896	92.5166907886221	148.298580655394	96.84	UP_pEhEx_DOWN_CDC5
EHI_200240A	69.3098366341203	24.9710047399798	0.742323916057387	0.968347169481355	1.47280624686914	17	25	78	81	22.9262569385467	27.5093658990721	52.6737363614053	85.1928016530987	96.83	UP_pEhEx_DOWN_CDC5
EHI_166800A	12.3029777647249	64.2058523926723	-1.26475461290253	0.968325055020001	-2.38369726354448	54	51	19	11	72.8245808636191	56.1191064341071	12.8307819341885	11.5693928170875	96.83	DOWN_pEhEx_UP_CDC5
EHI_187040A	251.853895761979	107.368515630635	0.740671144018911	0.968193196133624	1.23001604279585	82	96	258	311	110.585474644755	105.635965052437	174.228512580033	327.098287828564	96.82	UP_pEhEx_DOWN_CDC5
EHI_050500A	140.412808329747	61.9048338566023	0.762943317928251	0.968161554364424	1.18155057078137	46	57	178	151	62.0357540690088	62.7213542498844	120.204167593976	158.81621048911	96.82	UP_pEhEx_DOWN_CDC5
EHI_146780A	169.707589165015	47.603878774144	0.762984243510528	0.968157540023922	1.83390004776583	12	74	251	159	16.1832401919153	81.4277230612534	169.501382393753	167.230314356083	96.82	UP_pEhEx_DOWN_CDC5
EHI_100350A	43.4738797900863	11.653547760517	0.763950091636696	0.968062509893443	1.89937962328915	10	9	41	56	13.4860334932628	9.90337172366595	27.6874768053541	58.898727068809	96.81	UP_pEhEx_DOWN_CDC5
EHI_099200A	23.9183402696337	7.53398169743824	0.739118774602549	0.968038044307543	1.66663284857128	4	9	36	22	5.39441339730512	9.90337172366595	24.3109552437255	23.138785634175	96.8	UP_pEhEx_DOWN_CDC5
EHI_030170A	136.376032137203	50.6471599086788	0.764395207520378	0.968018525832403	1.42903683955883	42	41	151	161	56.6413406717037	45.1153600744782	101.970951161182	169.333840322826	96.8	UP_pEhEx_DOWN_CDC5
EHI_005070A	140.611386754607	48.1915030645459	0.940337649823258	0.968017568918484	1.54486272534288	33	48	174	154	44.5039105277672	52.8179825262184	117.502950344673	161.971499439225	96.8	UP_pEhEx_DOWN_CDC5
EHI_194050A	105.489659284172	30.6864389104093	0.738877414393514	0.968014050879412	1.78142844518467	23	28	81	148	31.0178770345044	30.8104898069607	54.6996492983824	155.660921538995	96.8	UP_pEhEx_DOWN_CDC5
EHI_136420A	10.0593366336872	2.96905679504372	0.97774034962054	0.967854994707974	1.76045857328078	2	3	14	10	2.69720669865256	3.30112390788865	9.45426037255992	10.5176298337159	96.79	UP_pEhEx_DOWN_CDC5
EHI_166490A	819.020864973854	361.14864406679	0.902102690264407	0.967786660323408	1.18130745193751	268	333	777	1052	361.425697619443	366.42475377564	524.711450677076	1106.45465850691	96.78	UP_pEhEx_DOWN_CDC5
EHI_127360A	23.9361233429043	7.31130227778035	0.902015718198191	0.967773381565941	1.71098920979501	6	6	33	24	8.09162009595767	6.6022478157773	22.2850423067484	25.2423116009181	96.78	UP_pEhEx_DOWN_CDC5
EHI_099720A	111.118027494478	35.7152787369924	0.766702587430099	0.967771459169007	1.63747960885573	28	31	105	143	37.7608937811358	34.1116137148494	70.9069527941994	150.402106622137	96.78	UP_pEhEx_DOWN_CDC5
EHI_093840A	26.1975475472127	9.43912642091475	0.766846358169252	0.967753534802683	1.47270651057832	6	10	35	27	8.09162009595767	11.0037463596288	23.6356509313998	28.3976005510329	96.78	UP_pEhEx_DOWN_CDC5
EHI_194190A	99.179605051815	35.6472376253974	0.736209665923754	0.96767155576692	1.47625319661053	31	27	113	115	41.8067038291147	29.7101151709979	76.3093872928051	120.952743087733	96.77	UP_pEhEx_DOWN_CDC5
EHI_156310A	599.268515645048	137.918872317854	0.944465578157234	0.967612359623717	2.11938269610947	111	116	266	968	149.694971775217	127.643457771694	179.630947078638	1018.1065679037	96.76	UP_pEhEx_DOWN_CDC5
EHI_125340A	10.9277472450926	3.12369510310657	0.735568598398042	0.967580298627148	1.80667047287539	3	2	15	11	4.04581004797884	2.20074927192577	10.1295646848856	11.5693928170875	96.76	UP_pEhEx_DOWN_CDC5
EHI_082270A	255.040044416388	74.0470422552612	0.735482384768202	0.967568052565961	1.78420977111468	11	125	281	302	14.8346368425891	137.54682949536	189.760511763524	317.63242097822	96.76	UP_pEhEx_DOWN_CDC5
EHI_197410A	33.2900616435047	11.3442711443913	0.975260054999015	0.967501040346423	1.55312762134399	8	11	48	32	10.7888267946102	12.1041209955917	32.414606991634	33.6564154678908	96.75	UP_pEhEx_DOWN_CDC5
EHI_148150A	203.122132321414	77.7954738185153	0.945752985169784	0.967485658530422	1.38458931919004	49	83	278	205	66.0815641169877	91.3310947849193	187.734598826547	215.611411591176	96.75	UP_pEhEx_DOWN_CDC5
EHI_004230A	504.896302094263	235.322495120872	0.90006455168767	0.967472662477919	1.10134787268128	132	272	640	543	178.015642111069	299.301900981904	432.194759888454	571.107299970773	96.75	UP_pEhEx_DOWN_CDC5
EHI_155700A	216.797375986888	85.2923433462079	0.734771971462409	0.967467382302723	1.34585915268817	39	110	272	235	52.5955306237249	121.041209955917	183.682772952593	247.164301092323	96.75	UP_pEhEx_DOWN_CDC5
EHI_137750A	16.4998016167043	3.81028944695303	0.734724873435191	0.967460723237881	2.11447617782753	4	2	19	19	5.39441339730512	2.20074927192577	12.8307819341885	19.9834966840602	96.75	UP_pEhEx_DOWN_CDC5
EHI_179990A	35.9486426975331	6.9339845500596	0.899952250518456	0.967455470065125	2.37418077315541	7	4	42	41	9.44022344528395	4.40149854385153	28.3627811176798	43.1222823182351	96.75	UP_pEhEx_DOWN_CDC5
EHI_006970A	11.9769532080875	3.12369510310657	0.769707005062314	0.967393589701214	1.93893540341728	3	2	15	13	4.04581004797884	2.20074927192577	10.1295646848856	13.6729187838307	96.74	UP_pEhEx_DOWN_CDC5
EHI_155310A	221.136464425033	98.8386629732248	0.734162326313443	0.967381330175876	1.16178953875482	75	89	248	259	101.145251199471	97.9333426006966	167.475469456776	272.406612693241	96.74	UP_pEhEx_DOWN_CDC5
EHI_096360A	374.353141189965	138.209592849107	0.947224243823903	0.967352432563254	1.43754210637044	106	123	390	458	142.951955028586	135.346080223435	263.368681807026	481.707446384188	96.74	UP_pEhEx_DOWN_CDC5
EHI_194075A	271.839198299838	120.890095944883	0.947708067445178	0.967309779428867	1.16905744784937	80	124	397	258	107.888267946102	136.446454859398	268.095811993306	271.35484970987	96.73	UP_pEhEx_DOWN_CDC5
EHI_153260A	79.8759931760343	23.7710104452225	0.770314357323306	0.967308769536579	1.74855873472171	23	15	95	90	31.0178770345044	16.5056195394433	64.1539096709423	94.658668503443	96.73	UP_pEhEx_DOWN_CDC5
EHI_196580A	91.4557895344018	29.8452062585	0.969962286439791	0.966913186827309	1.61557527729706	21	29	118	97	28.3206703358519	31.9108644429236	79.6859088544336	102.021009387044	96.69	UP_pEhEx_DOWN_CDC5
EHI_038540A	29.6711899928347	9.97108245669835	0.773074304775766	0.966887402465738	1.5732407520792	6	11	39	31	8.09162009595767	12.1041209955917	26.3368681807026	32.6046524845192	96.69	UP_pEhEx_DOWN_CDC5
EHI_152670A	358.176404151043	168.772322393303	0.968721883969478	0.96683587460154	1.08559196851042	111	174	523	340	149.694971775217	191.465186657542	353.184155346346	357.59941434634	96.68	UP_pEhEx_DOWN_CDC5
EHI_040400A	386.261926723853	159.438349253729	0.953907232455521	0.966830814315304	1.27658080181474	116	150	446	444	156.437988521848	165.056195394433	301.185723297266	466.982764616985	96.68	UP_pEhEx_DOWN_CDC5
EHI_098560A	291.448087040102	139.564225451927	0.896000644004644	0.966810358851053	1.06230974994929	101	132	393	298	136.208938281954	145.249451947101	265.394594744003	313.425369044733	96.68	UP_pEhEx_DOWN_CDC5
EHI_192060A	43.3138321306506	17.8143407702623	0.730958653993584	0.966808868365702	1.28178872176141	12	18	68	38	16.1832401919153	19.8067434473319	45.9206932381482	39.9669933681204	96.68	UP_pEhEx_DOWN_CDC5
EHI_180390A	146.076738046567	17.6597024621994	0.89594691597138	0.966801119429772	3.04819351362791	11	19	19	266	14.8346368425891	20.9071180832948	12.8307819341885	279.768953576843	96.68	UP_pEhEx_DOWN_CDC5
EHI_046600A	116.239575796558	32.0596275981023	0.955609280471278	0.96674776857418	1.85827177065745	25	28	126	139	33.715083733157	30.8104898069607	85.0883433530393	146.195054688651	96.67	UP_pEhEx_DOWN_CDC5
EHI_091470A	19.7748656374662	7.68862000550109	0.730301599274692	0.966691176010463	1.36287130823908	5	8	27	20	6.7430167466314	8.80299708770307	18.2332164327941	21.0352596674318	96.67	UP_pEhEx_DOWN_CDC5
EHI_153650A	49.7720801869384	21.6246302172153	0.774364269563816	0.966681540922593	1.20266122186949	16	20	70	49	21.5776535892205	22.0074927192577	47.2713018627996	51.5363861852078	96.67	UP_pEhEx_DOWN_CDC5
EHI_109930A	1.59099932598766	30.2410800710936	-1.00944719261364	0.966676784813031	-4.24850453725629	27	22	0	3	36.4122904318095	24.2082419911834	0.337652156162854	3.15528895011477	96.67	DOWN_pEhEx_UP_CDC5
EHI_174670A	433.843714999565	175.712490171259	0.957802180815003	0.966646831494925	1.30395868321693	149	138	502	498	200.941899049616	151.851699762878	339.002764787506	523.777965719051	96.66	UP_pEhEx_DOWN_CDC5
EHI_197160A	1541.72224435364	626.24212110667	0.963339300672595	0.966610689691602	1.29975042102838	393	670	1283	2098	530.001116285228	737.251006095132	866.415432713884	2206.59873911359	96.66	UP_pEhEx_DOWN_CDC5
EHI_045280A	59.8669829671668	16.5277492790372	0.96002026034809	0.966608574653907	1.85687029234935	14	13	78	63	18.8804468905679	14.3048702675175	52.6737363614053	66.2610679524101	96.66	UP_pEhEx_DOWN_CDC5
EHI_193350A	608.207518662685	192.444362785081	0.962811607453559	0.966598327425004	1.66012223974304	154	163	469	852	207.684915796247	179.36106566195	316.717722480757	896.102061832594	96.66	UP_pEhEx_DOWN_CDC5
EHI_096200A	22.2704344131759	3.65565113889017	0.960949820003651	0.966597222690564	2.60692939523012	3	3	19	30	4.04581004797884	3.30112390788865	12.8307819341885	31.5528895011477	96.66	UP_pEhEx_DOWN_CDC5
EHI_017650A	10.7469518935033	3.12369510310657	0.72890374680907	0.966392239040244	1.78260198591821	3	2	16	10	4.04581004797884	2.20074927192577	10.8048689972113	10.5176298337159	96.64	UP_pEhEx_DOWN_CDC5
EHI_027520A	85.7207228844715	35.096725504741	0.776481943833986	0.966312839875557	1.2883075817774	24	35	112	90	32.3664803838307	38.5131122587009	75.6340829804794	94.658668503443	96.63	UP_pEhEx_DOWN_CDC5
EHI_105120A	46.1532085362683	15.6865166271279	0.892999614637664	0.966279079002095	1.55690592571695	12	14	61	48	16.1832401919153	15.4052449034804	41.1935630518682	50.4846232018363	96.63	UP_pEhEx_DOWN_CDC5
EHI_158130A	14.5644019690333	48.5688207922667	-1.00885494225286	0.966156370375864	-1.73758399544597	32	50	21	14	43.1553071784409	55.0187317981442	14.1813905588399	14.7246817672022	96.62	DOWN_pEhEx_UP_CDC5
EHI_068330A	30.3588052526508	10.503038492482	0.727796781699065	0.966144906859941	1.53130826079201	6	12	41	31	8.09162009595767	13.2044956315546	27.6874768053541	32.6046524845192	96.61	UP_pEhEx_DOWN_CDC5
EHI_192540A	151.645832439323	58.9852620882808	0.727137113297064	0.965998283703003	1.36227941368	34	67	171	177	45.8525138770935	73.7251006095132	115.477037407696	186.162048056771	96.6	UP_pEhEx_DOWN_CDC5
EHI_161870A	88.0918101472867	30.5132445174737	0.727027605453179	0.965973998841288	1.52957230679865	15	38	125	86	20.2290502398942	41.8142361665896	84.4130390407136	90.4516165699566	96.6	UP_pEhEx_DOWN_CDC5
EHI_029210A	78.6815580079914	25.5215168606362	0.726688738528148	0.965898949758421	1.62431144771079	24	17	90	91	32.3664803838307	18.706368811369	60.7773881093138	95.7104314868146	96.59	UP_pEhEx_DOWN_CDC5
EHI_075530A	72.549334508341	10.8308711934805	0.779008877709545	0.96585119092031	2.7438130881434	15	1	92	78	20.2290502398942	1.10037463596288	62.1279967339652	82.0375127029839	96.59	UP_pEhEx_DOWN_CDC5
EHI_153280A	21.6569160653253	6.77934624199675	0.779388140008083	0.965777787930694	1.67560975783422	6	5	34	19	8.09162009595767	5.50187317981442	22.9603466190741	19.9834966840602	96.58	UP_pEhEx_DOWN_CDC5
EHI_150460A	20.8062885271905	6.24739020621315	0.725675921848187	0.965660661309036	1.73569408959137	6	4	30	20	8.09162009595767	4.40149854385153	20.2591293697713	21.0352596674318	96.57	UP_pEhEx_DOWN_CDC5
EHI_103400A	4.50506533534616	20.3380387259902	-1.00818099312181	0.965565645472874	-2.17456062717115	18	15	7	4	24.274860287873	16.5056195394433	4.72713018627996	4.20705193348635	96.56	DOWN_pEhEx_UP_CDC5
EHI_193360A	212.250815267235	87.4758357439607	0.724682151027482	0.965391946154314	1.27881364711202	60	87	213	265	80.9162009595767	95.7325933287709	143.839818525376	278.717190593471	96.54	UP_pEhEx_DOWN_CDC5
EHI_048860A	26.5235721038502	2.08638083332855	0.887966029786284	0.965325097201039	3.66820065931779	3	0	39	25	4.04581004797884	0.550187317981442	26.3368681807026	26.2940745842897	96.53	UP_pEhEx_DOWN_CDC5
EHI_006940A	167.712911059766	71.8759163133006	0.782042186810148	0.965258922210052	1.22241340787791	52	68	204	186	70.1273741649665	74.8254752454761	137.762079714445	195.627914907115	96.53	UP_pEhEx_DOWN_CDC5
EHI_140770A	25.5810645804791	4.71956321045738	0.887340378421486	0.965203986345258	2.4383510533075	3	5	21	35	4.04581004797884	5.50187317981442	14.1813905588399	36.8117044180056	96.52	UP_pEhEx_DOWN_CDC5
EHI_086530A	92.6680077757154	41.3441157109541	0.721090026290949	0.96439093693115	1.16438934336151	30	39	120	98	40.4581004797884	42.9146108025525	81.036517479085	103.072772370416	96.44	UP_pEhEx_DOWN_CDC5
EHI_068610A	69.2031381944966	204.438116103573	-1.20275089400661	0.964388374676506	-1.56275483490338	149	192	96	69	200.941899049616	211.271930104874	64.829213983268	72.5716458526396	96.44	DOWN_pEhEx_UP_CDC5
EHI_109900A	390.482462886869	189.023763922826	0.881846212108435	0.964116462791039	1.04669013600765	125	194	501	416	168.575418665785	213.472679376799	338.32746047518	437.533401082581	96.41	UP_pEhEx_DOWN_CDC5
EHI_001060A	15.9574155619362	1.63019782454313	0.787916772775598	0.964007754227936	3.29110806257904	0	3	22	16	0.67430167466314	3.30112390788865	14.8566948711656	16.8282077339454	96.4	UP_pEhEx_DOWN_CDC5
EHI_198330A	231.22247798864	112.001481644625	0.880035175855024	0.963752692955761	1.0457638368284	81	106	346	214	109.236871295429	116.639711412066	233.655292064695	225.07727844152	96.38	UP_pEhEx_DOWN_CDC5
EHI_182950A	44.8668933829892	10.2803590728241	0.879641616360092	0.963674194941855	2.12576063827033	8	9	42	58	10.7888267946102	9.90337172366595	28.3627811176798	61.0022530355521	96.37	UP_pEhEx_DOWN_CDC5
EHI_026360A	60.5160674615586	15.7545577387229	0.789597211810589	0.963635698647518	1.94154898375471	9	18	57	78	12.1374301439365	19.8067434473319	38.4923458025654	82.0375127029839	96.36	UP_pEhEx_DOWN_CDC5
EHI_097170A	146.293104184725	68.8388184066619	0.717221478336655	0.96315258252136	1.08756752742393	53	61	189	155	71.4759775142928	67.1228527937359	127.632515029559	163.023262422596	96.32	UP_pEhEx_DOWN_CDC5
EHI_068560A	77.3092921072421	30.3771622942836	0.875527485208081	0.962858515597444	1.34765472207113	21	30	115	72	28.3206703358519	33.0112390788865	77.6599959174565	75.7269348027544	96.29	UP_pEhEx_DOWN_CDC5
EHI_072640A	11.7783747832275	2.28246245119726	0.874678536829977	0.962691983209023	2.36747745362085	1	3	19	10	1.34860334932628	3.30112390788865	12.8307819341885	10.5176298337159	96.27	UP_pEhEx_DOWN_CDC5
EHI_161940A	468.962477851117	221.330810253355	0.874578382882692	0.962672395474823	1.08326820109362	186	176	566	523	250.840222974688	193.665935929467	382.222240776351	550.072040303341	96.27	UP_pEhEx_DOWN_CDC5
EHI_009490A	124.873297309684	16.524966826484	0.874265583353834	0.96261129887153	2.91774572584001	0	31	174	124	0.67430167466314	34.1116137148494	117.502950344673	130.418609938077	96.26	UP_pEhEx_DOWN_CDC5
EHI_193390A	308.629574678856	153.549720690364	0.714980935636604	0.962345677877843	1.00717042792461	102	157	356	355	137.55754163128	172.758817846173	240.408335187952	373.375859096914	96.23	UP_pEhEx_DOWN_CDC5
EHI_009940A	101.346184652004	29.1586119146536	0.714583477330703	0.962203632087083	1.79729782971186	20	29	72	146	26.9720669865256	31.9108644429236	48.621910487451	153.557395572252	96.22	UP_pEhEx_DOWN_CDC5
EHI_164840A	17.5490075796991	4.87420151852023	0.796132665187908	0.962168269137046	1.84815164241308	4	4	19	21	5.39441339730512	4.40149854385153	12.8307819341885	22.0870226508034	96.22	UP_pEhEx_DOWN_CDC5
EHI_092320A	34.9705690276208	4.28997800346113	0.712902218060785	0.961550244645711	3.02709911565794	0	8	30	47	0.67430167466314	8.80299708770307	20.2591293697713	49.4328602184647	96.16	UP_pEhEx_DOWN_CDC5
EHI_001130A	1481.11134156801	2979.81339068823	-1.10010662387382	0.961236203968106	-1.00854188711511	2675	2149	1537	1816	3607.5139594478	2364.70509268424	1037.94272804461	1910.00157780281	96.12	DOWN_pEhEx_UP_CDC5
EHI_165770A	93.1214784641303	38.5296972239733	0.865912833126019	0.961038933859532	1.27314311471839	29	35	132	91	39.1094971304621	38.5131122587009	89.1401692269935	95.7104314868146	96.1	UP_pEhEx_DOWN_CDC5
EHI_157360A	89.8256667512146	30.3957183791564	0.711504041935725	0.960984087626172	1.56325962283323	28	21	98	107	37.7608937811358	23.1078673552206	66.1798226079194	112.53863922076	96.1	UP_pEhEx_DOWN_CDC5
EHI_164800A	499.499113836474	197.646403405785	0.864534305283374	0.960796436033681	1.33756041601882	81	267	577	574	109.236871295429	293.80002780209	389.650588211934	603.711952455292	96.08	UP_pEhEx_DOWN_CDC5
EHI_196370A	48.5391142534711	10.8123151086077	0.863645908463945	0.960641268736314	2.16647231952049	8	10	42	65	10.7888267946102	11.0037463596288	28.3627811176798	68.3645939191533	96.06	UP_pEhEx_DOWN_CDC5
EHI_170300A	55.0181100019126	13.1813747562727	0.861705803443749	0.96030824472784	2.06140573602965	13	8	70	59	17.5318435412416	8.80299708770307	47.2713018627996	62.0540160189237	96.03	UP_pEhEx_DOWN_CDC5
EHI_030390A	160.181744729447	41.5482390457393	0.861583695320308	0.960288207810801	1.94685050182071	21	51	147	209	28.3206703358519	56.1191064341071	99.2697339118792	219.818463524662	96.03	UP_pEhEx_DOWN_CDC5
EHI_190440A	156.441356184765	63.1914253478274	0.805227548905169	0.960223494117949	1.30782123514717	44	62	188	175	59.3385473703563	68.2232274296988	126.957210717233	184.058522090028	96.02	UP_pEhEx_DOWN_CDC5
EHI_134840A	71.4615977799219	18.3462968060459	0.86118244670473	0.960222474635166	1.96167928596087	12	19	69	91	16.1832401919153	20.9071180832948	46.5959975504739	95.7104314868146	96.02	UP_pEhEx_DOWN_CDC5
EHI_012570A	163.569436427599	66.2470793393389	0.805599350348942	0.960147475283518	1.30397444397431	50	60	195	184	67.430167466314	66.022478157773	131.684340903513	193.524388940372	96.01	UP_pEhEx_DOWN_CDC5
EHI_074380A	54.0933855518121	5.51935255256083	0.806903112467242	0.959900009521806	3.29288124775911	8	0	49	71	10.7888267946102	0.550187317981442	33.0899113039597	74.6751718193828	95.99	UP_pEhEx_DOWN_CDC5
EHI_007930A	166.681488170042	64.3419346158624	0.859183335405193	0.959897433483744	1.3732626655992	48	59	201	186	64.7329607676614	64.9221035218101	135.736166777467	195.627914907115	95.99	UP_pEhEx_DOWN_CDC5
EHI_136980A	43.9451335517718	16.2184726629115	0.708798432663637	0.959840842890449	1.43806544785354	12	15	50	51	16.1832401919153	16.5056195394433	33.7652156162854	53.639912151951	95.98	UP_pEhEx_DOWN_CDC5
EHI_067580A	82.3567434973563	35.5606404289296	0.812132049943804	0.958990500174242	1.21160547828562	27	32	119	79	36.4122904318095	35.2119883508123	80.3612131667593	83.0892756863555	95.9	UP_pEhEx_DOWN_CDC5
EHI_062500A	125.848406360713	43.2678165193035	0.812423154225993	0.958944198416559	1.54032072443421	39	31	157	137	52.5955306237249	34.1116137148494	106.022777035136	144.091528721908	95.89	UP_pEhEx_DOWN_CDC5
EHI_162230A	65.0744820167167	12.4762243275535	0.812838265256251	0.958878028214803	2.38291052473769	5	17	55	88	6.7430167466314	18.706368811369	37.141737177914	92.5551425366998	95.89	UP_pEhEx_DOWN_CDC5
EHI_044610A	23.3196403761707	4.49688379079949	0.706208302244714	0.958685760318824	2.37454803294671	5	2	19	32	6.7430167466314	2.20074927192577	12.8307819341885	33.6564154678908	95.87	UP_pEhEx_DOWN_CDC5
EHI_187800A	41.5029139958741	11.653547760517	0.84993914166285	0.958584550254985	1.8324434041001	10	9	49	47	13.4860334932628	9.90337172366595	33.0899113039597	49.4328602184647	95.86	UP_pEhEx_DOWN_CDC5
EHI_086200A	141.061892824138	41.92555677346	0.81535212028287	0.9585172592411	1.75042645551522	20	53	157	166	26.9720669865256	58.3198557060328	106.022777035136	174.592655239684	95.85	UP_pEhEx_DOWN_CDC5
EHI_169580A	187.63300590228	81.0057661180897	0.815857636869843	0.958451948026345	1.21181711982426	56	80	236	203	75.5217875622716	88.0299708770307	159.371817708867	213.507885624433	95.85	UP_pEhEx_DOWN_CDC5
EHI_006840A	489.688740228576	215.170017243609	0.848669168522744	0.958441565834898	1.18638796319125	184	167	521	592	248.143016276035	183.762564205802	351.833546721694	622.643686155981	95.84	UP_pEhEx_DOWN_CDC5
EHI_051690A	66.8676170782226	6.94975818237914	0.848178598478476	0.958386636122485	3.26627302067856	0	13	77	77	0.67430167466314	14.3048702675175	51.9984320490796	80.9857497196123	95.84	UP_pEhEx_DOWN_CDC5
EHI_024510A	275.902646782273	120.958137056478	0.816706951282786	0.958341758360023	1.18965147168878	77	128	331	309	103.842457898123	140.847953403249	223.52572737981	324.994761861821	95.83	UP_pEhEx_DOWN_CDC5
EHI_070720A	539.401541957936	234.673012946771	0.847491205577756	0.958309949695512	1.20070770215301	145	254	542	673	195.54748565231	279.495157534572	366.014937280534	707.836487809079	95.83	UP_pEhEx_DOWN_CDC5
EHI_062490A	47.4928729093594	18.123617386388	0.847437566728612	0.958303979456208	1.38984009036919	14	16	71	44	18.8804468905679	17.6059941754061	47.9466061751253	46.2775712683499	95.83	UP_pEhEx_DOWN_CDC5
EHI_127380A	225.822325111968	90.3954075122822	0.818025172368352	0.95816957917575	1.3208667357112	72	77	254	264	97.0994411514921	84.728846969142	171.52729533073	277.665427610099	95.82	UP_pEhEx_DOWN_CDC5
EHI_047920A	17.3326460815685	1.63019782454313	0.818802172691965	0.958092893480903	3.41037296851214	0	3	26	16	0.67430167466314	3.30112390788865	17.5579121204684	16.8282077339454	95.81	UP_pEhEx_DOWN_CDC5
EHI_201200A	260.905521816979	119.022063391152	0.820117828176015	0.957962638361238	1.13229844375391	92	105	324	285	124.071508138018	115.539336776103	218.79859719353	299.752450260903	95.8	UP_pEhEx_DOWN_CDC5
EHI_005010A	167.748477206307	61.199683427883	0.843822029721707	0.957950592121293	1.45470357461658	38	66	198	190	51.2469272743986	72.6247259735503	133.71025384049	199.834966840602	95.8	UP_pEhEx_DOWN_CDC5
EHI_098250A	27.2111873636663	10.8123151086077	0.821709613682422	0.957803620941128	1.33152444737725	8	10	41	25	10.7888267946102	11.0037463596288	27.6874768053541	26.2940745842897	95.78	UP_pEhEx_DOWN_CDC5
EHI_081130A	149.437757454826	35.2142516430583	0.822801769708151	0.957723010214042	2.08531338176759	11	52	160	180	14.8346368425891	57.2194810700699	108.048689972113	189.317337006886	95.77	UP_pEhEx_DOWN_CDC5
EHI_095070A	61.0614181352097	23.9070926684126	0.839412958272817	0.957628869625959	1.35282240096948	17	23	83	62	22.9262569385467	25.3086166271463	56.0502579230338	65.2093049690385	95.76	UP_pEhEx_DOWN_CDC5
EHI_131150A	102.727344409403	40.8121596751705	0.837834812596071	0.957537053541458	1.33174929412669	30	38	134	108	40.4581004797884	41.8142361665896	90.4907778516449	113.590402204132	95.75	UP_pEhEx_DOWN_CDC5
EHI_154240A	263.961259720727	114.902497328073	0.826163936787631	0.957514575434955	1.19991605362923	86	105	310	300	115.97988804206	115.539336776103	209.34433682097	315.528895011477	95.75	UP_pEhEx_DOWN_CDC5
EHI_063340A	45.0862195000029	15.8411549351908	0.835916730199071	0.957469832804507	1.5090090222185	13	13	64	44	17.5318435412416	14.3048702675175	43.2194759888454	46.2775712683499	95.75	UP_pEhEx_DOWN_CDC5
EHI_087380A	45.0862195000029	15.8411549351908	0.835916730199071	0.957469832804507	1.5090090222185	13	13	64	44	17.5318435412416	14.3048702675175	43.2194759888454	46.2775712683499	95.75	UP_pEhEx_DOWN_CDC5
EHI_032670A	33.2515308780804	6.62470793393389	0.835875228234908	0.957468387172295	2.32749200642812	5	6	25	47	6.7430167466314	6.6022478157773	16.8826078081427	49.4328602184647	95.75	UP_pEhEx_DOWN_CDC5
EHI_103370A	88.0384609274748	14.1401335464993	0.827851189114926	0.957463318470344	2.63833817876914	2	24	134	80	2.69720669865256	26.4089912631092	90.4907778516449	84.1410386697271	95.75	UP_pEhEx_DOWN_CDC5
EHI_004880A	423.167895399145	196.768052182945	0.834384791790745	0.957416716474782	1.10473417859576	151	175	474	496	203.639105748268	192.565561293505	320.094244042386	521.674439752308	95.74	UP_pEhEx_DOWN_CDC5
EHI_069950A	57.3151003527622	14.9318811716864	0.832652760679599	0.957401827159508	1.94051935163411	14	10	66	66	18.8804468905679	11.0037463596288	44.5700846134968	69.4163569025249	95.74	UP_pEhEx_DOWN_CDC5
EHI_087650A	2.76824411253519	20.2699976143952	-0.998952490192675	0.95652582944833	-2.87230284389607	21	11	5	2	28.3206703358519	12.1041209955917	3.37652156162854	2.10352596674318	95.65	DOWN_pEhEx_UP_CDC5
EHI_111800A	18.201056692974	7.31130227778035	0.698188104642111	0.954618640597703	1.31582190617017	6	6	27	17	8.09162009595767	6.6022478157773	18.2332164327941	17.879970717317	95.46	UP_pEhEx_DOWN_CDC5
EHI_009500A	960.346571758364	2043.28013679442	-1.11895408661792	0.954421419038142	-1.08925996576537	1476	1936	2099	455	1990.53854360559	2130.32529522414	1417.46375157166	478.552157434073	95.44	DOWN_pEhEx_UP_CDC5
EHI_009950A	18.0380444146553	7.84325831356395	0.697547143357831	0.954267264041363	1.20151791731513	6	7	25	18	8.09162009595767	7.70262245174018	16.8826078081427	18.9317337006886	95.43	UP_pEhEx_DOWN_CDC5
EHI_040340A	599.123295720055	1228.81837224709	-1.1748171690069	0.953735120764973	-1.03634685524295	946	1089	615	739	1275.77876846266	1198.30797856358	415.312152080311	777.252844711604	95.37	DOWN_pEhEx_UP_CDC5
EHI_196530A	101.986379929775	45.9770817249437	0.695025643362114	0.952855195621151	1.14938969334144	29	49	141	102	39.1094971304621	53.9183571621813	95.2179080379249	107.279824303902	95.29	UP_pEhEx_DOWN_CDC5
EHI_022500A	14.5644019690333	6.62470793393389	0.690634866583272	0.950325374286799	1.13651770756707	5	6	21	14	6.7430167466314	6.6022478157773	14.1813905588399	14.7246817672022	95.03	UP_pEhEx_DOWN_CDC5
