pEhEx_mean	EhMyb10_mean	theta	prob	log2FC	EhMyb10_1	EhMyb10_2	pEhEx_1	pEhEx_2	EhMyb10_1	EhMyb10_2	pEhEx_1	pEhEx_2	DE	Regulation
EHI_033240A	14.8075303908759	0.054323721961994	2.84843935623403	1	8.09053300329467	0	0	12	18	0.543698205502093	0.52509549978049	9.0074146542609	21.3096585889919	100	UP_pEhEx_DOWN_EhMyb10
EHI_083270A	4109.39038975088	1016.31345344199	2.10836363610685	1	2.01557896257319	1538	331	5365	3660	1672.41568012444	347.613220854685	4027.06496834248	4332.96391309502	100	UP_pEhEx_DOWN_EhMyb10
EHI_083410A	4109.39038975088	1016.31345344199	2.10836363610685	1	2.01557896257319	1538	331	5365	3660	1672.41568012444	347.613220854685	4027.06496834248	4332.96391309502	100	UP_pEhEx_DOWN_EhMyb10
EHI_085680A	10.0505514229729	0.054323721961994	3.07387103463456	1	7.53147661314398	0	0	10	11	0.543698205502093	0.52509549978049	7.50617887855075	13.0225691377173	100	UP_pEhEx_DOWN_EhMyb10
EHI_140540A	9580.71536419909	4048.04530227854	2.1252218315717	1	1.24290794629533	4936	2512	12921	8262	5367.38868471666	2638.07979089718	9698.73372897542	9781.13329234728	100	UP_pEhEx_DOWN_EhMyb10
EHI_155900A	118.352720274996	0.054323721961994	3.70826273063504	1	11.0892229171084	0	0	82	153	0.543698205502093	0.52509549978049	61.5506668041161	181.132098006431	100	UP_pEhEx_DOWN_EhMyb10
EHI_183200A	30.3661895864967	0.054323721961994	3.34716292484549	1	9.12666784362772	0	0	26	36	0.543698205502093	0.52509549978049	19.5160650842319	42.6193171779838	100	UP_pEhEx_DOWN_EhMyb10
EHI_188960A	6807.9366796454	1633.2287109194	2.5812818377487	1	2.05949078425483	1658	1348	7493	6979	1802.90324944494	1415.6574674082	5624.37983369808	8262.22818292081	100	UP_pEhEx_DOWN_EhMyb10
EHI_194540A	42862.6611864101	21214.5830024406	2.24148155536263	1	1.01466510343109	21534	17512	50011	42079	23415.9943145641	18390.9447843119	37539.1511895201	49816.062431455	100	UP_pEhEx_DOWN_EhMyb10
EHI_018630A	0.0473914355697518	23.8841543332101	-2.76122807206048	0.999999999999999	-8.97721171744275	11	33	0	0	11.961360521046	34.6563029855124	0.375308943927537	0.591934960805331	100	DOWN_pEhEx_UP_EhMyb10
EHI_156660A	9151.79739514256	4096.30394081795	3.3050988374118	0.999999999999999	1.15973234817032	3295	4247	12553	7754	3582.97117425879	4460.16117513548	9422.50634624475	9179.72737216907	100	UP_pEhEx_DOWN_EhMyb10
EHI_178640A	0.0473914355697518	17.930983549746	-3.48371515451972	0.999999999999999	-8.5636125463048	19	14	0	0	20.6605318090795	14.7026739938537	0.375308943927537	0.591934960805331	100	DOWN_pEhEx_UP_EhMyb10
EHI_123020A	0.0473914355697518	27.1502261345906	-3.38893461745475	0.999999999999999	-9.1621221355707	18	32	0	0	19.5731353980753	33.6061119859514	0.375308943927537	0.591934960805331	100	DOWN_pEhEx_UP_EhMyb10
EHI_089770A	39.1830353367857	0.054323721961994	5.33975297779858	0.999999999999999	9.49443111733205	0	0	51	35	0.543698205502093	0.52509549978049	38.2815122806088	41.4354472563732	100	UP_pEhEx_DOWN_EhMyb10
EHI_006770A	0.0473914355697518	28.8123491512969	-2.9103555907971	0.999999999999998	-9.24784521351433	39	14	0	0	42.4084600291632	14.7026739938537	0.375308943927537	0.591934960805331	100	DOWN_pEhEx_UP_EhMyb10
EHI_035060A	149.72228635145	0.054323721961994	5.52938665344314	0.999999999999998	11.4284190354283	0	0	228	112	0.543698205502093	0.52509549978049	171.140878430957	132.593431220394	100	UP_pEhEx_DOWN_EhMyb10
EHI_083380A	0.0473914355697518	10.8680686342292	-3.06999347959945	0.999999999999997	-7.8412535029009	12	8	0	0	13.0487569320502	8.40152799648784	0.375308943927537	0.591934960805331	100	DOWN_pEhEx_UP_EhMyb10
EHI_049690A	3387.78800723415	1255.8442243146	2.3293338336919	0.999999999999996	1.43168607747755	1410	901	4559	2928	1533.2289395159	946.222090604443	3422.06695073129	3466.37113047602	100	UP_pEhEx_DOWN_EhMyb10
EHI_179850A	15.5764946065486	0.054323721961994	2.66635487447493	0.999999999999995	8.16357255654133	0	0	11	20	0.543698205502093	0.52509549978049	8.25679676640582	23.6773984322132	100	UP_pEhEx_DOWN_EhMyb10
EHI_195110A	0.0473914355697518	1266.02750123327	-3.59705109098615	0.999999999999995	-14.7053228550335	31	2303	0	0	33.7092887411297	2418.58987198894	0.375308943927537	0.591934960805331	100	DOWN_pEhEx_UP_EhMyb10
EHI_004430A	64.5777106378015	0.054323721961994	5.28749440251564	0.999999999999989	10.2152382526605	0	0	79	61	0.543698205502093	0.52509549978049	59.2988131405509	72.2160652182503	100	UP_pEhEx_DOWN_EhMyb10
EHI_098470A	4620.43401602307	0.054323721961994	4.23306933782529	0.999999999999986	16.3760865221328	0	0	486	7755	0.543698205502093	0.52509549978049	364.800293497566	9180.91124209068	100	UP_pEhEx_DOWN_EhMyb10
EHI_049990A	67.4390321829144	0.054323721961994	5.04005142526352	0.999999999999985	10.2777857885031	0	0	79	66	0.543698205502093	0.52509549978049	59.2988131405509	78.1354148263037	100	UP_pEhEx_DOWN_EhMyb10
EHI_158270A	3111.14380906463	6413.05250258889	-4.19648569418264	0.999999999999983	-1.04356613498522	5985	5820	4054	2776	6508.06751986005	6112.11161744491	3043.00491736447	3286.4229023912	100	DOWN_pEhEx_UP_EhMyb10
EHI_111760A	10749.3213890688	4025.26867521566	2.01040695248578	0.999999999997917	1.41708859717247	5265	2140	13331	10035	5725.14210393704	2247.4087390605	10006.487062996	11880.134663363	100	UP_pEhEx_DOWN_EhMyb10
EHI_049000A	5901.70848140485	1798.87644621966	1.37271634215322	0.998163122385023	1.71403655957664	3092	215	6747	5885	3362.22970282494	225.791064905611	5064.41888935819	6967.07448867874	99.82	UP_pEhEx_DOWN_EhMyb10
EHI_152800A	1095.59417829424	161.412094366018	1.36248964207399	0.99752230635437	2.76289291831289	191	106	755	1419	207.692714501799	111.320245953464	566.716505330582	1679.91141876553	99.75	UP_pEhEx_DOWN_EhMyb10
EHI_155680A	563.081085825918	76.6022653896148	1.64381318534374	0.996486738601861	2.8778837275643	74	67	550	623	80.4673344143097	70.3627969705857	412.839838320291	737.550961163442	99.65	UP_pEhEx_DOWN_EhMyb10
EHI_105140A	10832.0173533916	3516.77204371675	1.6394843294433	0.996133745839569	1.62297822731618	4781	1688	11325	11496	5198.84224101101	1772.72240725893	8500.74757995872	13609.7686188362	99.61	UP_pEhEx_DOWN_EhMyb10
EHI_167270A	10832.0173533916	3516.77204371675	1.6394843294433	0.996133745839569	1.62297822731618	4781	1688	11325	11496	5198.84224101101	1772.72240725893	8500.74757995872	13609.7686188362	99.61	UP_pEhEx_DOWN_EhMyb10
EHI_182850A	21616.4008333293	10568.4388133461	1.39000429764976	0.995352528813294	1.03236405670033	14151	5290	27582	19672	15387.7466121202	5555.51038767759	20703.5425828187	23289.0890979249	99.54	UP_pEhEx_DOWN_EhMyb10
EHI_186720A	14748.2800225424	5454.07896162618	1.39033848393917	0.995233483218694	1.43513922176992	8596	1433	17410	14346	9347.25954899198	1504.92370237088	13068.2574275569	16983.7978954265	99.52	UP_pEhEx_DOWN_EhMyb10
EHI_040310A	1370.04666246543	460.59202891744	1.88946547162815	0.994230287777082	1.57266368188343	380	468	1757	1241	413.21063618159	491.489387794539	1318.83562896137	1469.18257271883	99.42	UP_pEhEx_DOWN_EhMyb10
EHI_103510A	3201.0392109942	766.581126523656	1.34588364677517	0.993555968465558	2.06202996515574	1076	334	2698	3823	1170.0385382405	350.763793853367	2025.16706143299	4525.93471031756	99.36	UP_pEhEx_DOWN_EhMyb10
EHI_092930A	666.235938215406	145.551008198009	1.62814838288156	0.993437281726226	2.19450834551073	112	156	814	630	121.788398032469	163.829795931513	611.002960714031	745.838050614717	99.34	UP_pEhEx_DOWN_EhMyb10
EHI_096340A	2299.05893098776	1048.8207036923	1.34460653029316	0.993117823107315	1.13227537692197	863	1068	2553	2342	938.423102696612	1121.60398753113	1916.32746769401	2772.62335641217	99.31	UP_pEhEx_DOWN_EhMyb10
EHI_172280A	180.605192468407	15.7580346712663	1.33533972068477	0.989466420804345	3.51867985202639	17	12	135	227	18.4857389870711	12.6022919947318	101.333414860435	268.73847220562	98.95	UP_pEhEx_DOWN_EhMyb10
EHI_177520A	2192.21722428604	638.721756463603	1.32720049923998	0.985939447565672	1.77913126210625	839	336	2107	2448	912.325588832511	352.864175852489	1581.55188971064	2898.1135681029	98.59	UP_pEhEx_DOWN_EhMyb10
EHI_103310A	3042.92407377781	770.030031625709	1.51670702074103	0.985644652091567	1.9824717185879	1193	223	3240	3191	1297.26391832799	234.192592902099	2432.00195665044	3777.72891985962	98.56	UP_pEhEx_DOWN_EhMyb10
EHI_134810A	971.741516429713	278.237183700321	1.51519188596621	0.985612040561878	1.80425737253509	316	196	1181	923	343.617265877323	205.837435913952	886.479725556843	1092.71193764664	98.56	UP_pEhEx_DOWN_EhMyb10
EHI_015320A	7306.40696405852	16918.787186623	-1.68022951259838	0.985050025402978	-1.21139213480349	12107	19048	9253	6695	13165.1083480277	20004.0381596376	6945.46731632301	7926.00912518338	98.51	DOWN_pEhEx_UP_EhMyb10
EHI_144610A	1725.65363793762	449.352752578314	1.5104564565798	0.985031176257084	1.94122258042691	471	356	1654	1930	512.163709582971	373.867995843709	1241.52198651229	2284.86894870858	98.5	UP_pEhEx_DOWN_EhMyb10
EHI_156380A	23.6957177848759	2.17294887847976	1.50973378629641	0.984851600765749	3.44690022469079	2	2	25	25	2.17479282200837	2.10038199912196	18.7654471963769	29.5967480402665	98.49	UP_pEhEx_DOWN_EhMyb10
EHI_112830A	831.37266931572	1882.2579606906	-1.77899133654759	0.984629546151106	-1.17889713439769	1697	1768	984	807	1845.3117094741	1856.73768722381	738.608001649394	955.383026739804	98.46	DOWN_pEhEx_UP_EhMyb10
EHI_131470A	4501.66713877838	2214.43325219909	1.32325202616383	0.984274706065301	1.02352187338138	2810	1264	5832	4039	3055.58391492176	1327.44142344508	4377.6035219708	4781.65061338546	98.43	UP_pEhEx_DOWN_EhMyb10
EHI_163670A	3902.16747819484	1480.05742255847	1.32264613067057	0.984028612326903	1.39862254876862	1530	1194	3643	4428	1663.7165088364	1253.92805347581	2734.50096545604	5242.17601289201	98.4	UP_pEhEx_DOWN_EhMyb10
EHI_170160A	10.2115805077675	1.08647443923988	1.60493043727366	0.982688154316801	3.23248003938505	1	1	15	8	1.08739641100419	1.05019099956098	11.2592683178261	9.47095937288529	98.27	UP_pEhEx_DOWN_EhMyb10
EHI_058090A	3146.87896772682	1080.00379411098	1.60137591692379	0.980883174474921	1.54288531147316	1023	965	3209	3393	1112.40652845728	1013.43431457635	2408.73280212693	4016.87064402497	98.09	UP_pEhEx_DOWN_EhMyb10
EHI_057550A	217.340693416531	697.836271948528	-1.16032719765059	0.980854350277502	-1.68293026712911	508	777	341	156	552.397376790126	815.998406658882	255.960699758581	184.683707771263	98.09	DOWN_pEhEx_UP_EhMyb10
EHI_146540A	7.18922987786007	35.3046018520929	-1.15286876921949	0.980164452412946	-2.29594710666664	29	36	10	6	31.5344959191214	37.8068759841953	7.50617887855075	7.10321952966397	98.02	DOWN_pEhEx_UP_EhMyb10
EHI_179390A	300.944278380165	46.1909538163893	1.30756419172843	0.979298834690746	2.70381414573715	52	33	300	329	56.5446133722176	34.6563029855124	225.185366356522	389.493204209908	97.93	UP_pEhEx_DOWN_EhMyb10
EHI_001060A	17.4186457965553	3.25942331771964	1.30637075783935	0.979075654614532	2.4179438273029	3	3	22	16	3.26218923301256	3.15057299868294	16.5135935328116	18.9419187457706	97.91	UP_pEhEx_DOWN_EhMyb10
EHI_148190A	1890.41276308978	557.549206993476	1.30311304361095	0.978573641533983	1.76153023270976	626	400	1695	2191	680.71015328862	420.076399824392	1272.29731991435	2593.85899824896	97.86	UP_pEhEx_DOWN_EhMyb10
EHI_126870A	58531.5585850641	20430.6188060059	1.2976820142392	0.978104226712596	1.51848179410677	35780	1777	68859	57090	38907.0435857297	1866.18940621986	51686.7971398126	67587.1338247527	97.81	UP_pEhEx_DOWN_EhMyb10
EHI_083140A	82.8178061099233	1.1152568681132	1.28882743402942	0.978013764521676	6.21449304757913	2	0	27	127	2.17479282200837	0.52509549978049	20.266682972087	150.351480044554	97.8	UP_pEhEx_DOWN_EhMyb10
EHI_010030A	705.040857217595	149.46752401804	1.29278641377687	0.977985434819019	2.23787481151678	184	91	704	770	200.08093962477	95.5673809600492	528.434993049973	911.579839640209	97.8	UP_pEhEx_DOWN_EhMyb10
EHI_135080A	43896.6316410275	19399.657631476	1.27540214875601	0.977908837891023	1.17807904871143	27061	8622	47527	45516	29426.0342781843	9054.74679821477	35674.6163560881	53885.0233520309	97.79	UP_pEhEx_DOWN_EhMyb10
EHI_035670A	274.905997126416	52.6981656054222	1.27299687321982	0.977721251561288	2.38311373144298	51	46	284	294	55.4572169612134	48.3087859798051	213.175480150841	348.057756953534	97.77	UP_pEhEx_DOWN_EhMyb10
EHI_141800A	1686.09963167646	528.282544091523	1.49519339910015	0.977356777705413	1.67430814251315	640	332	1890	1706	695.933703042679	348.663411854246	1418.66780804609	2019.68208626779	97.74	UP_pEhEx_DOWN_EhMyb10
EHI_072640A	12.8583667353025	2.17294887847976	1.26696303403736	0.976934986160845	2.56498126503881	2	2	19	10	2.17479282200837	2.10038199912196	14.2617398692464	11.8386992161066	97.69	UP_pEhEx_DOWN_EhMyb10
EHI_103400A	4.91800805269753	51.0293941050551	-1.17658752582077	0.976646240654148	-3.37518250975403	26	68	7	4	28.2723066861088	71.4129879701467	5.25432521498552	4.73547968644265	97.66	DOWN_pEhEx_UP_EhMyb10
EHI_117850A	7052.41124206431	1708.7262164382	1.59060809567472	0.976098961843022	2.04519534665839	2699	443	7024	7714	2934.8829133003	465.234612805514	5272.34004429405	9132.37257530464	97.61	UP_pEhEx_DOWN_EhMyb10
EHI_015310A	11390.3017344509	3926.91087974591	1.54964853277306	0.975899029668031	1.53633920333489	5808	1414	12746	11539	6315.59835511231	1484.97007337923	9567.37559860078	13660.6750254654	97.59	UP_pEhEx_DOWN_EhMyb10
EHI_117270A	47.5534854274359	414.406061463796	-1.17919557510701	0.975284020011835	-3.12342211304561	331	432	119	5	359.928212042385	453.682511810344	89.3235286547539	5.91934960805331	97.53	DOWN_pEhEx_UP_EhMyb10
EHI_178340A	3488.05241793654	362.285206556756	1.58715556392145	0.97489731813294	3.26722391934691	301	366	1876	4864	327.30631971226	384.369905839319	1408.15915761612	5758.34329871426	97.49	UP_pEhEx_DOWN_EhMyb10
EHI_135060A	1932.22577001606	537.682957856125	1.25684618818354	0.974718389340105	1.84543602457652	748	241	1817	2184	813.372515431131	253.096030894196	1363.87270223267	2585.57190879768	97.47	UP_pEhEx_DOWN_EhMyb10
EHI_023400A	897.74923263964	3293.42093989308	-1.13479964329659	0.97362144249439	-1.87520249812715	1590	4477	1723	438	1728.96029349665	4701.70510503451	1293.31462077429	518.53502566547	97.36	DOWN_pEhEx_UP_EhMyb10
EHI_048140A	1757.0155482174	259.748834903176	1.56081096353383	0.973019900645863	2.75793777504426	288	190	1320	2204	313.170166369205	199.536289916586	990.815611968699	2609.2493072299	97.3	UP_pEhEx_DOWN_EhMyb10
EHI_169350A	2662.76573495338	200.345665119812	1.5628463266999	0.972703965961389	3.73236230895666	119	250	1248	3834	129.400172909498	262.547749890245	936.771124043133	4538.95727945528	97.27	UP_pEhEx_DOWN_EhMyb10
EHI_092470A	16191.0832215795	6728.42095272261	1.21128953229359	0.972676673389441	1.26685963516348	10366	2007	18512	16144	11271.9511964694	2107.73333611889	13895.4383399731	19112.3960144825	97.27	UP_pEhEx_DOWN_EhMyb10
EHI_001940A	1210.1454041094	414.15286434388	1.21701139399107	0.972023927300705	1.54694513215916	505	257	1316	1251	549.135187557114	269.899086887172	987.813140417278	1481.02127193494	97.2	UP_pEhEx_DOWN_EhMyb10
EHI_030070A	19084.1515126744	7166.24133883842	1.21858461655061	0.971808738467823	1.41308650992023	12057	1118	22124	18829	13110.7385274775	1174.11353750918	16606.6701509057	22291.0867540071	97.18	UP_pEhEx_DOWN_EhMyb10
EHI_131940A	7998.77645710502	3573.06371894385	1.24100991651258	0.971173380147989	1.16261769128195	5036	1536	9329	7855	5476.12832581708	1613.09337532567	7002.51427579999	9299.29823425175	97.12	UP_pEhEx_DOWN_EhMyb10
EHI_000690A	239.63861412526	9.27628106927633	1.2297480062328	0.970624419005754	4.69117005105176	17	0	184	298	18.4857389870711	0.52509549978049	138.113691365334	352.793236639977	97.06	UP_pEhEx_DOWN_EhMyb10
EHI_114920A	2206.23540311809	459.145426878904	1.23139923511857	0.970572720622452	2.26456365183973	815	29	1963	2567	886.228074968411	30.4555389872684	1473.46291385951	3038.99408877457	97.06	UP_pEhEx_DOWN_EhMyb10
EHI_120950A	38.4675773538962	5.4307100752842	1.19195937745086	0.969721743914281	2.82443022264071	4	6	43	39	4.34958564401674	6.30114599736588	32.2765691777682	46.1709269428158	96.97	UP_pEhEx_DOWN_EhMyb10
EHI_044770A	9896.60826886894	4689.74447414358	1.1896482279485	0.968589293061852	1.07742485641177	6261	2366	10867	10162	6808.1889292972	2484.75190496128	8156.9645873211	12030.4861434075	96.86	UP_pEhEx_DOWN_EhMyb10
EHI_119540A	3877.77771054311	1192.57052335602	1.48473087569024	0.967775717639493	1.70115552149664	1523	671	3831	4262	1656.10473395937	704.678160705418	2875.61712837279	5045.65360590464	96.78	UP_pEhEx_DOWN_EhMyb10
EHI_194430A	101.506849173908	13.041017512709	1.18701634257416	0.967104343832724	2.96044873258139	14	10	92	117	15.2235497540586	10.5019099956098	69.0568456826669	138.512780828447	96.71	UP_pEhEx_DOWN_EhMyb10
EHI_181610A	99.1291252696233	403.443251937401	-1.11514112699268	0.965900298782245	-2.02498485414373	262	481	139	82	284.897859683097	505.141870788832	104.335886411855	97.0773335720742	96.59	DOWN_pEhEx_UP_EhMyb10
EHI_035600A	4657.749039149	1931.95156011763	1.48282261081826	0.965811669420726	1.2695739869323	2551	1003	5632	4443	2773.94824447168	1053.34157255966	4227.47994439978	5259.93406171617	96.58	UP_pEhEx_DOWN_EhMyb10
EHI_188170A	501.705100700191	162.914653774865	0.974116776425477	0.96479475900224	1.62272322907524	116	184	510	542	126.137983676485	193.23514391922	382.815122806088	641.657497512978	96.48	UP_pEhEx_DOWN_EhMyb10
EHI_126980A	95.586995790587	10.858095908738	0.975186978805153	0.964711144221059	3.13804322670129	6	14	61	127	6.52437846602511	14.7026739938537	45.7876911591596	150.351480044554	96.47	UP_pEhEx_DOWN_EhMyb10
EHI_076020A	694.616272551584	245.150407991419	0.975514563860666	0.964685386998635	1.50254904603777	316	135	789	696	343.617265877323	141.775784940732	592.237513517654	823.97346544102	96.47	UP_pEhEx_DOWN_EhMyb10
EHI_025830A	1941.46150678725	929.066398361592	0.95444422332479	0.963546977364656	1.06328949163036	1260	449	2317	1872	1370.11947786527	471.53575880288	1739.18164616021	2216.20449325516	96.35	UP_pEhEx_DOWN_EhMyb10
EHI_099860A	136.647853139235	19.0124716262403	1.18143836477858	0.963277036062407	2.84544479398125	17	18	117	162	18.4857389870711	18.9034379920976	87.8222928790438	191.786927300927	96.33	UP_pEhEx_DOWN_EhMyb10
EHI_017750A	860.378774193704	232.478936062691	1.48008650827696	0.962957607130552	1.8878719278537	198	230	950	880	215.304489378829	241.543929899025	713.086993462321	1041.80553101738	96.3	UP_pEhEx_DOWN_EhMyb10
EHI_114010A	72.4808673392167	842.742377231438	-1.09009528445227	0.962623531662691	-3.53941954826258	232	1321	1	126	252.275967352971	1387.30231042006	0.750617887855075	149.167610122943	96.26	DOWN_pEhEx_UP_EhMyb10
EHI_022010A	4131.25263291531	1065.87353055651	1.86444637137936	0.961900325489857	1.95454301839248	1659	301	5923	3332	1803.99064585594	316.107490867855	4445.90974976561	3944.65457880672	96.19	UP_pEhEx_DOWN_EhMyb10
EHI_057850A	888.190416925973	429.857711145859	0.94785012995809	0.961735990214874	1.04700981872102	490	301	1149	798	532.824241392051	316.107490867855	862.459953145481	944.728197445308	96.17	UP_pEhEx_DOWN_EhMyb10
EHI_167310A	6326.71686653381	2553.95956028223	0.944060930495927	0.960381829815975	1.30872135234953	3777	920	5302	7576	4107.09624436281	966.175719596102	3979.77604140761	8968.99852612237	96.04	UP_pEhEx_DOWN_EhMyb10
EHI_161170A	474.95442378222	1119.77452116673	-1.06494986466499	0.960135304426043	-1.2373472736956	802	1260	678	385	872.091921625357	1323.24065944684	508.918927965741	455.789919820105	96.01	DOWN_pEhEx_UP_EhMyb10
EHI_174910A	1028.87468718577	409.715549936584	0.94053628067693	0.958947942901988	1.32837272487356	446	308	940	1181	484.978799307867	323.458827864782	705.58081458377	1398.15037742219	95.89	UP_pEhEx_DOWN_EhMyb10
EHI_153690A	1777.41324613998	776.840304162115	1.00798405287245	0.958798806640056	1.19408918701876	1048	381	1996	1796	1139.59143873239	400.122770832734	1498.23330415873	2126.23037921275	95.88	UP_pEhEx_DOWN_EhMyb10
EHI_095830A	318.185080453888	66.3297907838344	1.00979307707127	0.958419227068588	2.26213730950119	94	28	384	304	102.215262634393	29.4053479877075	288.237268936349	359.896456169641	95.84	UP_pEhEx_DOWN_EhMyb10
EHI_112800A	222.650570123195	65.7275482717247	1.01148322717553	0.958066314051889	1.76021122932814	58	63	250	225	63.0689918382427	66.1620329723418	187.654471963769	266.370732362399	95.81	UP_pEhEx_DOWN_EhMyb10
EHI_137810A	10.7838448167901	3.25942331771964	0.9380720057724	0.957877946355204	1.72618300148002	3	3	15	9	3.26218923301256	3.15057299868294	11.2592683178261	10.654829294496	95.79	UP_pEhEx_DOWN_EhMyb10
EHI_140770A	27.9161032656118	4.88996603703706	0.86261080916764	0.957679543255584	2.51320122347518	5	4	21	35	5.43698205502093	4.20076399824392	15.7629756449566	41.4354472563732	95.77	UP_pEhEx_DOWN_EhMyb10
EHI_186950A	294.579050110096	122.249150925927	0.852950831371779	0.957620147183793	1.26883038729146	125	100	376	268	135.924551375523	105.019099956098	282.232325833508	317.277138991657	95.76	UP_pEhEx_DOWN_EhMyb10
EHI_157360A	98.0375924979167	26.6194548218347	0.865111128203321	0.957498662641017	1.88085403195958	25	24	98	107	27.1849102751046	25.2045839894635	73.5605530097973	126.674081612341	95.75	UP_pEhEx_DOWN_EhMyb10
EHI_176820A	1369.60738410138	499.180985900981	1.01446832661815	0.957446425355518	1.45612749776694	427	492	1125	1655	464.318267498787	516.693971784002	844.445123836959	1959.30472026564	95.74	UP_pEhEx_DOWN_EhMyb10
EHI_118230A	163.15138623644	39.0964586034836	0.865842745229814	0.957421946409402	2.06110140772656	26	46	151	186	28.2723066861088	48.3087859798051	113.343301066116	220.199805419583	95.74	UP_pEhEx_DOWN_EhMyb10
EHI_126210A	184.594227993526	52.7164489354894	0.849081533374137	0.957311710243709	1.80803234612738	62	35	202	190	67.4185774822595	36.7566849846343	151.624813346725	224.935285106026	95.73	UP_pEhEx_DOWN_EhMyb10
EHI_108640A	5.29357245507	23.8924649377861	-0.860917944836141	0.95702545872121	-2.17424211864895	16	28	8	4	17.398342576067	29.4053479877075	6.0049431028406	4.73547968644265	95.7	DOWN_pEhEx_UP_EhMyb10
EHI_159450A	1.15530642256852	16.8328742640997	-0.863265338733093	0.956875998755866	-3.86493408791585	11	20	3	0	11.961360521046	21.0038199912196	2.25185366356522	0.591934960805331	95.69	DOWN_pEhEx_UP_EhMyb10
EHI_118750A	21338.046280454	8447.68668839163	0.935836347987776	0.956864861031501	1.33679985503065	14511	1019	19632	24403	15779.2093200817	1070.14462855264	14736.1303743708	28889.977697065	95.69	UP_pEhEx_DOWN_EhMyb10
EHI_175700A	3.59461493893003	11.9528809525539	-0.866574599137484	0.956528332524997	-1.73344924664153	12	10	5	3	13.0487569320502	10.5019099956098	3.75308943927537	3.55160976483198	95.65	DOWN_pEhEx_UP_EhMyb10
EHI_069950A	62.5566949520724	14.6698981111112	0.935096135419344	0.956523167180863	2.09230544208569	15	12	66	66	16.3109461650628	12.6022919947318	49.5407805984349	78.1354148263037	95.65	UP_pEhEx_DOWN_EhMyb10
EHI_104360A	1082.27515319349	410.778754683011	1.01927500981778	0.956442056366336	1.39763385759085	433	323	1006	1231	470.842645964812	339.211692858197	755.121595182205	1457.34387350272	95.64	UP_pEhEx_DOWN_EhMyb10
EHI_180000A	50.6104861063094	11.4121369143067	0.873297741142589	0.956240109245857	2.14886737077269	13	8	54	53	14.1361533430544	8.40152799648784	40.533365944174	62.7451058453651	95.62	UP_pEhEx_DOWN_EhMyb10
EHI_201200A	284.778194440111	109.209795534133	0.84023800882627	0.956176967847923	1.38273641881537	112	89	324	285	121.788398032469	93.4669989609273	243.200195665044	337.402927659038	95.62	UP_pEhEx_DOWN_EhMyb10
EHI_140550A	3670.62364492783	1700.71145887758	0.838605220830161	0.955917503901294	1.10988680466263	2772	355	4183	3669	3014.2628513036	372.817804844148	3139.83462489778	4343.61874238952	95.59	UP_pEhEx_DOWN_EhMyb10
EHI_092430A	10553.51115519	5017.10625507563	0.837349235668143	0.955711828342079	1.0727956659742	8394	830	11807	10693	9127.60547396913	871.658529635614	8862.54540190487	12659.1210717828	95.57	UP_pEhEx_DOWN_EhMyb10
EHI_069280A	116.959006290407	35.3228851821601	0.83715293624611	0.955677569361037	1.72732786639256	40	25	156	102	43.4958564401674	26.2547749890245	117.096390505392	120.754732004287	95.57	UP_pEhEx_DOWN_EhMyb10
EHI_017660A	368.703837573335	59.8408623248688	0.875772992152543	0.955666789595787	2.62325956232748	106	4	293	452	115.264019566444	4.20076399824392	219.931041141537	535.109204568019	95.57	UP_pEhEx_DOWN_EhMyb10
EHI_035510A	131.19427237226	51.0609744024439	0.835677054155983	0.955422050700298	1.36141176248474	45	49	168	119	48.9328384951883	51.459358978488	126.103805159653	140.880520671669	95.54	UP_pEhEx_DOWN_EhMyb10
EHI_005020A	1510.40938494209	683.620132847267	1.02563577094879	0.955046698259076	1.14367284342278	766	492	1570	1609	832.945650829206	516.693971784002	1178.47008393247	1904.84670387155	95.5	UP_pEhEx_DOWN_EhMyb10
EHI_050740A	529.177360238388	232.039581400271	0.879157295880123	0.954766155218141	1.18938041839106	260	167	734	443	282.723066861088	175.381896926684	550.953529685625	524.454375273523	95.48	UP_pEhEx_DOWN_EhMyb10
EHI_045280A	65.3466748534742	20.0956218236498	0.831908066145389	0.954731886027126	1.70123260702495	16	21	78	63	17.398342576067	22.0540109907806	58.5481952526958	74.5838050614717	95.47	UP_pEhEx_DOWN_EhMyb10
EHI_012420A	87.075393571849	22.2635843393839	0.879475095508737	0.954673886761361	1.96757920971056	15	26	113	78	16.3109461650628	27.3049659885855	84.8198213276235	92.3418538856316	95.47	UP_pEhEx_DOWN_EhMyb10
EHI_038300A	94.7477107040928	20.113905153717	0.830442550361215	0.954450109293509	2.23589787440133	27	10	138	75	29.359703097113	10.5019099956098	103.585268524	88.7902441207996	95.45	UP_pEhEx_DOWN_EhMyb10
EHI_118670A	155.979991769508	39.6571480927132	0.880730651506314	0.954306180059364	1.97570814387724	37	36	138	182	40.2336672071549	37.8068759841953	103.585268524	215.46432573314	95.43	UP_pEhEx_DOWN_EhMyb10
EHI_170060A	700.232413562688	240.315291944584	0.929458372810552	0.953933670201423	1.54290539109048	344	98	839	673	374.06436538544	102.918717956976	629.768407910408	796.744457243975	95.39	UP_pEhEx_DOWN_EhMyb10
EHI_098800A	594.432816491444	287.361685392999	0.882814582455832	0.953667036497953	1.04864604735707	258	271	699	580	280.54827403908	284.601760881026	524.681903610697	686.644554534184	95.37	UP_pEhEx_DOWN_EhMyb10
EHI_004860A	512.921078470805	253.198407970348	0.825544142682381	0.953476024310911	1.01846852643213	263	203	709	431	285.985256094101	213.188772910879	532.188082489248	510.247936214195	95.35	UP_pEhEx_DOWN_EhMyb10
EHI_159910A	13.6273309509752	1.1152568681132	0.824899926430716	0.953343671547624	3.61105508572707	2	0	18	12	2.17479282200837	0.52509549978049	13.5111219813913	14.2064390593279	95.33	UP_pEhEx_DOWN_EhMyb10
EHI_151890A	52.6493372029663	16.3004408304286	0.823485545706425	0.95305504799919	1.6915043880831	17	13	64	50	18.4857389870711	13.6524829942927	48.0395448227248	59.1934960805331	95.31	UP_pEhEx_DOWN_EhMyb10
EHI_193940A	129.834187663747	7.10000794896616	1.03355569769561	0.953054484548341	4.19270587072517	13	0	108	156	14.1361533430544	0.52509549978049	81.0667318883481	184.683707771263	95.31	UP_pEhEx_DOWN_EhMyb10
EHI_125340A	11.9283734348352	2.7170171585573	0.927344139258222	0.952997095695703	2.13430174744217	3	2	15	11	3.26218923301256	2.10038199912196	11.2592683178261	13.0225691377173	95.3	UP_pEhEx_DOWN_EhMyb10
EHI_093840A	28.5958904266457	8.69345763483424	0.822463132394474	0.952844471791742	1.71780583221828	9	7	35	27	9.78656769903767	7.35133699692686	26.2716260749276	31.9644878834879	95.28	UP_pEhEx_DOWN_EhMyb10
EHI_058320A	86.341589791587	17.3869152696685	0.926889575839981	0.952800231498816	2.31205366006407	18	14	76	101	19.5731353980753	14.7026739938537	57.0469594769857	119.570862082677	95.28	UP_pEhEx_DOWN_EhMyb10
EHI_103370A	96.1067746397159	23.915734630599	0.822150214843434	0.952780408999832	2.00667802332467	30	14	134	80	32.6218923301256	14.7026739938537	100.58279697258	94.7095937288529	95.28	UP_pEhEx_DOWN_EhMyb10
EHI_044820A	239.31757672856	77.7036989170915	0.821388803421003	0.952624410390755	1.62287117803332	84	59	238	262	91.3412985243516	61.9612689740978	178.647057309508	310.173919461993	95.26	UP_pEhEx_DOWN_EhMyb10
EHI_109930A	1.73557114718634	24.4315468551181	-0.834705421818967	0.951917670251558	-3.81526279641142	14	31	0	3	15.2235497540586	32.5559209863904	0.375308943927537	3.55160976483198	95.19	DOWN_pEhEx_UP_EhMyb10
EHI_044610A	25.4481815337991	3.25776119680444	0.92474196185373	0.951903653051822	2.96560980925929	2	4	19	32	2.17479282200837	4.20076399824392	14.2617398692464	37.8838374915412	95.19	UP_pEhEx_DOWN_EhMyb10
EHI_032670A	36.2855325833725	3.80681583962759	0.816264726338869	0.951588937721485	3.25273776126423	6	1	25	47	6.52437846602511	1.05019099956098	18.7654471963769	55.6418863157011	95.16	UP_pEhEx_DOWN_EhMyb10
EHI_059870A	489.548950014853	1044.33186353663	-0.917412632572945	0.951301683499444	-1.09305521125818	773	1150	790	337	840.557425706235	1207.71964949513	592.988131405509	398.964163582793	95.13	DOWN_pEhEx_UP_EhMyb10
EHI_148470A	732.006579839588	279.914265805265	0.762298182483942	0.950704603784672	1.38687160101615	346	169	564	909	376.239158207448	177.482278925806	423.348488750262	1076.13775874409	95.07	UP_pEhEx_DOWN_EhMyb10
EHI_198930A	1241.5470683026	602.292451391221	0.762248225902474	0.950703697903965	1.04360287391251	786	322	1232	1361	854.69357904929	338.161501858636	924.761237837452	1611.24696331211	95.07	UP_pEhEx_DOWN_EhMyb10
EHI_157010A	562.244352671647	1844.28066630536	-1.20926204448944	0.950665633739132	-1.71378905429518	1039	2358	787	466	1129.80487103335	2476.35037696479	590.736277741944	551.683383470568	95.07	DOWN_pEhEx_UP_EhMyb10
EHI_199650A	25.5557043858105	8.69013339300384	0.766098861772957	0.950627109469084	1.55619512894603	7	9	33	23	7.6117748770293	9.45171899604882	24.7703902992175	27.2290081970452	95.06	UP_pEhEx_DOWN_EhMyb10
EHI_110570A	355.256391890971	125.548465145611	0.767221517561925	0.950571592579616	1.50061621565989	152	79	341	397	165.284254472636	82.9650889653174	255.960699758581	469.996358879433	95.06	UP_pEhEx_DOWN_EhMyb10
EHI_098440A	581.682482994597	1464.13760951913	-0.898734827630331	0.950562198033927	-1.33174739012565	763	1934	726	540	829.683461596193	2031.06939315094	544.948586582784	639.289757669757	95.06	DOWN_pEhEx_UP_EhMyb10
EHI_158570A	8572.74928041298	1425.07993023449	1.16623252867257	0.950435428571208	2.5887151110135	2392	228	4325	12142	2601.05221512201	239.443547899904	3246.4223649732	14374.5485881967	95.04	UP_pEhEx_DOWN_EhMyb10
EHI_050000A	62.0557722867608	9.7699593485829	0.809743252262324	0.950389464049298	2.66714094833884	4	14	54	73	4.34958564401674	14.7026739938537	40.533365944174	86.4225042775783	95.04	UP_pEhEx_DOWN_EhMyb10
EHI_027610A	885.364766202716	344.257265253122	0.809292761332181	0.950316304475555	1.36278485985994	550	83	1143	797	598.068026052302	87.1658529635614	857.956245818351	943.544327523697	95.03	UP_pEhEx_DOWN_EhMyb10
EHI_056460A	319.884037970028	119.037929114748	0.755494451737316	0.950300199379438	1.42612767117022	151	68	387	305	164.196858061632	71.4129879701467	290.489122599914	361.080326091252	95.03	UP_pEhEx_DOWN_EhMyb10
EHI_094810A	30.9384538955192	6.52050875635448	0.809026770902641	0.950273236909352	2.24634466315241	7	5	26	37	7.6117748770293	5.2509549978049	19.5160650842319	43.8031870995945	95.03	UP_pEhEx_DOWN_EhMyb10
EHI_118270A	42714.8706305541	6803.66803692703	1.43951270796872	0.95023725193134	2.65035375676694	8972	3544	25137	58145	9756.12059952955	3721.87690244411	18868.281847013	68836.1165920519	95.02	UP_pEhEx_DOWN_EhMyb10
EHI_000130A	299.226464680208	79.3209446690873	0.894230722920326	0.95009555981788	1.91546401359034	78	68	236	368	84.8169200583264	71.4129879701467	177.145821533798	435.664131152723	95.01	UP_pEhEx_DOWN_EhMyb10
EHI_036560A	156.035029161626	51.085906216172	0.774166279383308	0.950026681885222	1.61087270929065	60	34	225	125	65.2437846602511	35.7064939850733	168.889024767392	147.983740201333	95	UP_pEhEx_DOWN_EhMyb10
EHI_014110A	11520.7876942505	5656.11167947492	0.774292106861497	0.950014854656801	1.02635684802599	9730	668	13354	11368	10580.3670790707	701.527587706735	10023.7512744167	13458.23326887	95	UP_pEhEx_DOWN_EhMyb10
