pEhEx_mean	CDC5_mean	theta	prob	log2FC	CDC5_1	CDC5_2	pEhEx_1	pEhEx_2	CDC5_1.1	CDC5_2.1	pEhEx_1.1	pEhEx_2.1	DE	Regulation
EHI_000140A	315.787296470492	119.51690725719	1.13684095206085	0.975061437987509	1.40173841439775	78	124	476	290	105.19106124745	136.446454859398	321.444852667037	305.011265177761	97.51	UP_pEhEx_DOWN_CDC5
EHI_000690A	219.592292389316	0.0609275189815029	4.47656741336539	0.999999999999993	11.8154458028758	0	0	184	298	0.67430167466314	0.550187317981442	124.25599346793	313.425369044733	100	UP_pEhEx_DOWN_CDC5
EHI_001940A	1108.72917081229	335.998255304794	1.58287298125205	0.998752268555771	1.72238135469126	298	247	1316	1251	401.883798099231	271.792535082832	888.700475020633	1315.75549219786	99.88	UP_pEhEx_DOWN_CDC5
EHI_005020A	1383.86417618502	509.088083868065	1.47040450891415	0.998706938657876	1.44271514975308	375	473	1570	1609	505.726255997355	520.477202810444	1060.22777035136	1692.28664024489	99.87	UP_pEhEx_DOWN_CDC5
EHI_005070A	140.611386754607	48.1915030645459	0.940337649823258	0.968017568918484	1.54486272534288	33	48	174	154	44.5039105277672	52.8179825262184	117.502950344673	161.971499439225	96.8	UP_pEhEx_DOWN_CDC5
EHI_007510A	20988.7557103886	52574.1335905452	-3.06538251833547	0.999999999999993	-1.32473652890801	41255	45584	37214	15620	55636.6311764556	50159.4774057321	25130.7746788889	16428.5378002642	100	DOWN_pEhEx_UP_CDC5
EHI_007940A	636.524235108097	227.893666704774	1.45629880845357	0.999515136285231	1.48185461269386	139	249	884	634	187.455865556353	273.993284354758	596.969012095926	666.817731457587	99.95	UP_pEhEx_DOWN_CDC5
EHI_010020A	872.820822856659	134.003429589561	1.41878250748385	0.999260970851639	2.70341559592048	96	128	610	1264	129.465921535323	140.847953403249	411.935630518682	1329.42841098169	99.93	UP_pEhEx_DOWN_CDC5
EHI_010030A	645.984867208293	133.75600445595	1.34484027369529	0.983232109727284	2.2718967116982	146	63	704	770	196.896089001637	69.3236020656617	475.414235877299	809.857497196123	98.32	UP_pEhEx_DOWN_CDC5
EHI_013220A	1492.79487638715	522.300387566187	1.54714973467372	0.993848454861106	1.5150642602958	371	503	1690	1738	500.33184260005	553.48844188933	1141.26428783045	1827.96406509982	99.38	UP_pEhEx_DOWN_CDC5
EHI_013340A	102.365753706224	34.7194077770203	0.993585719080678	0.971338105136643	1.55991890034052	25	33	136	106	33.715083733157	36.3123629867752	91.8413864762964	111.486876237388	97.13	UP_pEhEx_DOWN_CDC5
EHI_015310A	10435.565854307	3394.50407832873	2.60254970945633	1	1.62023610702072	2271	3450	12746	11539	3062.67820631998	3796.29249407195	8607.42876490348	12136.2930651248	100	UP_pEhEx_DOWN_CDC5
EHI_015440A	350.33106709959	118.712786775026	1.08836212181241	0.986160397971659	1.5612435922257	90	107	401	405	121.374301439365	117.740086048029	270.797029242609	425.964008265493	98.62	UP_pEhEx_DOWN_CDC5
EHI_017030A	130.658748560543	28.0946998430864	1.15440932733365	0.97629139594886	2.21743383480008	20	27	142	156	26.9720669865256	29.7101151709979	95.8932123502506	164.075025405968	97.63	UP_pEhEx_DOWN_CDC5
EHI_017660A	337.856183199898	46.6636760687902	1.42037072106805	0.999337577601411	2.85603738905325	30	49	293	452	40.4581004797884	53.9183571621813	197.864163511433	475.396868483958	99.93	UP_pEhEx_DOWN_CDC5
EHI_017750A	788.267872130394	195.846405562464	1.62711557850465	0.999977430346132	2.00896332477001	176	141	950	880	237.354189481425	155.152823670767	641.539096709423	925.551425366998	100	UP_pEhEx_DOWN_CDC5
EHI_020080A	810.096694330688	310.062308546691	1.45014947728133	0.999685280068512	1.3855359591719	261	246	1073	841	351.985474174159	270.692160446869	724.601527125485	884.532669015506	99.97	UP_pEhEx_DOWN_CDC5
EHI_022010A	3784.34972629489	1033.0523806532	3.69338452269712	1	1.87313201229302	743	983	5923	3332	1002.01228854943	1081.66826715151	3999.82744190517	3504.47426059413	100	UP_pEhEx_DOWN_CDC5
EHI_023000A	132.143642138682	26.4988317357356	1.3023982760448	0.978689217504945	2.31810635235356	20	24	157	149	26.9720669865256	26.4089912631092	106.022777035136	156.712684522367	97.87	UP_pEhEx_DOWN_CDC5
EHI_023400A	822.156652227473	3869.1820310359	-3.01933175874847	0.999999999999999	-2.23454339027685	2623	3888	1723	438	3537.38658528283	4278.25658462369	1163.5493301372	460.672186716756	100	DOWN_pEhEx_UP_CDC5
EHI_025360A	386.19968828742	167.368204763761	1.15707782393594	0.97690113041957	1.20632151728053	126	152	545	379	169.924022015111	167.256944666358	368.040850217511	398.618170697832	97.69	UP_pEhEx_DOWN_CDC5
EHI_027610A	811.080697238366	200.801021049556	2.34719488953678	1	2.01407885508709	153	180	1143	797	206.336312446921	198.067434473319	771.872828988285	838.255097747156	100	UP_pEhEx_DOWN_CDC5
EHI_028990A	490.983944598477	72.2717901258942	1.53783473081569	0.992683333321892	2.7641713140341	58	61	450	641	78.2189942609242	67.1228527937359	303.886940546569	674.180072341188	99.27	UP_pEhEx_DOWN_CDC5
EHI_030070A	17484.149542701	5880.40256583696	2.95662540665209	1	1.57206079386587	3730	6240	22124	18829	5030.29049298702	6866.33772840839	14940.432605894	19803.6452139036	100	UP_pEhEx_DOWN_CDC5
EHI_035060A	137.143673546751	0.0609275189815029	5.49871216053473	1	11.1363064577573	0	0	228	112	0.67430167466314	0.550187317981442	153.969383210262	117.797454137618	100	UP_pEhEx_DOWN_CDC5
EHI_035220A	110.056967695979	10.1937618763562	1.38932267219579	0.995595511268324	3.43249202212558	4	14	166	101	5.39441339730512	15.4052449034804	112.100515846068	106.22806132053	99.56	UP_pEhEx_DOWN_CDC5
EHI_035510A	120.187436622748	42.3399866709263	0.996422496007762	0.972105153969855	1.50519337652066	33	37	168	119	44.5039105277672	40.7138615306267	113.451124470719	125.159795021219	97.21	UP_pEhEx_DOWN_CDC5
EHI_035600A	4267.13561843528	1887.99227614444	2.50781384286751	1	1.17641510052747	1435	1697	5632	4443	1935.24580628321	1867.33575722901	3803.31388701839	4672.98293511997	100	UP_pEhEx_DOWN_CDC5
EHI_035650A	138.261047183945	44.4678108140607	1.11065722458816	0.981457345899897	1.63656147119878	33	41	187	141	44.5039105277672	45.1153600744782	126.281906404908	148.298580655394	98.15	UP_pEhEx_DOWN_CDC5
EHI_035670A	251.874643454133	42.8904987915827	1.33934910376115	0.981900314463536	2.55397589251925	40	29	284	294	53.9441339730512	31.9108644429236	191.786424700501	309.218317111247	98.19	UP_pEhEx_DOWN_CDC5
EHI_036560A	142.932089416493	42.7853455102421	1.12759032477694	0.976522727516348	1.74014120343534	29	43	225	125	39.1094971304621	47.316109346404	151.943470273284	131.470372921449	97.65	UP_pEhEx_DOWN_CDC5
EHI_037810A	77.6145689717259	19.564847185676	1.0450967727377	0.982414256790216	1.98806364313563	13	20	93	87	17.5318435412416	22.0074927192577	62.8033010462909	91.5033795533282	98.24	UP_pEhEx_DOWN_CDC5
EHI_038300A	86.79067653962	13.9360102117142	1.51197575426267	0.992999519022756	2.63872248374978	11	12	138	75	14.8346368425891	13.2044956315546	93.1919951009478	78.8822237528692	99.3	UP_pEhEx_DOWN_CDC5
EHI_044550A	55849.3422152274	122844.309261614	-3.13779664653601	0.999999999999996	-1.13721883259904	98905	103273	80340	53808	133383.614265116	113638.989779795	54253.9484522474	56593.2626092584	100	DOWN_pEhEx_UP_CDC5
EHI_044820A	219.272197070444	51.5193215024376	1.07456484265635	0.986076023113824	2.08953739631191	27	62	238	262	36.4122904318095	68.2232274296988	160.722426333519	275.561901643356	98.61	UP_pEhEx_DOWN_CDC5
EHI_044830A	26353.8792635391	55650.9796039615	-5.52073199260053	0.999999999999989	-1.07839174232799	42177	50178	36062	26602	56880.0434645345	55214.5984833456	24352.8241110897	27978.998883651	100	DOWN_pEhEx_UP_CDC5
EHI_045280A	59.8669829671668	16.5277492790372	0.96002026034809	0.966608574653907	1.85687029234935	14	13	78	63	18.8804468905679	14.3048702675175	52.6737363614053	66.2610679524101	96.66	UP_pEhEx_DOWN_CDC5
EHI_048140A	1610.05104269896	276.07898014024	1.594427990923	0.999456825873216	2.54395347158681	227	226	1320	2204	306.132960297065	248.684667727612	891.401692269935	2318.08561535098	99.95	UP_pEhEx_DOWN_CDC5
EHI_048300A	75.6050724120894	0.713192145635637	1.68541013225528	0.999999996279893	6.72804840447997	1	0	78	93	1.34860334932628	0.550187317981442	52.6737363614053	97.8139574535577	100	UP_pEhEx_DOWN_CDC5
EHI_049000A	5406.95862510205	981.384610471777	3.41459444651048	1	2.46192676357869	660	993	6747	5885	890.078210555344	1092.67201351114	4556.27819526156	6189.6251571418	100	UP_pEhEx_DOWN_CDC5
EHI_049690A	3103.45651457533	1277.4799798649	4.28897011521369	0.999999999999997	1.28057524909127	927	1205	4559	2928	1250.15530482546	1325.95143633527	3078.71235989291	3079.56201531201	100	UP_pEhEx_DOWN_CDC5
EHI_050520A	1040.6285878006	341.336378148687	1.50651251152747	0.993704616245562	1.60818916229255	219	359	1211	1190	295.344133502455	395.034494310675	817.793522226433	1251.59795021219	99.37	UP_pEhEx_DOWN_CDC5
EHI_052110A	77.6145689717259	19.564847185676	1.0450967727377	0.982414256790216	1.98806364313563	13	20	93	87	17.5318435412416	22.0074927192577	62.8033010462909	91.5033795533282	98.24	UP_pEhEx_DOWN_CDC5
EHI_056460A	293.057462131136	101.770607598523	1.09803809304194	0.984823672879172	1.5258626168343	63	110	387	305	84.9620110075556	121.041209955917	261.342768870049	320.787709928335	98.48	UP_pEhEx_DOWN_CDC5
EHI_056690A	249.435388517118	85.9665648330777	1.0817356994868	0.98638985833043	1.53681859787269	64	79	312	271	86.3106143568819	86.9295962410678	210.694945445621	285.027768493701	98.64	UP_pEhEx_DOWN_CDC5
EHI_057550A	199.076466912249	847.15848866019	-1.70229066872976	0.999999506077736	-2.08930920974506	738	640	341	156	995.269271802794	704.239767016245	230.278770503067	164.075025405968	100	DOWN_pEhEx_UP_CDC5
EHI_057850A	813.668145999312	335.985888849001	1.67818270817166	0.999999986719217	1.27603987007074	236	327	1149	798	318.270390441002	359.822505959863	775.924654862239	839.306860730528	100	UP_pEhEx_DOWN_CDC5
EHI_065340A	507.362233961197	122.894210721804	1.51819593464024	0.992398039600607	2.0455991797885	62	151	696	511	83.6134076582293	166.156570030395	470.011801378693	537.450884502882	99.24	UP_pEhEx_DOWN_CDC5
EHI_066770A	1061.36374867474	300.765453978047	2.13020488174211	1	1.81920840564483	194	315	1430	1086	261.629049769298	346.618010328308	965.685166625763	1142.21459994155	100	UP_pEhEx_DOWN_CDC5
EHI_068610A	69.2031381944966	204.438116103573	-1.20275089400661	0.964388374676506	-1.56275483490338	149	192	96	69	200.941899049616	211.271930104874	64.829213983268	72.5716458526396	96.44	DOWN_pEhEx_UP_CDC5
EHI_069280A	107.143494378396	35.7152787369924	1.03384803085331	0.980830450303793	1.58493096811761	28	31	156	102	37.7608937811358	34.1116137148494	105.347472722811	107.279824303902	98.08	UP_pEhEx_DOWN_CDC5
EHI_073180A	398.120327656812	98.3067069374412	1.69372518629592	0.99999999922894	2.01784278363532	75	88	540	405	101.145251199471	96.8329679647337	364.664328655883	425.964008265493	100	UP_pEhEx_DOWN_CDC5
EHI_076020A	636.38789511967	256.14918808382	1.24027770576197	0.989575867778225	1.31292207520749	191	235	789	696	257.583239721319	258.588039451278	532.815102424984	732.027036426626	98.96	UP_pEhEx_DOWN_CDC5
EHI_077770A	112.567354926076	25.8122373918891	1.11606362419202	0.979757356902918	2.12466139552574	19	24	126	132	25.6234636371993	26.4089912631092	85.0883433530393	138.83271380505	97.98	UP_pEhEx_DOWN_CDC5
EHI_083270A	3764.57484673735	554.094040346989	6.2538695974486	1	2.7642841878634	353	586	5365	3660	476.056982312177	644.81953667425	3623.00763562743	3849.45251914001	100	UP_pEhEx_DOWN_CDC5
EHI_083410A	3764.57484673735	554.094040346989	6.2538695974486	1	2.7642841878634	353	586	5365	3660	476.056982312177	644.81953667425	3623.00763562743	3849.45251914001	100	UP_pEhEx_DOWN_CDC5
EHI_087410A	146.384984169961	43.6946192737464	1.10945953013147	0.981823823248265	1.74424003625281	28	46	203	146	37.7608937811358	50.6172332542926	137.086775402119	153.557395572252	98.18	UP_pEhEx_DOWN_CDC5
EHI_087570A	5085.45698183362	1440.16573998914	1.80174084484666	0.999999999999998	1.82014256894835	978	1445	5229	6267	1318.9340756411	1590.04134896637	3531.16624915113	6591.39861678975	100	UP_pEhEx_DOWN_CDC5
EHI_089770A	35.8952934777212	0.0609275189815029	4.79203955603088	0.999999999999974	9.20248498386707	0	0	51	35	0.67430167466314	0.550187317981442	34.4405199286111	36.8117044180056	100	UP_pEhEx_DOWN_CDC5
EHI_090020A	16314.5811238487	2602.26075791809	2.3078124750339	1	2.64832450800407	1723	2668	16174	20499	2323.64357088918	2935.79952874897	10922.371947556	21560.0893961342	100	UP_pEhEx_DOWN_CDC5
EHI_092170A	149.37255439951	35.6286815405246	1.35300792227174	0.985481136102567	2.06780409095104	24	36	230	134	32.3664803838307	39.6134868946638	155.319991834913	140.936239771793	98.55	UP_pEhEx_DOWN_CDC5
EHI_092430A	9668.91636747647	3811.73079197364	2.21311260639277	1	1.34290797960757	2451	4002	11807	10693	3305.42680919871	4403.69929312346	7973.31801562964	11246.5015811924	100	UP_pEhEx_DOWN_CDC5
EHI_092470A	14833.7573781525	5720.27759023346	2.6345838152814	1	1.37472701344845	4043	5535	18512	16144	5452.40334132615	6090.57361005456	12501.2334297735	16979.6616035509	100	UP_pEhEx_DOWN_CDC5
EHI_092930A	610.359289088542	135.457032245825	1.7069988362933	0.999999999949094	2.17182344481458	71	163	814	630	95.7508378021658	179.36106566195	549.697710233127	662.610679524101	100	UP_pEhEx_DOWN_CDC5
EHI_094020A	304.945504612898	0.0609275189815029	5.13851847146645	0.999999999999999	12.2891698341381	0	0	594	192	0.67430167466314	0.550187317981442	401.130761521471	201.938492807345	100	UP_pEhEx_DOWN_CDC5
EHI_095830A	291.501436259914	53.7337428420398	1.54860116312343	0.994069526865386	2.43960275369284	31	61	384	304	41.8067038291147	67.1228527937359	259.316855933072	319.735946944963	99.41	UP_pEhEx_DOWN_CDC5
EHI_097930A	94.6923227897394	20.715356453711	1.0616405939584	0.984631943117005	2.19254681817184	17	17	103	113	22.9262569385467	18.706368811369	69.556344169548	118.84921712099	98.46	UP_pEhEx_DOWN_CDC5
EHI_098440A	532.889949321865	1518.66017460729	-2.682195354188	1	-1.51088955079196	1090	1448	726	540	1469.97765076564	1593.34247287426	490.270930748464	567.952011020658	100	DOWN_pEhEx_UP_CDC5
EHI_098800A	544.591262574243	216.196817145431	1.22497767093428	0.989314085034061	1.33282855211981	170	187	699	580	229.262569385467	205.770056925059	472.03771431567	610.022530355521	98.93	UP_pEhEx_DOWN_CDC5
EHI_099860A	125.211175701826	7.15666396971749	1.79228356691346	0.999999999999999	4.12893228359709	5	7	117	162	6.7430167466314	7.70262245174018	79.0106045421079	170.385603306197	100	UP_pEhEx_DOWN_CDC5
EHI_103310A	2787.94483486041	509.558194822518	2.2749785601476	1	2.45188318887925	237	652	3240	3191	319.618993790328	717.4442626478	2187.9859719353	3356.17567993874	100	UP_pEhEx_DOWN_CDC5
EHI_103510A	2933.1501837566	533.428168920001	1.81359374862087	0.999999999999998	2.45908502525971	326	582	2698	3823	439.644691880367	640.418038130398	1821.97103465476	4020.88988542958	100	UP_pEhEx_DOWN_CDC5
EHI_103900A	51.8171428931162	308.392216099849	-1.99647096628364	0.999025218752632	-2.57326497657722	233	279	79	47	314.224580393023	307.004523433644	53.349040673731	49.4328602184647	99.9	DOWN_pEhEx_UP_CDC5
EHI_105140A	9924.45728400321	2571.79699202616	2.43009654323979	1	1.94821144481881	1784	2532	11325	11496	2405.90837519808	2786.14857825802	7647.82133708865	12091.0672568398	100	UP_pEhEx_DOWN_CDC5
EHI_105280A	103.939562650716	22.3112245610618	1.33923353590682	0.981873495961824	2.21990328986514	17	20	136	109	22.9262569385467	22.0074927192577	91.8413864762964	114.642165187503	98.19	UP_pEhEx_DOWN_CDC5
EHI_111760A	9847.69043363107	3646.95430067246	4.20808154498352	1	1.43309328916276	2672	3407	13331	10035	3603.46814939982	3748.97638472554	9002.48178761402	10554.4415381339	100	UP_pEhEx_DOWN_CDC5
EHI_112800A	203.987578313937	65.4244027723024	1.00358911454142	0.97409687559521	1.64058054814807	55	52	250	225	74.1731842129454	57.2194810700699	168.826078081427	236.646671258607	97.41	UP_pEhEx_DOWN_CDC5
EHI_113900A	642.125926388484	247.804902676321	1.33820266911511	0.981639738904543	1.37365151928929	168	249	824	684	226.565362686815	273.993284354758	556.450753356384	719.405880626167	98.16	UP_pEhEx_DOWN_CDC5
EHI_114920A	2021.55023101341	121.68184357007	2.64688992842537	1	4.05427623045641	92	110	1963	2567	124.071508138018	121.041209955917	1325.62236509537	2699.87557831487	100	UP_pEhEx_DOWN_CDC5
EHI_115360A	87.673905605413	21.7792685252782	1.09735545130201	0.984948378612015	2.00919201630241	17	19	107	97	22.9262569385467	20.9071180832948	72.2575614188508	102.021009387044	98.49	UP_pEhEx_DOWN_CDC5
EHI_117850A	6461.69219174537	1153.35485870886	2.44478314363542	1	2.48607556542115	716	1244	7024	7714	965.599998117616	1368.86604713783	4743.33748977578	8113.29965372844	100	UP_pEhEx_DOWN_CDC5
EHI_118270A	39145.3327521665	4818.45750327811	1.72331765855614	0.999999999998492	3.02219702077632	3612	4396	25137	58145	4871.15529776652	4837.24689969284	16975.1244989313	61154.758668141	100	UP_pEhEx_DOWN_CDC5
EHI_118670A	142.923195559844	18.0370201899202	1.30309930598905	0.978652467495576	2.98620715338593	10	21	138	182	13.4860334932628	23.1078673552206	93.1919951009478	191.420862973629	97.87	UP_pEhEx_DOWN_CDC5
EHI_118750A	19551.5179478367	4485.36647889059	2.03713143399254	1	2.12398284923959	2920	4663	19632	24403	3937.92178003274	5131.04692749493	13257.5742595783	25666.1720832169	100	UP_pEhEx_DOWN_CDC5
EHI_119540A	3552.98493731981	861.842951099449	2.00482857693925	1	2.04353466846245	716	696	3831	4262	965.599998117616	765.860746630167	2587.09082051979	4482.61383512971	100	UP_pEhEx_DOWN_CDC5
EHI_126210A	169.12370772594	36.3833169959661	1.2224401133559	0.989170143514206	2.216729928825	22	40	202	190	29.6692736851781	44.0149854385153	136.411471089793	199.834966840602	98.92	UP_pEhEx_DOWN_CDC5
EHI_126870A	53623.8338015274	12304.7920329457	4.00443993937742	1	2.12365409299043	7469	13491	68859	57090	10072.718416118	14845.1542137753	46500.779642436	60045.148720684	100	UP_pEhEx_DOWN_CDC5
EHI_131470A	4123.95753989194	1508.78186617377	3.92935937110935	1	1.45064523715848	1205	1281	5832	4039	1625.06703593817	1409.57990866845	3938.37474948353	4248.07068983785	100	UP_pEhEx_DOWN_CDC5
EHI_134490A	634.814086175178	221.633903641584	1.397981727991	0.997173012653073	1.51815555183368	157	214	789	693	211.730725844226	235.480172096057	532.815102424984	728.871747476511	99.72	UP_pEhEx_DOWN_CDC5
EHI_134810A	890.245362843547	201.778335924655	2.28436442938954	1	2.14143172904869	149	187	1181	923	200.941899049616	205.770056925059	797.534392856662	970.777233651976	100	UP_pEhEx_DOWN_CDC5
EHI_135060A	1770.43137513332	303.270589447718	1.90549108157647	1	2.54542342326389	279	210	1817	2184	376.260334462032	231.078673552206	1227.02793549581	2297.05035568355	100	UP_pEhEx_DOWN_CDC5
EHI_140540A	8776.60821917384	3506.75295950223	7.43485631686936	0.999999999999999	1.32352770748774	2646	3177	12921	8262	3568.40446231733	3495.89021845408	8725.60701956048	8689.66576861607	100	UP_pEhEx_DOWN_CDC5
EHI_140550A	3362.91565501948	1106.31386491235	2.25628072685703	1	1.60395185420501	687	1193	4183	3669	926.490500987154	1312.74694070372	2824.79793845844	3858.91838599036	100	UP_pEhEx_DOWN_CDC5
EHI_140640A	37.7565962134266	0.0609275189815029	3.3448856139409	1	9.27541900131462	0	0	32	51	0.67430167466314	0.550187317981442	21.6097379944227	53.639912151951	100	UP_pEhEx_DOWN_CDC5
EHI_141810A	419.646832971477	172.792918402938	1.07390183489179	0.986024430818419	1.28013160045564	137	148	537	448	184.7586588577	162.855446122507	362.638415718905	471.189816550472	98.6	UP_pEhEx_DOWN_CDC5
EHI_141890A	119.407941377696	34.0328134331738	1.1027176966911	0.983738778335186	1.81090046164856	24	33	152	128	32.3664803838307	36.3123629867752	102.646255473508	134.625661871563	98.37	UP_pEhEx_DOWN_CDC5
EHI_143440A	259.527326678464	54.0801316279111	1.27982138066956	0.982389533589901	2.26271588558474	47	41	291	304	63.3843574183351	45.1153600744782	196.513554886781	319.735946944963	98.24	UP_pEhEx_DOWN_CDC5
EHI_144610A	1581.14157415796	489.040765673327	1.51900666513791	0.992344730748217	1.69293991514053	352	465	1654	1930	474.70837896285	511.674205722741	1116.95333258672	2029.90255790717	99.23	UP_pEhEx_DOWN_CDC5
EHI_147570A	2665.83978166326	885.150053021668	1.86547282594879	0.999999999999999	1.59059612573046	650	825	3071	3069	876.592177062081	907.809074669379	2073.85954315225	3227.86059596741	100	UP_pEhEx_DOWN_CDC5
EHI_148150A	203.122132321414	77.7954738185153	0.945752985169784	0.967485658530422	1.38458931919004	49	83	278	205	66.0815641169877	91.3310947849193	187.734598826547	215.611411591176	96.75	UP_pEhEx_DOWN_CDC5
EHI_148190A	1732.15906515502	416.131859829124	1.57718490197271	0.998219676587284	2.05745876651722	369	306	1695	2191	497.634635901397	336.714638604642	1144.64080939208	2304.41269656715	99.82	UP_pEhEx_DOWN_CDC5
EHI_151350A	73.3821789732053	8.99376758159897	1.10845159388565	0.982127746036054	3.02843223663537	10	4	99	75	13.4860334932628	4.40149854385153	66.8551269202452	78.8822237528692	98.21	UP_pEhEx_DOWN_CDC5
EHI_151890A	48.2338373889874	9.90304134510332	1.05837192814872	0.984195401858315	2.28410202499344	9	7	64	50	12.1374301439365	7.70262245174018	43.2194759888454	52.5881491685794	98.42	UP_pEhEx_DOWN_CDC5
EHI_152800A	1003.98639132543	69.6491221167217	1.77681413003819	0.999999999999997	3.84949073530376	72	38	755	1419	97.0994411514921	41.8142361665896	509.85475580591	1492.45167340428	100	UP_pEhEx_DOWN_CDC5
EHI_155420A	692.357401861575	255.666717074758	1.22196641109348	0.989138994125389	1.43725260239944	181	247	787	804	244.097206228057	271.792535082832	531.464493800333	845.617438630757	98.91	UP_pEhEx_DOWN_CDC5
EHI_155680A	515.92185392233	66.3151204509339	1.86926994395747	1	2.95974279831641	47	64	550	623	63.3843574183351	70.4239767016245	371.41737177914	655.2483386405	100	UP_pEhEx_DOWN_CDC5
EHI_155900A	108.456481821567	0.0609275189815029	3.77637142141394	0.999999999999998	10.7977346629132	0	0	82	153	0.67430167466314	0.550187317981442	55.3749536107081	160.919736455853	100	UP_pEhEx_DOWN_CDC5
EHI_158570A	7856.69740069406	677.507834247601	1.74161727815834	0.999999999999978	3.5356134622998	439	707	4325	12142	592.036870354236	777.964867625759	2920.69115080869	12770.5061440978	100	UP_pEhEx_DOWN_CDC5
EHI_159820A	105.116214745488	31.9730304016344	1.05425072310136	0.98363935922118	1.71705783574176	21	33	144	106	28.3206703358519	36.3123629867752	97.243820974902	111.486876237388	98.36	UP_pEhEx_DOWN_CDC5
EHI_160210A	69.4372827658978	16.5957903906322	1.10265872119715	0.983754541516456	2.06489315224177	11	17	86	76	14.8346368425891	18.706368811369	58.0761708600109	79.9339867362407	98.38	UP_pEhEx_DOWN_CDC5
EHI_166030A	321.101493959666	131.943646558021	1.08890824390319	0.986119289503756	1.28310749469056	93	128	435	327	125.420111487344	140.847953403249	293.757375861683	343.92649556251	98.61	UP_pEhEx_DOWN_CDC5
EHI_166800A	12.3029777647249	64.2058523926723	-1.26475461290253	0.968325055020001	-2.38369726354448	54	51	19	11	72.8245808636191	56.1191064341071	12.8307819341885	11.5693928170875	96.83	DOWN_pEhEx_UP_CDC5
EHI_167270A	9924.45728400321	2571.79699202616	2.43009654323979	1	1.94821144481881	1784	2532	11325	11496	2405.90837519808	2786.14857825802	7647.82133708865	12091.0672568398	100	UP_pEhEx_DOWN_CDC5
EHI_169350A	2440.39975318637	144.512651309939	1.76628342845176	0.999999999999997	4.07784978627461	133	100	1248	3834	179.364245460395	110.037463596288	842.779781782484	4032.45927824667	100	UP_pEhEx_DOWN_CDC5
EHI_170060A	641.512408040633	153.054876824326	1.92125061116209	1	2.06742815544848	116	138	839	673	156.437988521848	151.851699762878	566.580318041269	707.836487809079	100	UP_pEhEx_DOWN_CDC5
EHI_170120A	257.977230045008	91.6634429186345	1.13620961427188	0.975121342172993	1.49282535396272	63	91	346	265	84.9620110075556	100.134091872622	233.655292064695	278.717190593471	97.51	UP_pEhEx_DOWN_CDC5
EHI_171280A	1300.31003754076	480.195453171895	1.60616385472419	0.999799861705869	1.43716200287725	312	500	1594	1434	420.764244989799	550.187317981442	1076.43507384718	1508.22811815486	99.98	UP_pEhEx_DOWN_CDC5
EHI_172280A	165.498906837503	10.1257207647612	1.66868057910241	0.999999931621061	4.03072517762363	7	10	135	227	9.44022344528395	11.0037463596288	91.1660821639707	238.750197225351	100	UP_pEhEx_DOWN_CDC5
EHI_174180A	1061.36374867474	300.765453978047	2.13020488174211	1	1.81920840564483	194	315	1430	1086	261.629049769298	346.618010328308	965.685166625763	1142.21459994155	100	UP_pEhEx_DOWN_CDC5
EHI_177520A	2008.63077492198	451.816216025452	1.88885070958788	0.999999999999999	2.15240443707944	328	426	2107	2448	442.34189857902	468.759594920188	1422.86618607027	2574.71578329365	100	UP_pEhEx_DOWN_CDC5
EHI_178340A	3196.65201571098	278.021237033462	1.72055037432933	0.999999999997047	3.52329470784056	243	209	1876	4864	327.710613886286	229.978298916243	1266.87088992303	5115.77515111941	100	UP_pEhEx_DOWN_CDC5
EHI_179390A	275.736669885072	50.2018010693631	1.31326856749286	0.978479383949955	2.45748011317591	46	35	300	329	62.0357540690088	38.5131122587009	202.591293697713	346.030021529253	97.85	UP_pEhEx_DOWN_CDC5
EHI_181610A	90.80670504001	330.932303308465	-1.33163126241266	0.990472513001947	-1.8656653912296	279	262	139	82	376.260334462032	288.298154622275	93.8672994132735	86.2445646364703	99.05	DOWN_pEhEx_UP_CDC5
EHI_182550A	212.559056750602	41.1214362912963	1.2678842892867	0.985356261346203	2.36990116983094	32	36	220	261	43.1553071784409	39.6134868946638	148.566948711656	274.510138659985	98.54	UP_pEhEx_DOWN_CDC5
EHI_186720A	13511.6452092615	3286.93763539357	3.75196275828322	1	2.0393873623916	2057	3524	17410	14346	2774.07708956416	3877.7202171332	11757.0480775906	15088.5917594488	100	UP_pEhEx_DOWN_CDC5
EHI_186950A	269.865267886742	92.3500372624809	1.24382818582765	0.989403571613796	1.54705486304118	64	91	376	268	86.3106143568819	100.134091872622	253.914421434466	281.872479543586	98.94	UP_pEhEx_DOWN_CDC5
EHI_187780A	95.9401071775943	16.7504286986951	1.19456867468413	0.986419032379586	2.5179360318531	12	16	99	118	16.1832401919153	17.6059941754061	66.8551269202452	124.108032037847	98.64	UP_pEhEx_DOWN_CDC5
EHI_188960A	6237.35477877165	1160.71563961218	3.07923869033926	0.999999999999995	2.42591974750998	798	1152	7493	6979	1076.18547276237	1267.63158062924	5060.05521225653	7340.25386095032	100	UP_pEhEx_DOWN_CDC5
EHI_193940A	118.969289143669	1.63019782454313	1.57452010060588	0.997933624478826	6.18939834641031	0	3	108	156	0.67430167466314	3.30112390788865	72.9328657311765	164.075025405968	99.79	UP_pEhEx_DOWN_CDC5
EHI_194430A	93.0088507867404	14.0040513233093	1.16661747018593	0.979513488584982	2.73152375640632	8	16	92	117	10.7888267946102	17.6059941754061	62.1279967339652	123.056269054476	97.95	UP_pEhEx_DOWN_CDC5
EHI_195110A	0.0434205305702744	947.673420906968	-5.84911807152528	0.999999999999994	-14.4137250002733	958	545	0	0	1291.96200865458	599.704176599771	0.337652156162854	0.525881491685794	100	DOWN_pEhEx_UP_CDC5
EHI_196580A	91.4557895344018	29.8452062585	0.969962286439791	0.966913186827309	1.61557527729706	21	29	118	97	28.3206703358519	31.9108644429236	79.6859088544336	102.021009387044	96.69	UP_pEhEx_DOWN_CDC5
EHI_197480A	20034.6803372952	4100.14992061942	2.67939628222346	1	2.28875092360493	2603	4348	22670	23333	3510.4145182963	4784.42891716662	15309.1487604238	24540.7856910093	100	UP_pEhEx_DOWN_CDC5
