pEhEx_mean	CDC5_mean	theta	prob	log2FC	CDC5_1	CDC5_2	CDC5_3	pEhEx_1	pEhEx_2	pEhEx_3	CDC5_1.1	CDC5_2.1	CDC5_3.1	pEhEx_1.1	pEhEx_2.1	pEhEx_3.1	DE	Regulation
EHI_005070A	232.731156776005	55.0590532919963	1.03691445462291	0.98605969329014	2.07961265483665	58.5952305687545	70.0106691577864	37.2276042656961	153.472162822223	210.266308394645	314.737184956483	59.5336907775309	71.1964021736073	36.1733355745906	154.859075616535	216.207861028223	323.097599470555	98.61	UP_pEhEx_DOWN_CDC5
EHI_014250A	76.5594978859585	543.592870503499	-1.17536138639385	0.974706809714027	-2.82787326147237	327.159767650219	280.022355226719	1003.85634836521	63.0606905538392	137.846534987822	27.039538500197	332.399552883114	284.764943117316	975.427596654631	63.6305637929916	141.741702260409	27.7577941145189	97.47	DOWN_pEhEx_UP_CDC5
EHI_017750A	1462.75914442506	483.087640810041	1.39470546250916	0.983144149782781	1.598335388364	485.973464108687	322.634197570642	629.372105868332	1327.76864164699	1909.75667284681	1080.52284087292	493.756806782833	328.098479296477	611.548576276244	1339.7675558678	1963.72118991889	1109.22494305023	98.31	UP_pEhEx_DOWN_CDC5
EHI_023400A	701.222472323429	2884.32495581501	-2.31921502179365	1	-2.04028957513607	2825.80978749119	3460.82942842354	2386.3191459952	944.023598813725	373.864924735959	735.274285728046	2871.06790862819	3519.44363344074	2318.73968144913	952.554646941608	384.429328254178	754.805494952894	100	DOWN_pEhEx_UP_CDC5
EHI_026360A	80.4613689456065	12.5149091482637	0.998181361973865	0.981957994306145	2.68464846590517	12.2392923334831	19.0999762148149	6.52648765123394	35.5454298724208	73.6282391079612	124.559635022021	12.4353166297793	19.4234622301858	6.34166051209076	35.8666504153701	75.7087724150688	127.868332660178	98.2	UP_pEhEx_DOWN_CDC5
EHI_031240A	419.709240047851	54.5004479663663	1.18819827476379	0.991681432520268	2.94505023173562	69.2350966350809	74.7557304217181	20.589899510256	157.321127548078	287.546125311087	767.139991370078	70.3439647564644	76.0218279858346	20.0068029926357	158.74282305689	295.671394885472	787.517654464009	99.17	UP_pEhEx_DOWN_CDC5
EHI_035220A	133.25193061481	18.0168604819778	1.32954459670924	0.972993127710441	2.88673689341886	9.25564248603974	22.771772278582	22.1272984962412	152.696794172785	144.463383362673	96.0421563396033	9.40388069750331	23.1574455273067	21.5006635439397	154.076700037107	148.545524731052	98.5933396004418	97.3	UP_pEhEx_DOWN_CDC5
EHI_035510A	233.653086755166	67.1320547395988	1.03613597112095	0.985949130739992	1.79929439116388	75.7635589088215	70.3700620404925	55.2464729490079	192.144840341938	211.222821107175	279.736914245549	76.9769867701178	71.5618819001017	53.6819181549778	193.881234307663	217.191402182302	287.167610933973	98.59	UP_pEhEx_DOWN_CDC5
EHI_035670A	437.957630724304	114.932847577907	1.03758345056461	0.986154177453187	1.93000012985472	110.285070705883	67.1438284695073	164.077734630739	390.779927030491	626.905489055011	278.120020691156	112.051394508604	68.2810073478506	159.431128384091	394.311366677865	644.62012906528	285.507767575788	98.62	UP_pEhEx_DOWN_CDC5
EHI_041580A	19.105744905639	102.133675515364	-0.956663096015517	0.964472510090969	-2.41838021754288	79.0692697559665	70.4171436469206	154.410643013463	16.3597164352923	29.8800606801372	10.4060380696805	80.3356418255483	71.6097609023532	150.037804370913	16.5075575787164	30.7243897339974	10.6824553342111	96.45	DOWN_pEhEx_UP_CDC5
EHI_044550A	65080.2238274242	169754.746890116	-3.22279804509585	0.999999999999991	-1.38316079951315	164571.713651998	141997.61030628	200309.997197825	67907.3708566685	70664.0686065868	53136.159629586	167207.491397958	144402.547392774	194637.309880804	68521.0430675584	72660.8425364395	54547.6239923071	100	DOWN_pEhEx_UP_CDC5
EHI_050520A	1500.01051040024	537.644971946153	1.48045298236698	0.966834633850657	1.48024688535345	435.437706125551	589.046551632007	588.01009025976	1219.07490865385	1860.0557414207	1335.74989695951	442.411668965755	599.022915985151	571.357913993175	1230.09156833301	1912.61584566858	1371.23163651709	96.68	UP_pEhEx_DOWN_CDC5
EHI_050640A	5.2920022928727	57.9156641478551	-1.13749083511169	0.970362921497622	-3.45206800739287	34.2176038083496	35.2873099390503	102.44550123365	4.0810111633962	9.05038138075686	2.5821495845676	34.7656323646351	35.8849521118445	99.5442915902786	4.11789085865923	9.30612048484002	2.65073963968711	97.04	DOWN_pEhEx_UP_CDC5
EHI_056460A	354.063506027486	95.9078215755428	1.10637172509533	0.987944046155938	1.88428776884044	88.6555877563351	127.090146527792	73.2772028491262	272.701025361185	333.503157408838	428.79724224666	90.075494130752	129.242603925162	71.2020260479477	275.165397623492	342.927047419262	440.187452425253	98.79	UP_pEhEx_DOWN_CDC5
EHI_058110A	15.1061775178249	95.4368532827638	-0.955971932599301	0.964571543250334	-2.65940782998449	78.5623701756956	39.1825144167878	164.745552702702	21.7796493309934	16.1657231259818	6.84459872935426	79.8206237502854	39.8461275709794	160.080034154322	21.9764698732813	16.6225223894786	7.02641290732565	96.46	DOWN_pEhEx_UP_CDC5
EHI_065340A	518.009554271991	80.9218183017059	1.37697714107641	0.974010417639478	2.6783780649889	65.9548767974488	131.069192305203	48.1152780763662	368.36053108988	419.96439807899	720.296606218268	67.0112089741184	133.28904065893	46.7526754528476	371.689368867971	431.831447034507	739.429960931015	97.4	UP_pEhEx_DOWN_CDC5
EHI_068610A	56.132129316203	203.422865114652	-1.04584834098789	0.984293725210404	-1.85758315731559	174.205410659415	185.383813065678	248.457496006734	58.1725716333297	64.7616946479984	42.6231455984995	176.995481531575	188.523558912919	241.421293589815	58.6982714240449	66.5916835812163	43.7553510770049	98.43	DOWN_pEhEx_UP_CDC5
EHI_080100A	5.36542913008499	47.4509148390269	-1.01310333580647	0.974051482512271	-3.14467043394859	31.5564815431052	28.2709291964561	81.0530781783704	3.46407319167141	9.86761836201426	2.60710890290187	32.0618896107881	28.7497387056271	78.7576921516115	3.49537767934925	10.1464503551833	2.67636195641253	97.41	DOWN_pEhEx_UP_CDC5
EHI_083400A	219.167500856562	636.894230825181	-1.1010654552713	0.975283731389579	-1.5390199188244	522.70926329934	584.134026353205	796.861292212969	262.067071635119	225.512735274671	158.973621967144	531.080965903865	594.027189910182	774.29454562519	264.435345906718	231.88511036608	163.19646388089	97.53	DOWN_pEhEx_UP_CDC5
EHI_089770A	63.0336296516423	6.89814402949466	0.943139402508324	0.9793158357258	3.191841582602	2.9478971051802	2.9478971051802	14.5008882561847	83.9543842111055	89.3222637069262	14.5773834323132	2.99511057470537	2.99782405155715	14.0902297466388	84.7130716985282	91.8462673631322	14.9646048152634	97.93	UP_pEhEx_DOWN_CDC5
EHI_096200A	41.9137095811874	8.75565549555237	1.02383309353769	0.984245635515457	2.25913511739054	9.42219965750964	8.21105866424144	8.5713205312589	24.8847493552674	57.4898285477479	40.85146507801	9.57310544577757	8.35012494471207	8.32858466211613	25.1096303801346	59.114334370006	41.9366091216238	98.42	UP_pEhEx_DOWN_CDC5
EHI_098440A	271.808588175974	1944.07450573228	-1.47281883349586	0.974303884758378	-2.83842056468145	979.96343183145	1075.5902362923	3708.36150240331	332.59039296131	384.113661014654	91.7866962958093	995.658509364264	1093.80692911939	3603.342404226	335.59597953011	394.967665879339	94.2248410864107	97.43	DOWN_pEhEx_UP_CDC5
EHI_098470A	2543.66223184742	241.396125244553	1.0144526802955	0.983125155666134	3.39743268650459	1.74765519659222	1.74765519659222	703.398416358097	298.0405495057	7347.46101397863	2.508736006074	1.77564561227526	1.77725429187011	683.47849557977	300.733912547777	7555.08023110865	2.57537596448901	98.31	UP_pEhEx_DOWN_CDC5
EHI_099720A	252.941541416943	78.1719146536123	0.945782429623115	0.979808443141115	1.69408171594479	83.0800525196364	76.2447761106341	74.7916858707091	155.737625987848	326.429908762465	260.532406779904	84.4106612172375	77.5360928400101	72.6736196044586	157.145011549283	335.653928049692	267.452971044753	97.98	UP_pEhEx_DOWN_CDC5
EHI_099860A	222.305822625627	28.7129860592604	1.14322011654653	0.984208803404709	2.952770456716	17.4792449056738	19.7779433016005	48.1275642954149	177.006000278624	377.535796412853	105.675006523936	17.7591921925811	20.1129116805612	46.7646137318037	178.60558604025	388.203928756893	108.48206873503	98.42	UP_pEhEx_DOWN_CDC5
EHI_103310A	1540.41275571204	316.270694489204	1.88070052799308	0.999805044757423	2.2840851871975	189.236098098996	428.287731153086	335.033097379229	1305.26060051619	1996.52162280457	1239.89788885206	192.266900203642	435.54140990246	325.545113609709	1317.05611178988	2052.93788081822	1272.8334960869	99.98	UP_pEhEx_DOWN_CDC5
EHI_103900A	21.6232550608523	369.735769645934	-1.43862334203773	0.950475107499714	-4.09583900117936	167.466562120718	165.719135769377	760.603488041425	30.0381574283921	27.8750936326455	6.42590735956745	170.148703710151	168.525831563017	739.063545850552	30.3096092935961	28.6627677838149	6.59659977127736	95.05	DOWN_pEhEx_UP_CDC5
EHI_109880A	44.8462431768885	8.62180237709283	1.2289932664834	0.988005960123119	2.37892573436337	8.50118515006393	8.71484494508896	8.61604022097437	34.1559421522006	54.5159358041526	43.1390675061377	8.63733998576193	8.86244358260324	8.37203791071424	34.464606031705	56.0564075250961	44.2849775013348	98.8	UP_pEhEx_DOWN_CDC5
EHI_112800A	345.604314286503	71.5190908878171	1.14313041473731	0.98420273085081	2.27272092423849	95.0293636935531	74.6919864006657	44.9511814471435	216.732278463592	302.245468179092	487.387513605398	96.5513523541676	75.957004366612	43.6781845900345	218.690866681897	310.786101108624	500.33406659464	98.42	UP_pEhEx_DOWN_CDC5
EHI_117850A	6223.56207876545	1375.80576934717	2.43270071760672	1	2.17746373798406	1012.72386046209	1453.14909496074	1656.25274738509	5039.16159847257	8597.13148614994	4732.86874563501	1028.94362845851	1477.76029893198	1609.34842865258	5084.70000468907	8840.06298389079	4858.58870007788	100	UP_pEhEx_DOWN_CDC5
EHI_119540A	7670.35141040585	2337.11314190681	2.1460143420341	0.999999999999997	1.71456509697401	2240.47416436503	1800.2486226437	2928.6340079654	6084.408619947	10514.732231465	6029.02935132448	2276.3575601916	1830.73846446687	2845.69643507544	6139.39282037557	10811.8498983809	6189.17942860737	100	UP_pEhEx_DOWN_CDC5
EHI_134840A	113.314584724348	26.0740061319632	1.03455056837022	0.985724389987511	2.11964939502687	24.7378380849715	31.6965032475008	21.9835682592761	68.0842771109113	137.232253457596	126.778384348974	25.1340388758645	32.2333298603408	21.3610036814127	68.6995480061676	141.110062808833	130.146018982702	98.57	UP_pEhEx_DOWN_CDC5
EHI_140640A	84.1133194021271	7.62662605537165	1.00251775594758	0.982156166528269	3.46321740116764	3.46141099189763	3.46141099189763	15.641570404871	67.6884240052916	162.500958308604	20.8294402760626	3.51684889103355	3.52003504654233	15.1986082996578	68.3001176150862	167.092792369748	21.3827360514826	98.22	UP_pEhEx_DOWN_CDC5
EHI_147570A	3210.99494746839	1125.07770829825	1.99409152635915	0.999999999999991	1.51299574419098	1065.06580469675	1116.95368377734	1187.24091658214	2553.30640150568	3963.37319745542	2930.06662549578	1082.12388037517	1135.87092704797	1153.61879794623	2576.38037955438	4075.3673188103	3007.89845698522	100	UP_pEhEx_DOWN_CDC5
EHI_148470A	798.810469144203	184.723493036336	1.38144925820202	0.976169120908302	2.11248588156553	161.769374583342	223.760557373088	169.842927998403	446.461573492424	1115.0274238199	786.756519006253	164.360270114796	227.550269479936	165.033054117815	450.496202685487	1146.53505895693	807.655259081882	97.62	UP_pEhEx_DOWN_CDC5
EHI_159820A	129.13106951157	36.2768247610366	1.0517567666524	0.988081144743352	1.83171607102383	33.5303515363529	42.9617712860583	32.536361625978	111.983812437672	127.79706495906	138.7019976833	34.0673730720259	43.6893916794188	31.6149467763965	112.995799102677	131.408261606151	142.386361177632	98.81	UP_pEhEx_DOWN_CDC5
EHI_163670A	5221.65900779127	1533.42460729206	2.10031832868736	1	1.76775101133037	1783.79944077658	1528.37013662285	1283.74999944462	3269.80574096047	6173.14323502273	5858.0422931386	1812.36874205516	1554.25531888421	1247.3947878129	3299.3546528521	6347.57943322079	6013.6504136674	100	UP_pEhEx_DOWN_CDC5
EHI_169350A	6608.59164139475	909.736419855102	1.42286939076995	0.993663055438743	2.86082233596703	635.423153678396	396.29030437093	1661.21478970038	3013.86439062877	14370.6821844157	2316.45394886274	645.600080019911	403.002059927548	1614.16994820365	3041.10038578787	14776.758484661	2377.98628803623	99.37	UP_pEhEx_DOWN_CDC5
EHI_179390A	410.796554229598	111.755522488719	1.00439713378704	0.982267575557547	1.87807795524766	107.88393134238	68.7317357416108	155.654519218461	351.789093843109	597.701186222541	265.782604070457	109.611798538199	69.8958081506294	151.246454571864	354.96817717769	614.59059225343	272.842630171173	98.23	UP_pEhEx_DOWN_CDC5
EHI_181610A	84.6963151320774	469.378220441653	-1.32945242484388	0.985507722396247	-2.47037979215533	403.861081857183	313.815360138113	678.806954973951	103.624873468003	95.1378930876924	51.6931698370175	410.329314024162	319.130281961655	659.583453111566	104.561321226207	97.8262305752527	53.0663038295692	98.55	DOWN_pEhEx_UP_CDC5
EHI_188960A	7215.08430182809	1484.50523823998	3.4084732052251	0.999999999999972	2.28103406737874	1282.46998168779	1529.47972987307	1635.61149047856	6109.49115014264	8840.27538410998	6292.00075501734	1303.00999893974	1555.383704718	1589.29172268161	6164.70201892201	9090.0774655325	6459.13618403274	100	UP_pEhEx_DOWN_CDC5
EHI_194430A	151.255675800189	28.1466388007178	1.17608795784813	0.990286386599926	2.42595472510646	20.4648752478599	32.2512400082591	31.7577848197189	107.899258118786	210.850051918827	127.063623974524	20.7926403391697	32.7974618989936	30.8584189084628	108.874333069382	216.808099552958	130.438835474348	99.03	UP_pEhEx_DOWN_CDC5
EHI_195110A	19.9824078947138	518.734417733231	-1.32082501638974	0.983658612209922	-4.69819375034959	1052.54388075796	495.689679036532	9.92326015595398	1.68333939629312	1.68333939629312	53.3225594064409	1069.40140551714	504.084908293813	9.64223797624423	1.6985515683441	1.73090597840326	54.7389751364435	98.37	DOWN_pEhEx_UP_CDC5
EHI_196580A	152.233482410608	50.6394916427976	0.974976657773166	0.98184211724188	1.58795087468333	47.2059858412882	53.5391686201989	51.0844500469952	130.418378291554	165.923403033716	150.687615421348	47.9620361016609	54.4459326982496	49.6377618340628	131.59695630948	170.6119460523	154.69035480924	98.18	UP_pEhEx_DOWN_CDC5
