pEhEx_mean	EhMyb10_mean	theta	prob	log2FC	EhMyb10_1	EhMyb10_2	EhMyb10_3	pEhEx_1	pEhEx_2	pEhEx_3	EhMyb10_1	EhMyb10_2	EhMyb10_3	pEhEx_1	pEhEx_2	pEhEx_3	DE	Regulation
EHI_044770A	7606.7601106647	3458.62637838703	1.84114351765504	1	1.13708293491548	5202.26725858495	1899.47584547839	3037.6477505138	6263.47598188883	9205.16346129328	7703.12647085643	5253.47514181745	1940.26463461931	3089.82329964189	6298.54375874071	9391.17641339733	7524.39786639933	100	UP_pEhEx_DOWN_EhMyb10
EHI_049690A	2402.733341103	831.094062653169	2.51839503722841	1	1.53159287034477	1049.93285654481	648.517995726853	730.296266109886	2352.8129918731	2375.05580259188	2577.77400794526	1060.26774255651	662.444081623001	742.840053882524	2365.98585646327	2423.04964247421	2517.9642731851	100	UP_pEhEx_DOWN_EhMyb10
EHI_111760A	8552.9691748044	3839.30640847753	2.0002193979378	1	1.15557963668056	4982.60145931842	1956.76432763714	4259.10727692736	8750.4224808174	10352.7656007614	6967.83046344989	5031.64708904877	1998.78331290007	4332.26298134751	8799.41410524517	10561.9686746597	6806.16226034591	100	UP_pEhEx_DOWN_EhMyb10
EHI_141940A	13569.7383366206	5751.85551740567	2.26320979402793	1	1.23829355988397	8545.91217978099	3163.42142949957	5146.06398014626	11599.5076718929	16274.5043537295	13461.6618451663	8630.03282396651	3231.35181669499	5234.45431900862	11664.450676034	16603.3707135282	13149.3232065158	100	UP_pEhEx_DOWN_EhMyb10
EHI_160980A	10851.5428547831	4521.74550830236	2.62448202426462	0.999999999999999	1.26294847519451	5514.68418956129	4235.12851470774	3471.66770265654	8882.94624630492	11244.1256966419	12867.2541209481	5568.96731074794	4326.07242662023	3531.29810869876	8932.67984114162	11471.3408920544	12568.7069815583	100	UP_pEhEx_DOWN_EhMyb10
EHI_015310A	7990.92530365079	2786.87832137537	2.18774068417561	0.999999999999998	1.51971255476668	4613.08015297282	1085.85771570219	2486.18987628583	7022.02529264029	9991.0466709533	7343.70401835828	4658.48844479515	1109.17510692263	2528.89341951593	7061.34001448526	10192.9403248453	7173.31476462956	100	UP_pEhEx_DOWN_EhMyb10
EHI_131940A	7451.81154751767	3378.02153029758	1.81902717516548	0.999999999999998	1.14141266633582	5229.52290588088	1541.6330459439	3132.69577060306	6719.79833542408	8892.46938403137	7089.18481031481	5280.99907675312	1574.73762339528	3186.50389304083	6757.42095730332	9072.16358376763	6924.70093319301	100	UP_pEhEx_DOWN_EhMyb10
EHI_182850A	13774.4462954582	5131.73433312374	2.1250692772526	0.999999999999997	1.42447593657745	8575.36465774174	3096.46478264405	3437.3315027373	11594.523641227	12997.4174569975	17251.3187681955	8659.77521380171	3162.9573623745	3496.37213990804	11659.4387409145	13260.0622216528	16851.0521829136	100	UP_pEhEx_DOWN_EhMyb10
EHI_140540A	8428.66632909318	3285.78271152857	3.0931681410939	0.999999999999969	1.35906729290183	4532.5458104984	2228.33053924016	2856.9078506289	8229.28279637844	8270.6289696921	9125.69644104722	4577.16137234346	2276.18105795968	2905.97895701038	8275.35667829144	8437.75735550281	8913.96124550315	100	UP_pEhEx_DOWN_EhMyb10
EHI_188960A	5808.98333460701	1487.92874104291	3.33209149458563	0.999999999999967	1.96498025546896	1578.13476265287	1239.36224468613	1513.02128283094	4943.38472245298	7235.92942091924	5524.31884152807	1593.66893970187	1265.9759472968	1539.00939032656	4971.06160871251	7382.14915927167	5396.14311951988	100	UP_pEhEx_DOWN_EhMyb10
EHI_083270A	2020.63950398496	603.945191403749	1.73869198764829	0.999999999999932	1.74232242326886	935.653494910387	195.735743348052	637.018872919125	2261.86103341326	2425.18076515212	1473.48445597879	944.863485964649	199.938915492499	647.960500200922	2274.52467868292	2474.18750309966	1439.29654260327	100	UP_pEhEx_DOWN_EhMyb10
EHI_083410A	2020.63950398496	603.945191403749	1.73869198764829	0.999999999999932	1.74232242326886	935.653494910387	195.735743348052	637.018872919125	2261.86103341326	2425.18076515212	1473.48445597879	944.863485964649	199.938915492499	647.960500200922	2274.52467868292	2474.18750309966	1439.29654260327	100	UP_pEhEx_DOWN_EhMyb10
EHI_178340A	3317.33722110321	500.972373867486	1.72181143507562	0.999999999995502	2.72722272224493	370.787189402885	434.951925305977	642.173703257709	1595.56629807071	6495.23159858331	2083.74734149272	374.436987876371	444.291955825434	653.203871451971	1604.4995107237	6626.48371695495	2035.40005603723	100	UP_pEhEx_DOWN_EhMyb10
EHI_025600A	211834.091484361	4355.58141908497	1.70291285077739	0.999999999710471	5.60392566311398	7670.41000512298	5216.85307693235	37.6755179701275	4706.15904129469	5759.95477107242	625027.814304549	7745.9127504384	5328.87825516278	38.3226439703177	4732.50775494295	5876.34881398737	610525.865073914	100	UP_pEhEx_DOWN_EhMyb10
EHI_179000A	5272.33814888229	2471.99514189503	1.67579056708875	0.999999947146418	1.09276699462623	3500.68893121067	1878.43986721154	1868.49104336325	3986.49898127642	5668.35802778626	6379.2010155729	3535.1475357214	1918.77693590339	1900.584806115	4008.81848199773	5782.90113337746	6231.19024366383	100	UP_pEhEx_DOWN_EhMyb10
EHI_092470A	13899.4800794152	6102.01179108507	1.67298449167466	0.999999914326078	1.18767404606567	10348.7732158774	1936.40689617648	5640.25355731126	12820.2857737084	17572.1450984113	11986.1904277345	10450.6401027744	1977.98873190615	5737.13224461943	12892.0636366698	17927.2334787862	11708.0858041104	100	UP_pEhEx_DOWN_EhMyb10
EHI_035090A	2670.30595636152	1231.82389763881	1.65754623495875	0.999998934125783	1.1162090293054	1760.689836833	902.974205523299	948.029034773674	2422.13187811742	2687.75956888898	3008.98597493138	1778.02097248821	922.364409698019	964.312665905797	2435.69284337908	2742.07235692986	2939.17122293878	100	UP_pEhEx_DOWN_EhMyb10
EHI_005970A	12522.2395738759	26215.3703309504	-2.05515706246258	0.999842693577981	-1.06592031815195	19568.738991606	24845.4204820299	31425.0130713755	14103.7932700502	13577.5045741809	10450.2920415603	19761.361487045	25378.9437798234	31964.7785241273	14182.7571994385	13851.8714247718	10207.8234647008	99.98	DOWN_pEhEx_UP_EhMyb10
EHI_176140A	294806.437104037	600500.104840345	-1.35602633162064	0.998912728484462	-1.02639647175878	444213.925346408	463140.670258546	826511.668888883	235405.357480302	467003.660139377	199134.823466358	448586.490939198	473086.017648315	840708.081286521	236723.338513474	476440.616889921	194514.48012504	99.89	DOWN_pEhEx_UP_EhMyb10
EHI_183460A	1207.28135645663	3025.24821323935	-1.35036701256544	0.998771007092443	-1.32529158157454	2697.0315964672	1797.55848407383	4255.35018700215	1255.61746831761	1620.55759393455	809.204266441155	2723.57949802653	1836.1587295836	4328.44135851853	1262.64738482366	1653.30494311199	790.429039290343	99.88	DOWN_pEhEx_UP_EhMyb10
EHI_012480A	7054.88190135259	3480.38808129342	1.58910311144332	0.997524369230655	1.01937374931397	3596.38849346347	4105.06563620014	2456.61966151966	6072.5484422518	5874.47269342555	9459.86522775654	3631.78910494264	4193.21661587338	2498.81529786919	6106.54725925227	5993.18085242278	9240.37661921482	99.75	UP_pEhEx_DOWN_EhMyb10
EHI_007510A	6490.46252780267	16959.1939928563	-2.21394223457879	0.99445442584774	-1.38567440829762	11671.9443995748	20672.9392862302	16784.6006307727	8554.60722870722	5644.14318581847	5532.49928960327	11786.8357606296	21116.8639423274	17072.897966979	8602.50252809357	5758.19697101269	5404.13376413361	99.45	DOWN_pEhEx_UP_EhMyb10
EHI_017750A	1165.940463167	392.061241754076	1.57518352289939	0.993770572238986	1.57234318896773	316.81995379407	355.040413659989	463.467709396224	1048.32162795703	1525.09256799948	982.852545183807	319.938532366295	362.664447734312	471.42836982395	1054.19094222031	1555.91081169481	960.048315699531	99.38	UP_pEhEx_DOWN_EhMyb10
EHI_049000A	4189.07920413472	1366.12888227885	1.57396322793666	0.99331226305555	1.61653956624261	2724.99042277381	184.755740681268	1123.28432841986	4123.96975323765	5653.07123531879	3009.33326659743	2751.81353362972	188.723131457603	1142.57819705633	4147.05892153152	5767.30543369645	2939.51045671366	99.33	UP_pEhEx_DOWN_EhMyb10
EHI_155680A	468.793895704561	107.098011977231	1.22421019409264	0.992680509196542	2.13002208405435	82.3262365782478	72.2431079168702	154.567962038048	415.603552374383	738.267493658749	280.007049756566	83.1366048465664	73.7944353015906	157.222867728012	417.930422099063	753.186002875382	273.510302048933	99.27	UP_pEhEx_DOWN_EhMyb10
EHI_186720A	10120.180184752	4326.59290662551	1.57073546608798	0.991987169829192	1.22593168905994	7216.8826326305	1163.2869353383	4315.65876460746	10139.1759502726	13131.1988893699	7604.25568864368	7287.92113657212	1188.26701899077	4389.78581434677	10195.9428893835	13396.5470366731	7427.82109259905	99.2	UP_pEhEx_DOWN_EhMyb10
EHI_048140A	538.00212816326	118.732520806228	1.21448401974652	0.988998438501327	2.17989673673213	116.49933935166	74.7283637896307	153.010055440615	367.323186602945	961.689270466553	319.180099882391	117.64608638899	76.3330588325903	155.638202059453	369.379745545226	981.122565807638	311.774455688662	98.9	UP_pEhEx_DOWN_EhMyb10
EHI_068480A	3365.42599707128	8442.76329615276	-1.52879972999533	0.988599215748817	-1.32692613349153	4646.62040911078	8315.9350889813	11361.0791622188	4690.41702086413	3270.2619432355	2283.99392866383	4692.35885035346	8494.50904856148	11556.2204664982	4716.67759852189	3336.3456234192	2231.0005046297	98.86	DOWN_pEhEx_UP_EhMyb10
EHI_103400A	9.14655158218729	63.6259773283781	-1.31124265948094	0.988042418090196	-2.79831608340112	38.2765316597635	92.9376635113193	53.1852496379153	9.13571948814648	8.45409076598016	10.203511619894	38.6533020305175	94.9333797344217	54.0987754425131	9.18686830284907	8.62492644829564	9.96676886365273	98.8	DOWN_pEhEx_UP_EhMyb10
EHI_058080A	2051.88517604447	992.556281155467	1.20982618224997	0.986219526524736	1.04772918449662	1548.0718408386	555.956567197671	809.742359937207	1605.285423419	2435.17959846715	2207.62009793166	1563.31009718353	567.895016030759	823.650737653106	1614.27305124336	2484.38838741687	2156.39870610231	98.62	UP_pEhEx_DOWN_EhMyb10
EHI_177460A	80.5625923551729	11.129112328417	0.986233494954104	0.985800345514188	2.85577158119751	18.5206907739581	10.3296225909518	4.01629802697694	56.3922218311426	31.0343635274478	155.731031075297	18.7029969345985	10.5514378874035	4.0852831668715	56.7079490498746	31.6614891185017	152.117746266842	98.58	UP_pEhEx_DOWN_EhMyb10
EHI_035440A	7770.82439539731	3679.12511903213	1.00524582615805	0.985562317231417	1.07870492009818	5333.41215939291	3913.58146186508	1580.34998712502	4668.84881559483	5547.10216368565	13313.5069241508	5385.91095146059	3997.62056634424	1607.49455264579	4694.98863777885	5659.19499652112	13004.60578875	98.56	UP_pEhEx_DOWN_EhMyb10
EHI_134840A	92.0241947501787	24.9502998850323	1.01385037867254	0.984927843031827	1.88295606464033	27.590481431594	24.4892751884886	20.7185785514825	57.4339417610196	116.686299835362	106.196534953467	27.8620649703185	25.0151507263402	21.0744470727402	57.7555013326095	119.044233314082	103.732553794359	98.49	UP_pEhEx_DOWN_EhMyb10
EHI_066770A	628.687443677857	202.549813222527	1.01640939858448	0.984643772079685	1.63406619482262	410.035123686753	75.1557767758531	114.55057704913	512.554362699614	611.519141980519	786.148210837936	414.071254414239	76.7696499603577	116.518132128374	515.424037951436	623.876389230526	767.907932276874	98.46	UP_pEhEx_DOWN_EhMyb10
EHI_174180A	628.687443677857	202.549813222527	1.01640939858448	0.984643772079685	1.63406619482262	410.035123686753	75.1557767758531	114.55057704913	512.554362699614	611.519141980519	786.148210837936	414.071254414239	76.7696499603577	116.518132128374	515.424037951436	623.876389230526	767.907932276874	98.46	UP_pEhEx_DOWN_EhMyb10
EHI_103310A	1245.24877376402	323.212752030753	1.55674985044269	0.984489590091361	1.9458779659513	570.401906443898	104.182856368057	276.415503629381	1073.32886186411	1660.68702885195	1064.72816548653	576.016588037307	106.420048575902	281.163299250826	1079.33818593997	1694.24529189167	1040.02425080156	98.45	UP_pEhEx_DOWN_EhMyb10
EHI_050740A	442.030748565623	191.536894896211	1.01773904694539	0.984475714923472	1.20652441111563	234.066679366954	145.906277564442	179.137697558759	456.546597886055	433.192016718331	454.39210919486	236.370686175881	149.039426324442	182.214620397521	459.102698406508	441.945726111598	443.849264304545	98.45	UP_pEhEx_DOWN_EhMyb10
EHI_100350A	47.074716683926	5.81874719767506	1.01818207173694	0.984416531319855	3.01617193912252	3.66134475170012	10.5782296435622	2.69507247183644	20.3922067785997	41.8416076114739	80.4941865022622	3.69738475218445	10.8053834552005	2.74136384519738	20.5063781043774	42.6871201311936	78.6265534476981	98.44	UP_pEhEx_DOWN_EhMyb10
EHI_152080A	6290.91724413123	2822.3484491622	1.55654560126117	0.984360393602446	1.15637426879547	4535.54688983311	1781.05144871508	1983.40725382695	4542.81293824425	6813.93275130366	7774.51167306311	4580.19199243656	1819.29722697211	2017.47485188718	4568.24711422877	6951.62500976686	7594.12678299035	98.44	UP_pEhEx_DOWN_EhMyb10
EHI_088600A	15.4399932448862	514.647285380863	-1.30450886647224	0.984143731661255	-5.05883999029897	1539.81913293026	4.05716099307436	7.5788569501541	4.05716099307436	4.05716099307436	38.3595667078613	1554.97615475149	4.14428328244234	7.70903367096402	4.07987611432153	4.13914590259352	37.4695447341584	98.41	DOWN_pEhEx_UP_EhMyb10
EHI_004860A	365.665219552321	153.279501458892	0.962082860595117	0.984100634548251	1.25435863664255	186.623728748039	139.535279177989	121.889201773431	347.501550183773	332.106123660349	431.161918549116	188.460736659228	142.531618980708	123.982807272699	349.447132293893	338.817144136374	421.158062544819	98.41	UP_pEhEx_DOWN_EhMyb10
EHI_006810A	903.940825828337	389.376183920315	1.02257009517152	0.983736223600981	1.21506368865545	474.180690748904	410.055159703015	255.558639233701	619.053843769277	832.99914852746	1291.84527047264	478.848230541848	418.860564354558	259.948191094739	622.519785383067	849.831943661332	1261.8717651382	98.37	UP_pEhEx_DOWN_EhMyb10
EHI_110720A	1868.11555323978	893.813975722383	0.952935870134659	0.982913720815082	1.06353718836724	1086.07453178306	1069.91496104563	463.977535294512	1255.13208699941	1432.46501556431	2973.42812150947	1096.76517396673	1092.89000221221	471.946952644827	1262.15928596589	1461.41149190352	2904.43838589738	98.29	UP_pEhEx_DOWN_EhMyb10
EHI_105280A	84.8554232093631	11.5061372847116	0.95087926009386	0.982626423957811	2.88260327818488	22.7469576043752	7.32915495498304	4.04551803719509	42.4510285356244	53.0987068593103	161.059579867727	22.9708645070775	7.48653908637461	4.11500506875184	42.6887021852281	54.1716967369305	157.32266161082	98.26	UP_pEhEx_DOWN_EhMyb10
EHI_057850A	475.292545216194	220.36698741699	0.946695463201867	0.982033205880512	1.10890765984183	281.126192875658	167.401543553727	195.510885639647	456.306651227031	497.966414956515	491.703000189093	283.893424265897	170.996275373102	198.869039269225	458.861408340738	508.029050268122	480.294464789388	98.2	UP_pEhEx_DOWN_EhMyb10
EHI_202460A	321.457878048641	104.196611113285	0.945381361673525	0.981845921245221	1.62532135143772	125.006044066021	66.8199244878787	111.813917589658	225.718700507076	510.366247645746	246.693409473855	126.236525813633	68.2547960166932	113.734466984964	226.982448151925	520.679452053037	240.969607720003	98.18	UP_pEhEx_DOWN_EhMyb10
EHI_023230A	90757.7139774056	226321.070745874	-1.59268461375041	0.981486051937348	-1.31827873168341	131894.650345566	197833.241582953	322063.720493658	114605.598718147	103361.583570822	58682.652514035	133192.939248879	202081.454791455	327595.583583494	115247.249388389	105450.258408048	57321.0925514204	98.15	DOWN_pEhEx_UP_EhMyb10
EHI_181610A	63.43712345098	259.526910338557	-1.30003514049344	0.981319350616678	-2.03248488055241	182.362625925036	321.948879889972	247.928395171419	68.2051965842228	63.3671499056233	61.3930820511376	184.15769019032	328.862316039868	252.186887671192	68.5870619607119	64.6476389126821	59.9686344687393	98.13	DOWN_pEhEx_UP_EhMyb10
EHI_095830A	309.475632463258	96.4237795915962	0.940932947121975	0.981213989502745	1.68236493248169	118.92301595336	35.8432058353441	125.684956508061	332.801225877835	413.547880665539	198.411633081882	120.0936201557	36.6128923614625	127.843759029466	334.664504217029	421.904632008677	193.80806926621	98.12	UP_pEhEx_DOWN_EhMyb10
EHI_139570.mRNA	1052.80185608409	503.156925028336	0.938085052728687	0.98081350015639	1.06515361331869	771.560720645035	366.386649162347	340.705082746837	669.595935339189	1300.48070711016	1235.89033818315	779.155484490428	374.254328981653	346.557135467578	673.344850623497	1326.7601161072	1207.21510401152	98.08	UP_pEhEx_DOWN_EhMyb10
EHI_151390A	496.035280023451	241.883107420685	0.937691485508354	0.980758366494628	1.03613271631649	264.791811955392	235.859013270619	204.876530619151	483.072901890249	449.169627712309	574.619548530448	267.398257859369	240.923780786447	208.395551376809	485.777517151114	458.246204005339	561.287176227959	98.08	UP_pEhEx_DOWN_EhMyb10
EHI_000690A	39.8677281777271	4.99471670669992	0.935737277738576	0.980485810364522	2.99674663933682	5.47775635269853	1.25979670779405	7.72717988085409	32.9302711621833	81.8794665593481	7.72717988085409	5.53167597922717	1.28684921409306	7.85990424082206	33.1146402575748	83.534042423802	7.5478931871046	98.05	UP_pEhEx_DOWN_EhMyb10
EHI_126980A	89.4259234248865	12.9272467462136	1.20214360577602	0.980404108030228	2.79027806907757	8.45015319900203	16.3986245515707	12.5893881108004	46.8441957286778	148.503551332222	78.1045114686873	8.5333312513401	16.7507638223212	12.805627218102	47.1064657217885	151.504430577593	76.2923238602642	98.04	UP_pEhEx_DOWN_EhMyb10
EHI_186950A	261.840927317272	114.339256045782	0.931942770319667	0.979959069361882	1.19536980840511	123.180635015172	95.6132878348063	114.120403919585	254.851991146971	285.268688716682	256.863210976008	124.39314857144	97.6664596326193	116.080570216094	256.27884945722	291.033243703041	250.903448610973	98	UP_pEhEx_DOWN_EhMyb10
EHI_201200A	247.318807213978	100.973991537189	0.930707421347565	0.979787432947206	1.2923882153901	108.738076822423	83.9006351409713	101.34238747487	216.207109748281	298.157619218698	239.106641364292	109.808426818698	85.7022928581253	103.083074727222	217.417604160707	304.182626724148	233.558868458168	97.98	UP_pEhEx_DOWN_EhMyb10
EHI_036630A	102.910229578358	10.4403284201894	0.923583318432565	0.97877566048984	3.30114739705093	1.85079265405886	26.1730442071569	2.25673650595215	44.6899014106675	69.1838650485785	197.422980550869	1.86901070580547	26.7350765087957	2.29549888925204	44.9401100000727	70.5818950813712	192.842355536453	97.88	UP_pEhEx_DOWN_EhMyb10
EHI_057670A	36605.2320436694	92770.8626800198	-1.6016662265985	0.977525883894627	-1.34162188727986	53654.2670963742	82611.3649338396	130925.844455472	35090.81430414	52309.1223846712	24415.7092881342	54182.4063302558	84385.3372393841	133174.66604065	35287.2797889804	53366.1567673477	23849.2138963724	97.75	DOWN_pEhEx_UP_EhMyb10
EHI_106670A	1887.77885726032	892.121402015036	1.04484366005921	0.977424432711666	1.08137781692825	1650.21778556756	405.982774260318	577.176485659836	1553.63253929032	1858.25349148938	2324.85233936954	1666.46150306056	414.700729697112	587.090242143954	1562.33097436937	1895.80407048377	2270.91091496785	97.74	UP_pEhEx_DOWN_EhMyb10
EHI_167060A	758.059832235186	271.586578937545	0.914930453464473	0.977411996449529	1.48089953477389	283.992004909171	390.916288275435	120.027679383068	449.540939801314	520.383461338633	1324.69142411586	286.787445570615	399.310710395712	122.089310815259	452.057817236196	530.899088168808	1293.95581949295	97.74	UP_pEhEx_DOWN_EhMyb10
EHI_158570A	9339.46597577234	3207.97491954762	0.910545428518475	0.976623762409384	1.54167719736493	3862.93672646754	357.983287554732	5079.18672571093	4844.67290858838	21368.3044805323	2535.33173740396	3900.96107296705	365.670516042948	5166.42836078637	4871.79712986263	21800.1035913896	2476.50675186382	97.66	UP_pEhEx_DOWN_EhMyb10
EHI_110360A	651.600204747441	324.71699232247	0.908924508005607	0.976313325616286	1.00480417488295	302.06370006112	389.745563604358	253.905368987929	520.661213861057	671.599415705762	788.701126084157	305.037027249565	398.114845925219	258.266523783206	523.576277527926	685.170732551148	770.401614563467	97.63	UP_pEhEx_DOWN_EhMyb10
EHI_172280A	133.493559671653	25.9912495019546	0.908594064226613	0.976249022965508	2.36067224487408	19.2811518908179	13.7981811550422	41.7896785866756	96.9273219769905	252.783390658804	59.7686462957789	19.4709435577077	14.0944792643342	42.5074706439598	97.4699959982158	257.891500355827	58.3818890118177	97.62	UP_pEhEx_DOWN_EhMyb10
EHI_067520A	2727.64951244455	1323.52051732338	1.04859008311379	0.975988691606445	1.04327771832402	2458.52426754536	354.134393364272	1087.62486600422	2303.28251624838	3570.01703797468	2444.97870243985	2482.7244513035	361.73897182357	1106.30623701557	2316.17807097553	3642.15800658298	2388.2500958062	97.6	UP_pEhEx_DOWN_EhMyb10
EHI_111050A	1331.49328647082	606.604959100737	1.05022585048033	0.9753470228353	1.13421595694166	1007.27711028497	371.118473218859	407.331276582083	950.73525858183	1467.36179928185	1631.80645448991	1017.19211966115	379.087762844971	414.327720797553	956.058208967457	1497.01345090507	1593.94514045613	97.53	UP_pEhEx_DOWN_EhMyb10
EHI_025230A	797.044003345141	329.101801580026	0.903461545020282	0.975184895912288	1.27612545084228	639.321984958957	112.422070695825	220.648160367283	606.854695205987	930.07870184294	889.423775635004	645.615072938957	114.836189384048	224.438079369353	610.252336562725	948.87322795281	868.787288516218	97.52	UP_pEhEx_DOWN_EhMyb10
EHI_160740A	797.044003345141	329.101801580026	0.903461545020282	0.975184895912288	1.27612545084228	639.321984958957	112.422070695825	220.648160367283	606.854695205987	930.07870184294	889.423775635004	645.615072938957	114.836189384048	224.438079369353	610.252336562725	948.87322795281	868.787288516218	97.52	UP_pEhEx_DOWN_EhMyb10
EHI_014110A	5012.7248519801	2154.05262555798	1.19615926517019	0.975086610923657	1.21854155016435	4789.27275854507	318.905977687098	1284.39188500838	4559.93092368432	6100.73980999538	4614.51059682222	4836.4153807899	325.754071444447	1306.45298537284	4585.46093937435	6224.0202522002	4507.44432414153	97.51	UP_pEhEx_DOWN_EhMyb10
EHI_009490A	119.859007414113	12.7830851396091	1.05098158047042	0.975048950666188	3.22903036038568	25.18638420234	8.81449350776533	3.92138647265216	55.4856669932682	61.973627495039	244.537013631196	25.4343033032193	9.00377336511547	3.98874138321395	55.7963186177375	63.2259569568049	238.863244759587	97.5	UP_pEhEx_DOWN_EhMyb10
EHI_005020A	1054.90476700582	522.054750841401	1.05277020523404	0.974340323762242	1.01483974006039	608.891482238579	378.332121240978	534.204746579722	864.981135987468	1392.20284487543	959.987696751861	614.885031276699	386.456314636365	543.380407580875	869.823968552901	1420.33572509987	937.713979452063	97.43	UP_pEhEx_DOWN_EhMyb10
EHI_159820A	145.53315441612	20.1706804872231	0.898748484220985	0.974118669432139	2.85101619467311	34.7583433143674	20.828862855947	4.12106189199086	44.1091550218813	50.8068610600568	343.599350690381	35.1004828272615	21.2761357692081	4.19184648746251	44.3561121443968	51.833538560425	335.627128934242	97.41	UP_pEhEx_DOWN_EhMyb10
EHI_030800A	72235.4460584223	267149.262522534	-1.28890561449037	0.974017373873794	-1.88686718561432	101857.09388615	159917.298995616	501898.798701655	74760.3707576816	118647.757880463	27799.2069535673	102859.711766175	163351.316334791	510519.563049515	75178.9370628251	121045.327439839	27154.2073572836	97.4	DOWN_pEhEx_UP_EhMyb10
EHI_092720A	28.4430568782365	7.28884480774689	0.895840972659528	0.9734255581387	1.96431443658357	6.95141767821335	7.92779512299567	6.33658897376534	14.5049829586982	42.0924790509457	30.2069464554337	7.01984311025528	8.09803427838898	6.44542812710341	14.5861930578679	42.9430610446895	29.5060822796583	97.34	UP_pEhEx_DOWN_EhMyb10
EHI_108500A	43586.818671229	90655.7926160522	-1.07523595075639	0.971677574661544	-1.05650729888325	58858.2898121389	56036.2362498051	145916.290599802	50406.1510508623	59305.2864026863	23418.6959967805	59437.6542088816	57239.5420091727	148422.592585439	50688.3636213464	60503.6954744563	22875.3333933564	97.17	DOWN_pEhEx_UP_EhMyb10
EHI_086080A	319.889168687932	101.898169623951	0.888091068060866	0.97150715196076	1.65044400733661	163.093819311178	45.7723497007246	90.2171937337971	200.956054633371	486.475135802509	289.62429576089	164.699213428799	46.7552517601908	91.7667913206338	202.081161858384	496.305561575647	282.90440788237	97.15	UP_pEhEx_DOWN_EhMyb10
EHI_056490A	7359.21405938594	23510.9934373043	-1.5007967289464	0.97145465516065	-1.67571189575957	12725.6464576019	17032.7822609591	37785.2400946168	7431.66910089023	11050.2017224518	4018.86791756617	12850.9098063435	17398.5392490141	38434.2507149364	7473.27732520858	11273.4982073411	3925.62179767945	97.15	DOWN_pEhEx_UP_EhMyb10
EHI_199150A	4.03762528488207	60.0887160608548	-1.05341215384783	0.971275854703156	-3.89551516406983	3.44940850059449	157.048442364006	13.4883655666426	3.44940850059449	3.44940850059449	5.35527323336702	3.4833623324412	160.420854714363	13.7200457804399	3.46872095392226	3.51911227727444	5.23101972213268	97.13	DOWN_pEhEx_UP_EhMyb10
EHI_194240A	108.428621511722	440.474206044196	-0.95200111997455	0.971172162485188	-2.02231190813385	158.343099040631	278.428587008707	822.159405192834	140.757467925562	142.139421877669	48.2604232457178	159.901730022721	284.407481109064	836.281061803448	141.545536960986	145.01169824571	47.1406807450787	97.12	DOWN_pEhEx_UP_EhMyb10
EHI_126110A	3314.80533607989	1347.09304621411	1.06398837456738	0.970027977307932	1.29907464583588	2298.15150853617	1098.78338548773	580.662674810878	2171.13544338557	2225.77072921684	5637.28323779099	2320.77308260188	1122.37833876333	590.636311125793	2183.29113672008	2270.74789728011	5506.48650612215	97	UP_pEhEx_DOWN_EhMyb10
EHI_105860A	89.0480616581496	313.779916414649	-0.959643579769595	0.969628690472002	-1.81709690198816	143.048480960701	359.528366923435	400.920218139947	142.905949443744	60.2272270027046	67.2698078182259	144.456561235227	367.248773994431	407.806544092147	143.706047338331	61.4442661502353	65.7090079379518	96.96	DOWN_pEhEx_UP_EhMyb10
EHI_105350A	128.585046243248	416.063569576566	-0.92612727250642	0.969586863121168	-1.69408109722769	178.419515727522	459.195786512122	559.142802070026	218.637684219829	84.3412133893186	87.5177363784334	180.175766468523	469.056422621301	568.746806594279	219.861786865677	86.0455348989315	85.4871423141479	96.96	DOWN_pEhEx_UP_EhMyb10
EHI_198580A	755.689953204429	337.200086388916	0.880252693631829	0.969580554699179	1.16418953659461	517.047405409367	254.794364263888	219.371134783087	432.491486227701	874.353608437662	991.972912300932	522.136898479561	260.26574397266	223.139119210585	434.9129076514	892.022072074641	968.957071272544	96.96	UP_pEhEx_DOWN_EhMyb10
EHI_053420A	29.1370039545691	9.19778195554639	0.879328393520042	0.969360996087429	1.66349463585789	9.62945660374997	10.0500980892514	7.15082182159656	21.6267622613131	31.4295285245483	35.5535787701701	9.72424298531149	10.2659109582509	7.27364648261785	21.7478455823319	32.0646393956015	34.7286615704994	96.94	UP_pEhEx_DOWN_EhMyb10
EHI_122780A	1951.30277788161	4002.40524939747	-1.44657633187773	0.969318883612659	-1.03642959558702	3416.43953264274	3058.07247178775	5111.29597977169	2193.42635647505	2247.22971943395	1505.49516658052	3450.06883847468	3123.74062625589	5199.0891330284	2205.70685155994	2292.64051913626	1470.564537938	96.93	DOWN_pEhEx_UP_EhMyb10
EHI_177520A	1634.34304150232	591.061293890671	1.35434708249066	0.969211329005534	1.46733117790171	760.079060595142	295.117257924216	668.167718422328	1322.72823728531	2413.88366040509	1255.84929822912	767.560806120267	301.45451966617	679.644367619869	1330.13389171664	2462.6621125853	1226.71097454586	96.92	UP_pEhEx_DOWN_EhMyb10
EHI_098800A	502.452537729928	218.046541555946	1.06638894017025	0.969179189802124	1.20435121605875	223.063339251999	226.216533473048	186.077984001055	417.577071628175	544.020062223657	566.939729204311	225.259036024597	231.074241195936	189.274115281998	419.914990638108	555.013324668541	553.785544731898	96.92	UP_pEhEx_DOWN_EhMyb10
EHI_140770A	20.3758081301673	3.96320179114111	1.06865215075282	0.968413889607667	2.36211894875199	4.70695218316125	4.009592875096	2.87199588633863	10.5723349824505	25.036201286602	26.4115594194607	4.75328449286304	4.09569370060137	2.92132614934822	10.6315270804229	25.5421192673499	25.7987561408913	96.84	UP_pEhEx_DOWN_EhMyb10
EHI_199650A	27.6318848086971	9.41624327131006	0.875117954371719	0.968393235317754	1.55311047530576	8.94202787100726	10.6103845301711	7.8637943901151	24.62726116158	26.7843764896731	32.5635292745483	9.03004763168461	10.8382288264465	7.99886528188168	24.7651435932177	27.3256206470484	31.8079874610447	96.84	UP_pEhEx_DOWN_EhMyb10
EHI_093840A	28.4106102901377	10.493906500998	0.874977149869351	0.968361820943807	1.43687798151261	11.1808034661379	8.91019879878545	10.4590863036938	26.664322240647	31.8926604366477	27.9391662012242	11.2908603413195	9.10153380358292	10.6387347080161	26.8136097137603	32.5371300262664	27.2909192584106	96.84	UP_pEhEx_DOWN_EhMyb10
EHI_152800A	625.901385596589	120.575116023595	1.37397125769733	0.968322216072652	2.37600317173248	137.204651990225	74.3345876017019	139.248726255114	373.204648316994	1099.07419853608	444.023753717887	138.555209247059	75.9308268098919	141.640504155142	375.294136225164	1121.28369401226	433.721476305196	96.83	UP_pEhEx_DOWN_EhMyb10
EHI_110740A	983.530361526372	2244.18347332463	-1.04657372099732	0.968119520426836	-1.19014913415099	1299.10983625054	1824.79820836284	3334.66546883987	1097.17390083689	1448.78623686936	461.291234791551	1311.89746546953	1863.98339175057	3391.94268341018	1103.31672786034	1478.06252359919	450.588315794374	96.81	DOWN_pEhEx_UP_EhMyb10
EHI_134810A	911.283469385291	325.023768927647	1.4034092248664	0.967707134534557	1.4873546713272	353.221683378388	212.41852129496	379.194320803254	912.339448283032	1120.22369317443	745.556204867612	356.698577935809	216.979934537118	385.707476224522	917.447429263253	1142.86056617082	728.257745528477	96.77	UP_pEhEx_DOWN_EhMyb10
EHI_105140A	9572.74512767837	4156.88708845238	1.5320546229915	0.967694442176419	1.20342913714329	5264.39228061711	1796.15408790836	5046.26089439716	8649.30959014981	13798.6834108041	6791.92472818714	5316.21168392651	1834.72417582534	5132.93698551544	8697.73510650962	14077.5197234003	6634.33790511742	96.77	UP_pEhEx_DOWN_EhMyb10
EHI_167270A	9572.74512767837	4156.88708845238	1.5320546229915	0.967694442176419	1.20342913714329	5264.39228061711	1796.15408790836	5046.26089439716	8649.30959014981	13798.6834108041	6791.92472818714	5316.21168392651	1834.72417582534	5132.93698551544	8697.73510650962	14077.5197234003	6634.33790511742	96.77	UP_pEhEx_DOWN_EhMyb10
EHI_192800A	2166.10283694739	4908.84080820988	-1.27809211789496	0.967556998930846	-1.18028064409729	6058.70798059353	2099.45244429522	6127.5881496034	2178.08146992505	2868.46880550299	1563.74807427429	6118.34613361192	2144.53547247143	6232.83744208053	2190.27605248167	2926.43326781521	1527.46585664552	96.76	DOWN_pEhEx_UP_EhMyb10
EHI_132040A	275.536247262453	606.325268140292	-0.916380886847601	0.967551580759833	-1.13784982663042	407.735107385351	780.651424517303	568.660872528515	326.241413649283	229.898265310579	280.82237196992	411.74859818291	797.414905044306	578.428362286606	328.067965092408	234.543924803085	274.306707086005	96.76	DOWN_pEhEx_UP_EhMyb10
EHI_186840A	1223.85315040699	3734.61803512866	-0.915558511068393	0.967367094987549	-1.60953023621136	1468.87405791245	1330.97038834326	7852.71951126547	1276.45766061944	2101.45050287136	372.96526983832	1483.33274054101	1359.55125745626	7987.60017759021	1283.60425662027	2143.91547520817	364.311697494498	96.74	DOWN_pEhEx_UP_EhMyb10
EHI_092430A	7536.52368936837	3130.70551613902	1.39391566875428	0.967267223067197	1.26741140628952	6585.42319005212	630.416632086587	2055.08701051935	6425.99695299712	9146.4361017512	7388.40019175663	6650.24599999066	643.954014590458	2090.38580158613	6461.97464778675	9331.26232321611	7216.9738935595	96.73	UP_pEhEx_DOWN_EhMyb10
EHI_057550A	237.873271146432	911.888608455967	-1.67431115517316	0.967196141902135	-1.93866443198412	646.907326128095	954.31724977896	1037.17247896068	302.486568789963	218.15675522002	202.758058718481	653.275079488698	974.809979479856	1054.98726463527	304.18012226182	222.565148642966	198.053648760487	96.72	DOWN_pEhEx_UP_EhMyb10
EHI_117850A	5365.85308832064	1761.13230785889	1.53075043394814	0.966858172056676	1.60730425760037	2667.48093098788	424.478277851653	2056.52395157061	4814.13685489697	8308.5333489853	3285.58199983121	2693.7379541759	433.593400326837	2091.84742396799	4841.09011175468	8476.42768594067	3209.34964302377	96.69	UP_pEhEx_DOWN_EhMyb10
EHI_008040A	55.6749242673982	17.5270578248687	0.865982731402965	0.966501520941695	1.66744385178474	12.5944215539249	22.2659973749466	15.9754673387014	44.6378796309843	66.3810868117403	58.5343164861674	12.7183932063328	22.7441308948335	16.2498667587242	44.8877969622819	67.7224798216143	57.1761982288593	96.65	UP_pEhEx_DOWN_EhMyb10
EHI_113950A	177.962851492926	642.815665722464	-0.911315081006403	0.966399438614818	-1.8528289685366	228.343664867562	590.341641650887	1023.71146069942	80.1569522134053	408.974783080685	58.603947801685	230.591337881309	603.018465522966	1041.29503588573	80.605732750199	417.239123747403	57.2442139525914	96.64	DOWN_pEhEx_UP_EhMyb10
EHI_168340A	71676.9688318362	162705.183358182	-0.969080004718301	0.96625510693752	-1.18267867895465	89739.8864590786	90297.0607723802	286703.65057604	60590.9386942796	127542.056588583	31548.3743778597	90623.2300857465	92236.0734640426	291628.158496125	60930.1735733661	130119.357313684	30816.3862757848	96.63	DOWN_pEhEx_UP_EhMyb10
EHI_150100A	4.0209406700853	20.9444753851947	-0.91028336260852	0.966161072102221	-2.38096479409079	4.63401044096894	31.4438681076576	24.1193949568708	4.63401044096894	4.63401044096894	2.9861111323713	4.67962475752827	32.1190845412179	24.5336769210318	4.65995521102044	4.72765201135823	2.9168271244478	96.62	DOWN_pEhEx_UP_EhMyb10
EHI_088020A	408.469459290023	157.557836102634	0.864096585468638	0.966146968770513	1.37434670579812	186.015335509547	185.236487625192	90.127448043801	231.672803118659	418.105194818062	591.003117346348	187.8463547761	189.214201820891	91.6755041317405	232.969886429253	426.554037894578	577.290612067779	96.61	UP_pEhEx_DOWN_EhMyb10
EHI_035460A	40128.3397652643	96212.5611192019	-1.04273878245013	0.965975596365903	-1.26160379011324	58387.714800464	47763.8610289643	170036.199049557	42170.4626281923	63041.5481570962	17586.656869467	58962.4471494759	48789.5282206288	172956.791819263	42406.5654531192	64315.4575805649	17178.6097406502	96.6	DOWN_pEhEx_UP_EhMyb10
EHI_058320A	98.4746122971453	28.6644965539486	0.862543618964657	0.965862650048965	1.78048689121112	26.9498952182196	20.8441799883488	35.3153202016865	74.2562468934982	152.464049113218	74.266115658831	27.2151732246859	21.2917818172343	35.9219067368914	74.6719907238329	155.54495995033	72.5429868408931	96.59	UP_pEhEx_DOWN_EhMyb10
EHI_167080A	3143.38647776368	6585.74880188078	-1.27463148567822	0.965805017028671	-1.06702782306413	4611.9458366005	5605.71520486825	8795.85604427218	5012.33177096147	2397.62262332665	2143.72938687892	4657.34296291798	5726.0906947802	8946.93630665082	5040.39467605761	2446.07248128645	2093.99039283538	96.58	DOWN_pEhEx_UP_EhMyb10
EHI_202040A	1296.7849336773	2721.12972781293	-0.908608838537379	0.965772404914963	-1.06926650309987	1530.43732999718	1895.1222157416	4393.46150724955	1362.32373985259	1916.74817822741	685.370702686002	1545.50200318555	1935.81751630999	4468.92492023912	1369.95108049337	1955.48078613506	669.468672557028	96.58	DOWN_pEhEx_UP_EhMyb10
EHI_095070A	35.2235330549521	12.9331639467414	0.860976366744677	0.965582336238007	1.44546436751926	14.4618158845105	12.5202341973768	10.7590574299289	31.2993089998173	36.4799224797613	39.3423071346645	14.6041690052429	12.7890900472089	10.9438582283138	31.4745467091655	37.2170889734928	38.4294835328576	96.56	UP_pEhEx_DOWN_EhMyb10
EHI_049360A	24.5899757930001	111.26595659701	-0.970616091032187	0.96557534021544	-2.17787002729229	91.0157589261275	57.211642570251	172.787564150808	29.9370963721276	28.6714734352638	16.3578216907305	91.911661447805	58.4401886614046	175.755415192966	30.1047073629267	29.2508510245148	15.9782861016676	96.56	DOWN_pEhEx_UP_EhMyb10
EHI_126870A	43468.0982752824	20340.5124648799	1.07889088406259	0.965422343721728	1.09560095190234	36457.4154707112	1750.3301501289	21538.8360557083	48672.4627029728	63425.8604029545	20792.3135349252	36816.2795931382	1787.91622819909	21908.793565955	48944.9687468747	64707.53579991	20309.8884837993	96.54	UP_pEhEx_DOWN_EhMyb10
EHI_011950A	529.378746594873	1307.511523164	-1.27336265380437	0.965210191600574	-1.3044514810303	870.741501149601	1252.32675931465	1652.86907466252	645.982795596793	544.108038691294	421.446426762744	879.31253891068	1279.21885812328	1681.25924978825	649.59950628454	555.103078916934	411.667990436439	96.52	DOWN_pEhEx_UP_EhMyb10
EHI_170050A	506.17247091109	200.85966405056	0.854755422660589	0.964519514684805	1.33344116996691	364.497756283245	97.0662353319307	131.033245022719	400.037345251061	526.279977744627	612.62714730964	368.085645488948	99.1506072996401	133.283911352262	402.277063323941	536.91475818119	598.412919423672	96.45	UP_pEhEx_DOWN_EhMyb10
EHI_153940.mRNA	15.5580408670627	4.63873349087776	0.854562529306857	0.964487422152156	1.74585753509378	4.61892140911952	5.50467759843965	3.40469372298138	11.1564243741848	16.0961412646821	20.0356022605493	4.66438719863427	5.62288343632169	3.46317376385494	11.2188866557598	16.4214033598873	19.570734489647	96.45	UP_pEhEx_DOWN_EhMyb10
EHI_148470A	666.281141779909	291.546379651201	0.854344896627532	0.964451266515778	1.19240565272728	369.88932875638	175.570406707569	305.140964605221	417.994908787239	1055.6330963755	562.800461424586	373.530289248105	179.340554306774	310.382157362695	420.335167172352	1076.96475761337	549.742316600041	96.45	UP_pEhEx_DOWN_EhMyb10
EHI_135090A	303.787621631609	721.120782260558	-0.973108959893874	0.964416217529435	-1.2471778343244	472.10515612203	906.942314784539	709.188094175332	425.167303651279	182.054360745917	313.88536807093	476.752265643029	926.417728977764	721.369321653878	427.547718643254	185.733216556372	306.602572701145	96.44	DOWN_pEhEx_UP_EhMyb10
EHI_036560A	147.759152874995	15.4896660143455	1.08308343367155	0.964402588981411	3.25386955785326	26.456079460271	15.1266414779467	4.2282406245031	66.523342718449	58.270578641413	320.859666748381	26.7164966515554	15.4514665559401	4.30086615404049	66.8957917778272	59.448078899771	313.415053099433	96.44	UP_pEhEx_DOWN_EhMyb10
EHI_086060A	11.2805812727647	71.6666319575766	-0.899920990891299	0.963760406411373	-2.66746014553105	7.49340270928283	121.267733420788	77.0600775466067	20.3995523391088	7.49340270928283	6.37981391422532	7.56716310487147	123.871801285021	78.3836845583701	20.5137647910085	7.64482532824221	6.23178892178887	96.38	DOWN_pEhEx_UP_EhMyb10
EHI_029530A	1995.74189072556	989.147396236459	1.08748109844137	0.963431995568453	1.0126677259692	1517.6503167374	786.922215264619	604.271410088243	1555.8606557994	1826.23678893088	2677.39080841397	1532.5891225204	803.820352919349	614.650557123454	1564.57156559581	1863.14039175971	2615.26975606146	96.34	UP_pEhEx_DOWN_EhMyb10
EHI_170060A	611.411508369158	274.136522809362	0.847796339360786	0.963370588182764	1.15724915866118	373.531456333145	104.297137217835	321.923400780481	630.521260513665	794.396285513708	440.587496761069	377.208267663436	106.536783459248	327.452853696824	634.051405584549	810.449014922614	430.364947678527	96.34	UP_pEhEx_DOWN_EhMyb10
EHI_161040A	1052.74735012007	519.579384132398	0.846653914325528	0.963180829647038	1.01874315030166	924.762964505946	242.235373525339	364.461862760307	764.989749006726	1233.34623734137	1206.2303384655	933.865755952504	247.437065137641	370.721969062148	769.272752548164	1258.26902937423	1178.24327816428	96.32	UP_pEhEx_DOWN_EhMyb10
EHI_083560A	590.494689801758	113.446406129237	0.843130754925951	0.96258791159876	2.37991317924696	189.617863670538	138.684677930979	7.75027511801711	52.5991193490988	127.833345080396	1595.0414293392	191.484343983638	141.662752171127	7.8833961687077	52.8936098501039	130.416532005401	1558.03314058844	96.26	UP_pEhEx_DOWN_EhMyb10
EHI_134490A	497.635122882126	217.974046497479	0.842561794228455	0.962490939752146	1.19093194593887	343.611418543992	103.197830793335	192.774478243871	433.867784518339	598.270238247197	483.871531435939	346.993715631693	105.413870849885	196.085630519033	436.296911523009	610.359758834235	472.64470244939	96.25	UP_pEhEx_DOWN_EhMyb10
EHI_103370A	79.3602412376452	25.9095465678517	0.84250933484688	0.96248189864904	1.61493264347062	30.9042105923494	15.0293497560029	29.5117213898856	91.5449345742939	86.0266281066979	64.109652131018	31.2084124198879	15.3520856199951	30.0186235706839	92.0574738331422	87.7650075630727	62.6221744554329	96.25	UP_pEhEx_DOWN_EhMyb10
EHI_038300A	78.8076258272443	23.6242811433259	0.842200455253531	0.962428732833473	1.73806480832042	29.0223025309738	11.6936525543452	28.0726621618067	97.6947270138233	83.751162233267	58.5649005350441	29.3079800260489	11.9447586315621	28.5548466295521	98.241697561237	85.4435603090494	57.2060726639974	96.24	UP_pEhEx_DOWN_EhMyb10
EHI_166970A	5.30279822481873	19.6165355800442	-0.89178669440446	0.961961464106948	-1.88724451474929	11.8615194655366	19.8774854167135	24.8630365797101	6.2391792050745	5.59986506471721	4.30632553107429	11.9782768856304	20.3043287289061	25.2900915554949	6.27411094980141	5.71302410164821	4.20640979485747	96.2	DOWN_pEhEx_UP_EhMyb10
EHI_135060A	2060.34304960976	772.442558361515	1.28252372413525	0.961091006864061	1.41538500981037	999.080981411936	312.474091911308	938.925482053254	1681.95255682861	3175.47175975055	1440.78294263931	1008.91531319324	319.184069233372	955.052747832572	1691.36942648835	3239.63997130246	1407.35377259546	96.11	UP_pEhEx_DOWN_EhMyb10
EHI_153650A	60.8691723094098	17.3282682443385	0.833108636611764	0.960803913028837	1.81258426700178	25.6013556820129	13.8450626032294	11.4482210501075	47.8539499511042	52.4512952621612	84.4048807659101	25.8533595040377	14.1423674310376	11.6448591295978	48.1218733283501	53.5112025972586	82.4465114459031	96.08	UP_pEhEx_DOWN_EhMyb10
EHI_026360A	77.5076969934898	12.2890789377336	0.832918107300426	0.960768580390702	2.65696279577559	22.0337546951243	10.9378276935522	3.41202938838337	21.7990371072978	45.1178759922524	167.195424965366	22.2506412719797	11.1727034086154	3.47063542884674	21.9210849559804	46.0295935669889	163.316142301537	96.08	UP_pEhEx_DOWN_EhMyb10
EHI_124880A	136.995503377326	40.3760317029503	0.830465055058771	0.960308403788061	1.76255751052557	44.3282128383248	51.5779970235808	22.2251286180386	79.5169068327395	121.903800446063	214.145405126971	44.7645521946284	52.6855678568259	22.6068740952396	79.9621039010807	124.367166348148	209.176784975914	96.03	UP_pEhEx_DOWN_EhMyb10
EHI_028990A	461.625070535024	160.327827439087	0.829422280312082	0.960110529742951	1.52569672802303	165.731422658887	61.5639915143326	236.95710285457	364.24040861681	812.7523658777	237.296211078587	167.36277970335	62.8859986746388	241.027149145865	366.279707786592	829.176025005772	231.790443932027	96.01	UP_pEhEx_DOWN_EhMyb10
EHI_065820A	454.184930540212	1193.97238377631	-1.03288144467762	0.960065348749218	-1.39441772329576	614.562896489584	967.950252507377	1848.4770112852	575.809013763793	549.925464286727	259.804512079325	620.612271402133	988.735733324309	1880.2270070173	579.032837414169	561.038059894539	253.776505392525	96.01	DOWN_pEhEx_UP_EhMyb10
EHI_174880A	32.6562352009786	8.29472463336568	0.826675198404334	0.959585191226747	1.9770924855033	11.7141926727341	7.63456254577939	5.00689609764551	18.1630701297357	31.6257194775446	49.3470090164162	11.8294998995127	7.79850491051342	5.09289604720442	18.2647610266269	32.2647948689995	48.2020554590517	95.96	UP_pEhEx_DOWN_EhMyb10
EHI_073540A	5.07284603292562	23.8613418300613	-0.876446975909257	0.959090608696983	-2.23380789582521	11.2067944165069	40.0482661817326	17.8410927069546	6.24321778709926	4.04991545641308	5.11242668386268	11.3171071304383	40.9082509447052	18.1475366680337	6.278172142928	4.13175395205598	4.99380771920554	95.91	DOWN_pEhEx_UP_EhMyb10
EHI_155420A	545.64514396777	232.420081913529	0.82376135969485	0.959024235539658	1.23122828265872	401.794665226512	88.1723198742179	193.719251382509	437.684316493018	701.68561671994	524.005664839758	405.749682006244	90.065706500837	197.046631364554	440.134811391813	715.864899202414	511.847640230043	95.9	UP_pEhEx_DOWN_EhMyb10
EHI_004430A	51.3307191660317	4.63427074639572	1.10920158760731	0.958947988130831	3.46940823563379	2.2119970621234	2.2119970621234	8.83676776162666	65.6474085951593	79.1999035398619	12.3008681157778	2.23377058540422	2.25949684052914	8.98855073593706	66.0149534986883	80.800332247701	12.0154623133077	95.89	UP_pEhEx_DOWN_EhMyb10
EHI_008450A	234.260686412258	668.022913157632	-0.871825157989629	0.958373446995415	-1.51178272624378	379.675348819019	381.014358895849	1156.66155077699	276.783035678679	331.176135007898	108.019929231431	383.412636805617	389.196149878692	1176.52871659862	278.332680917143	337.868362777482	105.513641521092	95.84	DOWN_pEhEx_UP_EhMyb10
EHI_140550A	2894.23807617838	1162.1317415293	1.32492635161114	0.958036255022775	1.31640997618065	2350.39765776528	292.306856709076	794.150825238218	2460.38817787385	3391.25142710367	2961.96556898045	2373.5335104284	298.583768716739	807.791398076303	2474.16333145314	3459.77999717579	2893.24178850031	95.8	UP_pEhEx_DOWN_EhMyb10
EHI_098440A	186.572208721908	678.643967390259	-1.24548938526883	0.957879944083881	-1.86292079879134	316.641946237706	772.921245618555	864.868414133612	209.495378642791	244.675149917676	115.330080371675	319.758772614262	789.518730543207	879.723653495493	210.668295599923	249.619412682163	112.654181904379	95.79	DOWN_pEhEx_UP_EhMyb10
EHI_114920A	1680.65437490262	357.001776326991	1.44360587822815	0.957767337982677	2.23501990833234	784.671203419826	28.8970473209607	244.608183278722	1309.74798552622	2689.92216762285	1140.49461490701	792.39501870331	29.5175740693136	248.809646822885	1317.08096648143	2744.27865628637	1114.03276053082	95.78	UP_pEhEx_DOWN_EhMyb10
EHI_000640A	11.1469646055405	48.8095823001023	-1.02879558004893	0.957760256861715	-2.13051349764103	36.6682696455239	52.7404359789876	51.9971257418897	15.3598265477985	7.17612991565392	11.2761904267424	37.0292092853025	53.872968686612	52.8902439739844	15.4458227217152	7.32114125802778	11.0145592843499	95.78	DOWN_pEhEx_UP_EhMyb10
EHI_009810A	1243.64081379925	556.684474511566	1.28726482323158	0.957623438818025	1.15963811567152	752.15025657215	424.919084596213	452.724027708369	1074.44888267888	1228.11928478296	1477.33940310297	759.553955881961	434.043672826594	460.500151436069	1080.46447749644	1252.93645339261	1443.06204691194	95.76	UP_pEhEx_DOWN_EhMyb10
EHI_029370A	716.060882199893	1808.00815604698	-1.0277541394568	0.957209709269441	-1.33624702466582	1157.64245714708	1098.68251712519	2943.57522299281	779.502826148297	1022.78687709606	385.916804623763	1169.03756947483	1122.27530438305	2994.13495416424	783.867085106394	1043.45479974425	376.962729653307	95.72	DOWN_pEhEx_UP_EhMyb10
EHI_033240A	15.5382517675603	2.06896277920251	1.44481375275541	0.957200830670466	2.90884459670303	2.03085226892966	2.03085226892966	1.95793805879739	10.2264527728271	21.3532067037785	15.8104580106198	2.05084271553314	2.07446219699003	1.99156819032243	10.2837083550087	21.7847007269493	15.4436224008506	95.72	UP_pEhEx_DOWN_EhMyb10
EHI_099860A	177.298568872576	49.2031362225153	0.813919916737409	0.957168836763326	1.84935870964752	32.0232932130936	32.6779811991919	76.9237175055209	142.324315251664	306.445701099883	94.2614963277749	32.3385105939134	33.3796986165824	78.2449823563074	143.121156708752	312.638189670116	92.0744329637707	95.72	UP_pEhEx_DOWN_EhMyb10
EHI_093580A	541.091953985254	245.017155764657	0.813610814579071	0.957112903816128	1.14299102037552	399.184671933081	135.973530641432	185.212622044546	409.761932602595	605.888650892506	630.689524575403	403.113997562175	138.893386497079	188.393889608895	412.056096427355	618.132120231509	616.056211854972	95.71	UP_pEhEx_DOWN_EhMyb10
EHI_025380A	7.77659414510269	30.2527014563461	-0.861737590761822	0.956913303023321	-1.95985362292842	22.1878728919378	31.7351545727088	33.6584172228058	11.9607711712507	4.66878059736187	6.96054982677346	22.4062765124655	32.4166260066845	34.2365442953359	12.0277368075241	4.76312478421886	6.7990505496293	95.69	DOWN_pEhEx_UP_EhMyb10
EHI_169310A	17.0845237011706	104.421620112738	-0.85912081927432	0.956525625280237	-2.61165851494517	40.3114313904633	43.3089577275582	214.356342544672	26.8334323330963	20.5698750365856	4.76203009345011	40.7082320485169	44.2389616277748	218.038191396128	26.9836666151384	20.9855399181551	4.65154106069113	95.65	DOWN_pEhEx_UP_EhMyb10
EHI_001130A	321.379455068891	786.151329548055	-0.858158957483922	0.95637827684273	-1.29052934528526	433.5567008362	654.233231369382	1173.69502691735	291.895248802133	540.970364895932	151.321649878375	437.8243633394	668.28204456531	1193.8547648356	293.529503883292	551.90200071079	147.81067191258	95.64	DOWN_pEhEx_UP_EhMyb10
EHI_197480A	19358.0183376342	8952.92272262083	1.17468895171999	0.956240343945832	1.11250063403456	15584.3503294456	1470.08815007185	9232.75606270869	17964.1008033445	29059.7769788011	12147.270953138	15737.7529810698	1501.65639333989	9391.34065088421	18064.67771625	29647.0011955183	11865.4289252769	95.62	UP_pEhEx_DOWN_EhMyb10
EHI_086540A	49.7566906119765	17.8281213656782	0.807931197014194	0.956131346379359	1.48073584566407	23.1908516949608	13.0490580512962	15.8794194978959	51.7111426817563	46.3648011429124	53.1500467676938	23.4191280150014	13.3292697100066	16.1521691713885	52.0006616034482	47.3017159049994	51.9168548005673	95.61	UP_pEhEx_DOWN_EhMyb10
EHI_142710A	121.8591127361	28.9889672255333	0.806315954565565	0.955869776394575	2.07163829985125	52.0193995231758	21.7484240330087	11.9437376116819	87.1325129178104	71.1354868628692	210.335102047571	52.5314461375075	22.2154433342234	12.1488868323004	87.6203480317919	72.5729542110983	205.454888877044	95.59	UP_pEhEx_DOWN_EhMyb10
EHI_201940A	61.9463929388276	16.6083119041913	0.80606725966668	0.955830162077918	1.89911483559549	23.9224803999275	16.5957155134292	8.31740860088653	41.1422621158973	50.9535434652895	95.7300870258984	24.1579584178878	16.9520870578904	8.46027090643217	41.3726082801092	51.9831850441702	93.5089492939103	95.58	UP_pEhEx_DOWN_EhMyb10
EHI_027570A	6537.303348012	16879.0589104127	-2.14108340606776	0.955532559583598	-1.368466920353	13086.5493519667	14194.4376134562	21528.9928860457	7577.0340285699	7267.54367125965	5070.14951024917	13215.3652043291	14499.2448181213	21898.781327057	7619.45611804248	7414.40225324144	4952.51146421889	95.55	DOWN_pEhEx_UP_EhMyb10
EHI_153540A	6537.303348012	16879.0589104127	-2.14108340606776	0.955532559583598	-1.368466920353	13086.5493519667	14194.4376134562	21528.9928860457	7577.0340285699	7267.54367125965	5070.14951024917	13215.3652043291	14499.2448181213	21898.781327057	7619.45611804248	7414.40225324144	4952.51146421889	95.55	DOWN_pEhEx_UP_EhMyb10
EHI_165810.mRNA	618.481867384109	1416.81674189445	-0.991891827680811	0.955300944440885	-1.19584996090612	1266.13926392981	2080.03130257081	787.759365673499	540.184899863232	373.100780938903	958.872658749718	1278.60235134163	2124.6972868259	801.290156884514	543.209272205671	380.640199221544	936.624812657773	95.53	DOWN_pEhEx_UP_EhMyb10
EHI_178640A	12.0281731002867	77.6552404894357	-0.992499910420815	0.955054861796208	-2.69066575144931	112.603422353547	82.0872075581463	33.8290555505848	6.82916728447937	6.82916728447937	22.7011634838734	113.711820407097	83.8499242614021	34.4101135582283	6.86740223821892	6.96716739412869	22.1744491316717	95.51	DOWN_pEhEx_UP_EhMyb10
EHI_178770A	8.39776527251879	30.0229913215025	-0.850309731123739	0.955051470838402	-1.83799035730109	20.7057699915633	28.2290117602533	37.7999784340731	11.6873412689464	6.97694032707004	6.86077148412306	20.9095847129652	28.8351933082242	38.4492422045331	11.7527760334121	7.11792655424017	6.70158727268688	95.51	DOWN_pEhEx_UP_EhMyb10
EHI_118170A	1418.29201290606	162.072988619255	1.17248514451745	0.95479910315558	3.12943902661117	329.004333212432	138.370417608483	14.8427857918321	286.146537476369	336.703886714762	3644.14449916887	332.242847237317	141.341743514316	15.097729933775	287.748606830857	343.507816293642	3559.59274434041	95.48	UP_pEhEx_DOWN_EhMyb10
EHI_162230A	29.7714227224021	5.50990724879569	0.798878805127642	0.95478656269109	2.4338282285487	1.50314664626764	10.7830387868021	3.64160311186887	19.8372795411602	47.6103055796186	23.5718341775205	1.5179426869394	11.0145906101222	3.7041523794843	19.9483439556018	48.572388820039	23.0249184488249	95.48	UP_pEhEx_DOWN_EhMyb10
EHI_030070A	15727.8828664319	7638.07927145197	1.12608812130381	0.954572198575561	1.04204268425067	13029.7207013233	1168.57860408834	8208.19798514189	16585.4595854215	22185.2860073309	9277.65921800055	13157.9771677946	1193.67231948894	8349.18445638577	16678.3177998394	22633.594237907	9062.39816900502	95.46	UP_pEhEx_DOWN_EhMyb10
EHI_090270A	247.430228563707	649.188504241825	-0.846313039517943	0.954254723010831	-1.39161568781923	479.420637436793	321.974751137062	1067.82225253438	336.744649051585	293.219715117147	124.86823449726	484.139756005836	328.888742838556	1086.16348791552	338.630005719856	299.144940133888	121.971030955665	95.43	DOWN_pEhEx_UP_EhMyb10
EHI_126210A	147.512309981875	54.8100648197429	0.792261497233019	0.954001376924556	1.42832260721079	60.9661475610676	34.1404891566685	64.2688262804902	135.279227307557	199.041185633212	115.834428808125	61.5662603984637	34.8736120424867	65.3727269228327	136.036624920262	203.063301990581	113.146828404927	95.4	UP_pEhEx_DOWN_EhMyb10
EHI_087760A	29.3319341605216	103.14210600121	-0.844346342648791	0.953828389012949	-1.81408929725304	85.9709870071926	76.0609537470788	136.31785566199	45.7825284657887	20.940420701537	22.3693072115214	86.8172319318034	77.694264437305	138.659292049381	46.0388544254628	21.3635733689907	21.8502926171598	95.38	DOWN_pEhEx_UP_EhMyb10
EHI_098190A	137.238975278002	49.4151611391855	0.787828529866165	0.953565283712097	1.47366460862661	63.1988410174491	49.0848838340803	32.480676407919	99.6096912741368	126.577114119573	190.4588691405	63.8209311005585	50.138918283363	33.0385742508629	100.167383270719	129.134915810461	186.039826039397	95.36	UP_pEhEx_DOWN_EhMyb10
EHI_083260A	124.257718756236	22.2293248170271	0.787494633873695	0.953535545826058	2.48279943883216	44.548271191552	16.4072171837493	5.07095316891038	46.7913573030123	54.2384006714549	273.82123337045	44.9867766654147	16.7595409701718	5.15805338194396	47.0533314658004	55.3344208636788	267.468009507882	95.35	UP_pEhEx_DOWN_EhMyb10
EHI_179390A	373.454624128798	127.379441194712	0.786392087622405	0.953438656634154	1.55180051375117	91.6689948476463	57.2537153032066	217.512073478958	358.504390290347	615.936484176255	168.999267596179	92.5713274174411	58.483164851931	221.248126111734	360.511574798674	628.382994682231	165.078132020122	95.34	UP_pEhEx_DOWN_EhMyb10
EHI_170130A	223.467128866214	40.1504257558287	0.783286202451175	0.953185836288813	2.47657544096118	99.4336480553514	14.3173804964027	6.31964251947556	77.1008301327277	99.0385598407642	497.977861542721	100.412411041931	14.6248277406033	6.42819059543041	77.5325001373717	101.039877358435	486.423736268939	95.32	UP_pEhEx_DOWN_EhMyb10
EHI_118640A	32.7550732814148	10.4838435363351	0.783099413693878	0.95317136451414	1.64355064852597	13.1513290894512	10.1878878631545	7.35020011718511	24.7683136832865	28.7671864339016	45.8690719913967	13.2807825932583	10.4066595894866	7.47644935962957	24.9069858358986	29.3484981395327	44.8048138287168	95.32	UP_pEhEx_DOWN_EhMyb10
EHI_152380A	39.0289787737208	7.10839867184301	0.781130546752065	0.95302592186673	2.45694921218092	12.0393615800018	6.37023333932413	2.59032446624679	12.6967010701479	25.7235248080578	79.5813289476442	12.1578695672578	6.50702586820762	2.63481665643687	12.767787010474	26.2433318498544	77.7348760927591	95.3	UP_pEhEx_DOWN_EhMyb10
EHI_097930A	95.6775238851946	28.7568629984588	0.780843478579385	0.953005443430563	1.73427374836066	46.0874760754777	20.4851970054974	18.0553734526229	59.3232105611138	100.96035300443	130.497749707483	46.5411325248765	20.9250901387301	18.3654979640789	59.6553477188374	103.000505076339	127.469929668665	95.3	UP_pEhEx_DOWN_EhMyb10
EHI_001070A	439.077682374442	142.67888362468	0.780179164252999	0.952958875684901	1.62170437366425	224.925192459915	152.339613901828	43.8427533893234	216.845274958785	248.544106588264	861.537668436387	227.139216157472	155.610910246049	44.5958096753883	218.059342313019	253.566551131368	841.548197180861	95.3	UP_pEhEx_DOWN_EhMyb10
EHI_150530A	29.035031427393	10.238810455573	0.779219346334212	0.952893194338265	1.50374648276389	11.3716579616389	11.039727073317	7.49469207427474	25.6300592774612	25.020281635078	37.4853446719093	11.4835934897682	11.2767909458788	7.62342315392513	25.7735561475764	25.5258779201396	36.6156064732505	95.29	UP_pEhEx_DOWN_EhMyb10
EHI_112990A	330.440729502798	92.2854902202908	0.774733230746925	0.952610516454301	1.84021578153371	158.301053358687	93.2057804755277	21.5634630906347	153.040866447511	163.787991072349	680.934629987733	159.859270469236	95.2072541639562	21.933843602222	153.897707436335	167.097729988629	665.135525999935	95.26	UP_pEhEx_DOWN_EhMyb10
EHI_152670A	379.135644543028	174.119520333	0.773716912494673	0.952550818624131	1.12263614737368	225.409668578933	85.5271279588698	196.804006159204	419.637966169397	428.737357578268	306.633821747076	227.628461158076	87.363712507416	200.184370814792	421.987423658938	437.401049634988	299.519277380247	95.26	UP_pEhEx_DOWN_EhMyb10
EHI_090020A	14738.4536356405	5589.15563494828	1.2979773380734	0.95254833110729	1.39888291045801	8077.6601747514	1206.82494363246	7025.03356449941	12422.8246932568	24744.9172690789	7955.49723616139	8157.17163743872	1232.73994975006	7145.69764867738	12492.3772620657	25244.9491403375	7770.913103451	95.25	UP_pEhEx_DOWN_EhMyb10
EHI_005870A	245.213375494386	53.0160453081017	0.768600421598499	0.952265343451577	2.20953671233899	75.8173395177655	72.3437086178898	8.25373511932481	63.0954037373722	83.5818159616207	592.014876698323	76.5636382517679	73.897196272661	8.39550375004762	63.4486605463772	85.2707919797667	578.278896492046	95.23	UP_pEhEx_DOWN_EhMyb10
EHI_140640A	48.5191455056554	7.55700381719879	0.766053498237968	0.952128173973725	2.68266788603467	18.4199005728092	1.82732228908769	2.30745129797507	19.3672502980357	45.7648897301553	82.044613452434	18.6012146173981	1.86656167384718	2.34708477375836	19.475683125694	46.6896818076907	80.141007258111	95.21	UP_pEhEx_DOWN_EhMyb10
EHI_127360A	36.7115468900944	7.26850563663412	0.76326515020319	0.951977728922911	2.33650321574249	8.79846169889547	9.80366210091307	2.73320682496534	16.4969936510995	18.6176611833612	75.7442768677352	8.88506828346859	10.0141830755255	2.78015320541682	16.5893565648804	18.9938767858925	73.9868516259973	95.2	UP_pEhEx_DOWN_EhMyb10
EHI_130260A	23939.1359725839	2162.17773874744	1.30499734863922	0.951681290218614	3.46881405474522	6513.58692747064	1.33668352253016	5.66239703945219	5916.48627009764	7788.53226330224	58395.9085613833	6577.70262592043	1.3653870738169	5.75965606985316	5949.6113305061	7945.91870026735	57041.0016566781	95.17	UP_pEhEx_DOWN_EhMyb10
EHI_198670A	191288.662885214	467840.185531167	-1.11682274683088	0.951500458356705	-1.2902644165937	235109.621704495	305825.088090103	800942.124378264	194144.085062995	301187.653490592	89994.0065828704	237423.894589113	312392.286647432	814699.346607927	195231.053620357	307273.890285697	87905.9578838243	95.15	DOWN_pEhEx_UP_EhMyb10
EHI_069200A	27.3847798122455	129.275323362625	-0.835109804430418	0.951494581540782	-2.2390007279953	49.2566370968445	149.802187398898	172.583083446575	56.0086542844621	11.2662519410822	15.7651527135184	49.7414887962104	153.018995788016	175.547422266809	56.322233995776	11.4939142516453	15.3993682811583	95.15	DOWN_pEhEx_UP_EhMyb10
EHI_048440A	86.3201935305955	29.6775007721611	0.753486793767342	0.951407070542858	1.54032849579551	45.5719317378672	18.1158231527087	23.4299808226139	70.5194020995583	94.7381539533667	97.3709583682952	46.0205134894604	18.5048370443298	23.8324212027646	70.914224186161	96.6525712005839	95.1117489979626	95.14	UP_pEhEx_DOWN_EhMyb10
EHI_107100A	103.17779278412	49.0823402925033	0.75171257129693	0.95129128857045	1.07185654446979	52.1282109023901	45.7003990720394	45.1664906613385	97.4865379790928	107.957129110998	108.432643215737	52.6413285882613	46.6817560847344	45.9422838559396	98.0323429234717	110.138668240755	105.916779679955	95.13	UP_pEhEx_DOWN_EhMyb10
EHI_033850A	27.2797251160747	5.9553146563569	0.751236806282726	0.951259720273894	2.19557946535214	2.73079107425679	11.4673622170178	3.08511612505601	20.9028801864975	22.0331112967809	39.7923617985332	2.75767128311806	11.7136090016694	3.13810700522686	21.0199106564892	22.4783444633167	38.8690959896164	95.13	UP_pEhEx_DOWN_EhMyb10
EHI_086530A	82.9246883251911	25.5634225721141	0.749422065148581	0.951135094705311	1.69772067942134	37.0138409141128	24.2156798480732	13.912262765794	54.2143851391091	69.1190043569948	128.121219513224	37.378182142524	24.7356802795491	14.151223965063	54.5179191457402	70.5157237201	125.148539932851	95.11	UP_pEhEx_DOWN_EhMyb10
EHI_197990A	1093.55518849465	2455.91798002962	-1.12160833270679	0.950579843574358	-1.16723634924252	1333.52545921145	2399.81672252465	3340.40872185268	1059.79013877938	1667.60208562909	616.534849490364	1346.65185441734	2451.34968542329	3397.78458425985	1065.72366262525	1701.30008438675	602.229954761519	95.06	DOWN_pEhEx_UP_EhMyb10
EHI_023000A	95.8752279514842	24.2545941562308	0.741872355938943	0.950563460487241	1.98290006313391	51.0095785369391	7.23942034807528	13.6434561990637	71.4587169039515	105.771725603401	114.419285233696	51.511685101562	7.39487754474509	13.8778002960943	71.8587980004154	107.909103284021	111.76451911371	95.06	UP_pEhEx_DOWN_EhMyb10
EHI_025830A	1904.00774281552	694.5454096691	1.46414216481426	0.950558930262	1.45489841909698	1166.89629059301	402.810291367879	475.160733527973	1488.03339997724	1889.11500997512	2408.61266661156	1178.38249190159	411.460121834271	483.322236846366	1496.36456040149	1927.28922180169	2352.72782787629	95.06	UP_pEhEx_DOWN_EhMyb10
EHI_039020A	1279.36674816126	443.895534236864	0.738506163730667	0.950282234035402	1.52713779221144	613.483269660738	69.1651815994165	610.034705064933	370.327129173578	3165.01533791824	407.568598302092	619.522017398281	70.6504144939896	620.512844183786	372.400506506805	3228.97225176734	398.112156548128	95.03	UP_pEhEx_DOWN_EhMyb10
EHI_146950A	218.543511630029	82.1549696354851	0.737668869108039	0.95021036452566	1.41150079339778	97.2291253015351	99.7487149431586	43.7051332840976	145.363181623508	173.603233875979	343.475591672335	98.1861883372764	101.890689694024	44.4558257659459	146.177037001958	177.111313896922	335.506241383601	95.02	UP_pEhEx_DOWN_EhMyb10
EHI_159680A	59.2936621936438	23.6640386199927	0.737433506508354	0.950189743677193	1.32518159355982	18.0369674177754	27.9842539008795	22.6227931628001	51.7299879741097	71.4285145224369	57.480377466594	18.2145121065596	28.5851795901142	23.0113690455306	52.0196124063055	72.8719032147283	56.1467127932773	95.02	UP_pEhEx_DOWN_EhMyb10
EHI_153250A	39.0861902240661	7.9649972574009	0.737127814133628	0.950163013202734	2.29491320023638	16.2132144822799	4.18675133396452	3.22563132134288	17.371912241121	33.5052646047172	67.5943073566355	16.3728072814891	4.27665640843706	3.28103573268299	17.4691736250113	34.1823208249959	66.0259784100964	95.02	UP_pEhEx_DOWN_EhMyb10
