pEhEx_mean	CmasM_mean	theta	prob	log2FC	CmasM_1	CmasM_2	CmasM_3	pEhEx_1	pEhEx_2	pEhEx_3	CmasM_1.1	CmasM_2.1	CmasM_3.1	pEhEx_1.1	pEhEx_2.1	pEhEx_3.1	DE	Regulation
EHI_000130A	418.725359072825	104.077290214736	1.11144720324432	0.979350819231589	2.00834898875729	63.5689935787724	147.751646856557	99.5770911411209	253.79744162804	606.882786830178	393.522089520818	64.2814405310696	148.598046749718	96.0080473919544	255.807634450665	610.594980730218	404.622460486736	97.94	UP_pEhEx_DOWN_CmasM
EHI_006680A	42.3358038385969	2.03942292261159	1.85198014954596	0.965299731572298	4.37564539361561	1.69524393944808	1.69524393944808	2.67205937859888	49.2660035354011	56.6915514129099	21.4721246897481	1.71424331807696	1.70495519695185	2.57628738211552	49.656213011395	57.0383235341593	22.0778049192186	96.53	UP_pEhEx_DOWN_CmasM
EHI_006770A	8.08449621356159	106.594430124531	-1.11071433823291	0.96928797672449	-3.72083036997195	150.477466593371	150.502279518667	20.3038482384201	2.97951150103355	2.97951150103355	17.891855857715	152.163936779988	151.364436496373	19.5761173737309	3.00311060666631	2.99773664213041	18.3965447750035	96.93	DOWN_pEhEx_UP_CmasM
EHI_009940A	310.429940430412	62.3212763044848	1.15458665140227	0.970162582302829	2.31647102528199	80.6835224673428	64.2730864914252	41.7505483441963	124.53922011422	382.954840698734	417.91781596418	81.587779817449	64.6412768615282	40.2541244992684	125.525628191477	385.297307241669	429.706335373898	97.02	UP_pEhEx_DOWN_CmasM
EHI_010020A	1686.02112968269	309.251444152865	1.77172542710517	0.974096591345261	2.44677037917004	277.501776809594	377.141682531167	269.841992470576	781.543587679736	2490.86323198264	1771.36563358432	280.611866871033	379.302150360745	260.170311309245	787.733773445378	2506.09939866303	1821.33186463633	97.41	UP_pEhEx_DOWN_CmasM
EHI_012420A	208.007062780042	60.6667630138243	0.947521365495932	0.974563624084852	1.77765427431349	74.3504096408934	63.9519102878001	43.3576234310916	161.656512487117	171.835847389212	286.264497419573	75.1836888823692	64.3182607900559	41.8035987742943	162.936906643369	172.886936657732	294.339373520172	97.46	UP_pEhEx_DOWN_CmasM
EHI_017750A	1458.38706680006	402.631624777458	1.77116414285386	0.97372969558774	1.85684127392734	311.066626033948	539.241365702146	353.427947520825	1124.40917001206	1604.50091528687	1629.81613213262	314.552892800224	542.330426596075	340.760377174827	1133.31500936471	1614.31536156808	1675.78957086623	97.37	UP_pEhEx_DOWN_CmasM
EHI_019860A	73.2494718869176	12.6235598847083	1.10273021819466	0.979618142507791	2.5366995456848	17.4298070729628	11.9272970904059	8.45768443975181	55.6589669715991	56.4618385910104	105.944453309162	17.6251509384099	11.9956229818446	8.15454397404631	56.0998116672876	56.8072055998481	108.932907489575	97.96	UP_pEhEx_DOWN_CmasM
EHI_035670A	421.408720096619	104.83653363548	1.29412353328485	0.977997433559674	2.0070786101429	131.653790511761	92.1795103351049	89.5107282059696	300.38135811242	478.0025071704	480.77522198834	133.129295101781	92.7075635200212	86.3024832037722	302.760517044261	480.926363357836	494.336807112547	97.8	UP_pEhEx_DOWN_CmasM
EHI_044610A	56.8227489829545	11.5103453418369	1.05904917142799	0.975057456840016	2.30353750930529	12.004792118661	12.979791462214	9.44216217822949	29.6609899006193	72.7560932858788	67.2943154015641	12.1393353460491	13.0541466003163	9.10373604512356	29.8959186242018	73.2011293481098	69.1925363267591	97.51	UP_pEhEx_DOWN_CmasM
EHI_050000A	74.886255297764	17.1898474219179	1.0325731296913	0.969477233574491	2.12314420978475	21.1562046195384	15.2897724807281	14.9243759002584	46.9849143071993	95.7682764459209	81.1658479825801	21.3933119364049	15.3773604167644	14.3894561721702	47.357056504166	96.3540739332691	83.4553535690823	96.95	UP_pEhEx_DOWN_CmasM
EHI_062500A	217.862652183445	56.2615916077666	1.1741809652979	0.967829108639927	1.95319662759401	43.0841905223664	67.4537966701919	57.3575869530402	187.515961383873	251.405971328331	213.262164891309	43.5670548639548	67.8402078372388	55.3017753719215	189.001174305183	252.943776870771	219.27780977206	96.78	UP_pEhEx_DOWN_CmasM
EHI_075040A	9.4952548803651	316.476318391297	-1.81581216896459	0.984794708416388	-5.05874701098785	316.747439587749	531.382717232047	104.499490315137	4.53982001753198	5.42340567130496	18.1504019076149	320.297373844654	534.426759614392	100.754017853286	4.57577748643596	5.45657967769855	18.6623838260896	98.48	DOWN_pEhEx_UP_CmasM
EHI_089770A	44.1962440002399	2.00528208074489	2.74151010139195	1	4.4620466696418	1.96663999513239	1.96663999513239	2.049152876872	44.1312243764756	46.5710576683669	41.6510745026538	1.98868103419747	1.97790595336148	1.97570710553568	44.4807640326919	46.855924532194	42.8259574137289	100	UP_pEhEx_DOWN_CmasM
EHI_099860A	209.344939759054	33.7683819368003	1.18245220938967	0.968226957395211	2.63213708879008	15.0391954219335	46.8431820194546	38.7593762809315	151.383833980267	320.280747560504	156.776144235782	15.2077466029441	47.1115246410097	37.3701620746137	152.582863783627	322.239847840155	161.198445819265	96.82	UP_pEhEx_DOWN_CmasM
EHI_110570A	688.2199962918	213.984279385125	1.22486529567092	0.978054614603266	1.6853649991368	181.060652242528	275.659994364559	183.147766099656	454.164321890777	813.019486141429	789.108789732237	183.089882258751	277.239121194904	176.583380835123	457.761512840775	817.992581511018	811.367769677075	97.81	UP_pEhEx_DOWN_CmasM
EHI_119540A	7734.09256612659	2112.5383858848	2.45983174288699	0.999999999999992	1.87225447541161	1620.47301168713	2901.08244206518	1796.52537290655	5246.9103073798	8995.95709483622	8865.28177143196	1638.63439813453	2917.70138284354	1732.13428074958	5288.4682575829	9050.98376189149	9115.3513837887	100	UP_pEhEx_DOWN_CmasM
EHI_138790A	91.8528010825302	19.9975931913955	0.995683327753611	0.963284606466913	2.19949734247449	24.4817614373619	21.9691151157265	13.4620236904496	65.232309886876	73.6954591454645	134.46838325553	24.7561397992169	22.0949658732808	12.9795176144743	65.7489798749447	74.1462411413247	138.261433193696	96.33	UP_pEhEx_DOWN_CmasM
EHI_140640A	74.8235250787987	4.56218028447884	1.37069801293832	0.982077624366801	4.03569657147917	2.99596293419036	2.99596293419036	7.51318708106086	57.623967591191	137.200660386543	30.6900571163156	3.0295400689143	3.01312540081163	7.24389930532159	58.0803759983047	138.039892385903	31.5557544380877	98.21	UP_pEhEx_DOWN_CmasM
EHI_142900A	43.7304442904316	10.636820942672	1.23586477811445	0.979879810909509	2.03957097307992	11.1228533552742	10.1214335155806	10.5007917755727	44.3569427968556	40.8116192715321	45.6313875450274	11.2475122892558	10.1794144615022	10.1244222229133	44.7082702470924	41.0612566766427	46.9185461135748	97.99	UP_pEhEx_DOWN_CmasM
EHI_148190A	3057.20126681977	829.635248619084	1.93232614630901	0.997722011094693	1.88166243709255	645.299060715055	1128.58865147496	707.248159720259	1918.56224645827	3820.48826505959	3399.29674103595	652.531224121212	1135.05380658053	681.89895947116	1933.75814454475	3843.8575112147	3495.18323852503	99.77	UP_pEhEx_DOWN_CmasM
EHI_163670A	5506.6336668643	1866.51739933633	2.08401940151809	0.999999999999997	1.5608216780139	1837.47574303166	2075.48782497293	1664.8746553819	3646.89039477551	6830.97723844554	5986.73098992471	1858.06917890887	2087.37732137237	1605.2021904219	3675.77544913008	6872.76110937772	6155.6031743102	100	UP_pEhEx_DOWN_CmasM
EHI_169350A	5646.89508700536	662.109613150553	1.96285023647036	0.999892415887861	3.09231584585654	512.097561628408	709.768002923753	751.029942685854	2211.47796509606	10461.0828523097	4279.73731333005	517.836874562612	713.833930949765	724.1115150469	2228.99389080561	10525.0714326334	4400.45905444627	99.99	UP_pEhEx_DOWN_CmasM
EHI_172280A	148.079274127477	20.513171176251	1.14159424805686	0.973354361256326	2.85174728479397	8.3943267749325	32.9323995974697	19.9519055657425	92.2708648045746	236.320665359158	115.778861040682	8.48840585642647	33.1210538703245	19.2367890361539	93.0016926213474	237.766196772204	119.04472169193	97.34	UP_pEhEx_DOWN_CmasM
EHI_176820A	2879.04173269939	772.358463577251	1.75374944689444	0.9659635006799	1.89824621616857	850.978882078659	896.640458885119	564.959884054129	1495.27171841138	3387.53140791042	3705.43660627446	860.516193854012	901.776891573011	544.71058253702	1507.11496023818	3408.25233409507	3809.95861918211	96.6	UP_pEhEx_DOWN_CmasM
EHI_178340A	4192.6757410557	735.200477786892	1.66834244560103	0.999399982977682	2.51166164804972	490.776408462183	820.369497459311	878.1020215013	1945.0398400012	7766.96107361855	2884.69142948622	496.276765425282	825.069009578292	846.62907430978	1960.44545284351	7814.4701909391	2966.06207129312	99.94	UP_pEhEx_DOWN_CmasM
EHI_179390A	400.412364968166	84.3169707054726	1.36819812549408	0.981812079901149	2.2475915854774	61.4590848015459	111.203629848131	79.2279407838399	294.738919727482	496.768722135272	406.689982623709	62.1478850356345	111.84066329192	76.3882516186568	297.073387944276	499.807367916731	418.161790167583	98.18	UP_pEhEx_DOWN_CmasM
EHI_181610A	89.7282002674519	353.294383219698	-1.06084570413066	0.978353924230881	-1.97723743343345	316.115216163577	217.052508903543	514.961514270865	112.631376122288	102.596438584529	54.519602509001	319.658064801749	218.295900935068	496.504255151245	113.523468581657	103.224002723345	56.0574775835648	97.84	DOWN_pEhEx_UP_CmasM
EHI_187780A	218.700720717322	46.3186197066342	1.20991470467093	0.974327064249983	2.23929380790852	39.5337847012669	59.6811627586185	39.3017808105354	141.51626982162	257.796622856108	254.017884114103	39.9768580116582	60.0230481511491	37.8931257320881	142.637143964619	259.373518875545	261.183155952027	97.43	UP_pEhEx_DOWN_CmasM
EHI_194430A	156.807842876793	32.2695280281538	1.05762484319453	0.974851071950086	2.28075333653386	17.6328729421141	47.9036722011296	30.8660907942044	109.222567445509	211.848215745756	148.552650961342	17.8304926601655	48.1780898735932	29.7597878569742	110.087660567564	213.144053543914	152.742986339082	97.49	UP_pEhEx_DOWN_CmasM
