pEhEx_mean	CmasM_mean	theta	prob	log2FC	CmasM_1	CmasM_2	CmasM_3	pEhEx_1	pEhEx_2	pEhEx_3	CmasM_1	CmasM_2	CmasM_3	pEhEx_1	pEhEx_2	pEhEx_3	DE	Regulation
EHI_044830A	24991.9204551498	54531.7216481046	-2.15637709499445	1	-1.12563393746144	51081.6866625224	42999.6512124543	68132.1231578668	26281.0634129284	29883.8058446296	18843.9344507257	51654.1826221417	43245.9760485321	65690.1304717236	26489.2215594594	30066.5997616327	19375.4793587008	100	DOWN_pEhEx_UP_CmasM
EHI_089770A	44.1962440002399	2.00528208074489	2.74151010139195	1	4.4620466696418	1.96663999513239	1.96663999513239	2.049152876872	44.1312243764756	46.5710576683669	41.6510745026538	1.98868103419747	1.97790595336148	1.97570710553568	44.4807640326919	46.855924532194	42.8259574137289	100	UP_pEhEx_DOWN_CmasM
EHI_163670A	5506.6336668643	1866.51739933633	2.08401940151809	0.999999999999997	1.5608216780139	1837.47574303166	2075.48782497293	1664.8746553819	3646.89039477551	6830.97723844554	5986.73098992471	1858.06917890887	2087.37732137237	1605.2021904219	3675.77544913008	6872.76110937772	6155.6031743102	100	UP_pEhEx_DOWN_CmasM
EHI_188960A	7484.99806317771	2455.19257432426	2.54198458392201	0.999999999999997	1.60816575544683	1504.99936965314	3563.65843898594	2268.55210835127	6135.82666703796	8808.47422305874	7458.18748706152	1521.86658987726	3584.07296691974	2187.24262612814	6184.42524489528	8862.35409078459	7668.56614189272	100	UP_pEhEx_DOWN_CmasM
EHI_156660A	14967.5166018645	7398.18506889139	3.0253221876551	0.999999999999997	1.01659157478449	6735.58418296493	8572.95228553107	6794.31744019154	14474.6280679984	13782.2905829825	16481.8141549643	6811.07297322158	8622.06270868317	6550.79540202111	14589.2737999089	13866.5943993717	16946.7289746996	100	UP_pEhEx_DOWN_CmasM
EHI_119540A	7734.09256612659	2112.5383858848	2.45983174288699	0.999999999999992	1.87225447541161	1620.47301168713	2901.08244206518	1796.52537290655	5246.9103073798	8995.95709483622	8865.28177143196	1638.63439813453	2917.70138284354	1732.13428074958	5288.4682575829	9050.98376189149	9115.3513837887	100	UP_pEhEx_DOWN_CmasM
EHI_158270A	3392.51334917684	7248.94212415125	-2.72078395050598	0.999999999999989	-1.09541597798753	7684.76485152531	6284.13497425489	7645.84172984025	3401.9430729222	3590.7208284047	3167.83470750182	7770.8915461505	6320.1338364265	7371.79934398335	3428.8880314856	3612.68462807939	3257.19218284659	100	DOWN_pEhEx_UP_CmasM
EHI_195110A	6.26906752154244	1106.47625364733	-1.93997382058617	0.999999996890346	-7.46350590557744	3313.25874441819	3.19424255995371	19.7322824711033	3.19424255995371	3.19424255995371	12.1662432815197	3350.39195924104	3.21254087756298	19.0250376761085	3.21954243463547	3.21378117268689	12.5094255761932	100	DOWN_pEhEx_UP_CmasM
EHI_141800A	3352.28430276348	1250.06805064718	2.02499141825203	0.999999992779102	1.42313787345482	995.521691692849	1581.17485326939	1158.12840275164	2663.73940978504	3705.26916765611	3653.27976496031	1006.67896122416	1590.23266247387	1116.61874536755	2684.83745477928	3727.93363911694	3756.33055095995	100	UP_pEhEx_DOWN_CmasM
EHI_013900A	14919.6374199413	38073.1545330231	-1.90919455157122	0.999999267452588	-1.35156163330925	34867.3143883481	26618.5646568711	51614.6925310653	18809.0363720313	16202.1126366398	9814.52415016365	35258.0884194012	26771.0499303756	49764.717866892	18958.0126173118	16301.2180734765	10091.3697499963	100	DOWN_pEhEx_UP_CmasM
EHI_105140A	11981.275261652	5424.71714755871	1.62067772188347	0.999954908352103	1.14316165324827	2530.93055638401	7925.03897441451	5730.45620613055	10125.931758002	15843.2422577053	9960.71783840989	2559.29585933846	7970.43780606172	5525.06509992343	10206.1338089437	15940.1525483615	10241.6872326003	100	UP_pEhEx_DOWN_CmasM
EHI_167270A	11981.275261652	5424.71714755871	1.62067772188347	0.999954908352103	1.14316165324827	2530.93055638401	7925.03897441451	5730.45620613055	10125.931758002	15843.2422577053	9960.71783840989	2559.29585933846	7970.43780606172	5525.06509992343	10206.1338089437	15940.1525483615	10241.6872326003	100	UP_pEhEx_DOWN_CmasM
EHI_169350A	5646.89508700536	662.109613150553	1.96285023647036	0.999892415887861	3.09231584585654	512.097561628408	709.768002923753	751.029942685854	2211.47796509606	10461.0828523097	4279.73731333005	517.836874562612	713.833930949765	724.1115150469	2228.99389080561	10525.0714326334	4400.45905444627	99.99	UP_pEhEx_DOWN_CmasM
EHI_007620A	2824.45837111118	12397.6543830008	-1.53410199837175	0.999890790615992	-2.13402104829335	7756.52797202384	6822.13517940261	22058.9098379135	4480.51640145846	2923.11791888321	1107.90797687708	7843.45894895096	6861.2159924414	21268.2740263205	4516.00415836448	2940.99811048372	1139.15956317154	99.99	DOWN_pEhEx_UP_CmasM
EHI_058090A	5822.38692363218	1736.51039582726	1.96247291838746	0.999887562631699	1.74541966856717	1654.53496997696	2315.99246400759	1231.32503255315	3659.33449293091	5962.67923316954	7736.77420494094	1673.07810445916	2329.25969869365	1187.19186035195	3688.31811028374	5999.15187987762	7955.01116302115	99.99	UP_pEhEx_DOWN_CmasM
EHI_178340A	4192.6757410557	735.200477786892	1.66834244560103	0.999399982977682	2.51166164804972	490.776408462183	820.369497459311	878.1020215013	1945.0398400012	7766.96107361855	2884.69142948622	496.276765425282	825.069009578292	846.62907430978	1960.44545284351	7814.4701909391	2966.06207129312	99.94	UP_pEhEx_DOWN_CmasM
EHI_197840A	2524.30651189598	1155.13099837814	1.59428287743871	0.999253664829616	1.12783062836277	1048.81000211796	1366.40886618559	1036.79966988351	2030.11799232954	2713.22700856502	2801.70549255217	1060.56449825642	1374.23638176974	999.638678951453	2046.19746338757	2729.82333485601	2880.73528816656	99.93	UP_pEhEx_DOWN_CmasM
EHI_007510A	10969.8442247673	55673.7306962738	-1.50416988356462	0.997964149554684	-2.34345372226284	29752.9492024634	27592.1530665552	106895.907043587	17923.8925431835	11597.3790617274	3562.21937900942	30086.4041903087	27750.2155714712	103064.542173682	18065.8580409942	11668.3181635501	3662.70155681331	99.8	DOWN_pEhEx_UP_CmasM
EHI_148190A	3057.20126681977	829.635248619084	1.93232614630901	0.997722011094693	1.88166243709255	645.299060715055	1128.58865147496	707.248159720259	1918.56224645827	3820.48826505959	3399.29674103595	652.531224121212	1135.05380658053	681.89895947116	1933.75814454475	3843.8575112147	3495.18323852503	99.77	UP_pEhEx_DOWN_CmasM
EHI_055670A	8714.14955234596	19626.1596393478	-1.23347344291898	0.991965413422371	-1.17134612206692	15219.1004811631	12154.8784142113	30775.7048723923	10170.9926854511	11540.7039839199	4514.25721102595	15389.6679409275	12224.5080123244	29672.641548868	10251.5516397263	11611.2964143874	4641.59422974065	99.2	DOWN_pEhEx_UP_CmasM
EHI_181560A	6209.69161185195	12643.3626013537	-1.30688649773374	0.990999350211279	-1.02578668294955	9254.34703078612	10223.4913036787	18053.5096416208	8213.70894984567	6619.09010181189	3832.55031290498	9358.06475489031	10282.0568908059	17406.4354501722	8278.76531397682	6659.57789687377	3940.65791690402	99.1	DOWN_pEhEx_UP_CmasM
EHI_005890A	8089.17064982493	20394.0896523896	-1.31338303151422	0.990823274545087	-1.33408740819051	13809.2551644973	13693.2650963653	32894.0883974304	10299.8693670683	10072.1453017475	3979.40456515598	13964.0218392795	13771.7073903171	31715.0979365321	10381.4490841168	10133.7548203577	4091.65459653411	99.08	DOWN_pEhEx_UP_CmasM
EHI_049670A	630.413603821693	4208.1654779247	-1.2621636036236	0.990810918864294	-2.73882086447415	834.107893014981	2287.32301976347	9252.44219922904	500.468822852903	1296.30735210117	108.589674416062	843.45612385537	2300.42602064868	8920.81601275123	504.432766812278	1304.2366332564	111.652744320357	99.08	DOWN_pEhEx_UP_CmasM
EHI_060020A	197.382200025906	2806.18337230802	-1.29409875749612	0.990567474660553	-3.82954548791675	214.656567997713	342.249827915799	7638.72090958785	326.694439311303	261.211591820103	9.31823627434525	217.062322895673	344.210416673659	7364.93374828832	329.282009985311	262.809376596368	9.58108271206177	99.06	DOWN_pEhEx_UP_CmasM
EHI_131230A	425.782875235283	1863.69864631941	-1.31928764842892	0.990347240367974	-2.12997876838005	938.971215256722	1379.67022865533	3194.49055103637	380.318282536601	726.126083611875	176.702924778121	949.494697585815	1387.57371236584	3079.99356782173	383.330578787358	730.567667516937	181.687315916591	99.03	DOWN_pEhEx_UP_CmasM
EHI_197990A	1889.26791047475	9052.25502494789	-1.22190970912257	0.990300972835035	-2.26044992977884	2970.33237293981	4309.66882194001	19354.7429018846	2071.14366284834	3196.80546801076	437.435948784712	3003.62225417394	4334.35689349828	18661.0298863799	2087.54807614335	3216.35975759599	449.775030718464	99.03	DOWN_pEhEx_UP_CmasM
EHI_191770A	4666.52228617211	11941.5018619281	-1.26952758067101	0.990265650560764	-1.35556460257864	8133.57699343041	7699.02875450007	19521.57137774	6313.38744829709	5434.92325447851	2299.04861468987	8224.73373218014	7743.13287959031	18821.8788932418	6363.39238945649	5468.16771187669	2363.89959299915	99.03	DOWN_pEhEx_UP_CmasM
EHI_025850A	5058.11755461728	19073.5237873429	-1.32129763000643	0.990117382932913	-1.91489893082338	9251.36418369711	10930.7643961017	36109.2209226518	7384.29150684084	6129.59483356184	1738.42219056132	9355.04847766188	10993.3816190827	34814.9936285585	7442.77850218642	6167.08847326402	1787.45916135529	99.01	DOWN_pEhEx_UP_CmasM
EHI_118270A	64475.835223145	13984.7204186638	1.80940670167921	0.989747456446517	2.20490714501179	6378.3656921645	21880.2714616186	13518.5781128293	30692.7262501818	109431.376370273	53271.6981708311	6449.85097047693	22005.6132755438	13034.0450123109	30935.826801626	110100.748605984	54774.3726773644	98.97	UP_pEhEx_DOWN_CmasM
EHI_144610A	2374.38059525865	833.129398179298	1.55544496558958	0.98912411907125	1.51093871514792	577.381248238878	1220.19085208817	694.861269386616	1596.71835544789	2870.28694747564	2630.5075574329	583.852225478931	1227.180753242	669.956040265918	1609.36510144062	2887.8439814351	2704.70824525632	98.91	UP_pEhEx_DOWN_CmasM
EHI_087570A	7790.20843704206	2870.46799089669	1.70765325694991	0.988376968852923	1.44037596201619	1230.1937357401	4624.36717723579	2722.82185762827	5721.36988008796	10568.0268035853	7052.76072299207	1243.98108281642	4650.85800808621	2625.23043153117	5766.68576899038	10632.6695410086	7251.70320282694	98.84	UP_pEhEx_DOWN_CmasM
EHI_122900A	190.229702628888	1523.59487665013	-1.21032991549881	0.987195731483752	-3.00166490917164	275.629064203226	774.322252698392	3427.18767859722	148.283382877292	395.890785153744	30.8492345657195	278.718165913052	778.757981747099	3304.35036108427	149.457855677579	398.312378564568	31.7194219244802	98.72	DOWN_pEhEx_UP_CmasM
EHI_075040A	9.4952548803651	316.476318391297	-1.81581216896459	0.984794708416388	-5.05874701098785	316.747439587749	531.382717232047	104.499490315137	4.53982001753198	5.42340567130496	18.1504019076149	320.297373844654	534.426759614392	100.754017853286	4.57577748643596	5.45657967769855	18.6623838260896	98.48	DOWN_pEhEx_UP_CmasM
EHI_157010A	502.69465249517	1487.19435070033	-1.19991884098362	0.983446638808604	-1.56483894781772	1668.16925501141	675.38515288557	2071.10042098404	630.090385120053	575.272482703656	305.860493659503	1686.86519519766	679.254117688376	1996.86800540831	635.080991651184	578.791322004253	314.488128635658	98.34	DOWN_pEhEx_UP_CmasM
EHI_030820A	2078.29487008817	1017.5868306952	1.38469757054491	0.983089695302062	1.0302484545283	1075.81319689101	1068.2194876122	897.038362785929	1664.86664370135	2169.25499941733	2375.3772551239	1087.87033025456	1074.33881608956	864.886698936596	1678.05315557604	2182.52394582876	2442.38129230003	98.31	UP_pEhEx_DOWN_CmasM
EHI_036630A	174.166636537855	8.77468975710938	1.39148228399548	0.983081939128751	4.31097635909995	3.85624933442296	3.85624933442296	18.1267104629918	189.518066127402	290.046462234222	46.1926015737908	3.89946809455958	3.8783399783792	17.4770126064918	191.019136641917	291.820624776314	47.4955907248555	98.31	UP_pEhEx_DOWN_CmasM
EHI_013220A	2077.07305107183	867.729838218015	1.37617019374506	0.982594129250532	1.25923411254099	533.524106348331	1203.30826244396	854.286850180874	1642.7847463261	2602.95993233377	1974.37981355382	539.503556425261	1210.20145115922	823.667486754078	1655.79635938649	2618.88177456187	2030.07261693559	98.26	UP_pEhEx_DOWN_CmasM
EHI_167310A	10201.0624843863	3971.40108874797	1.54360620259405	0.982268714800585	1.36099944563194	1958.45085947593	5790.61782562538	4104.07376205908	6808.29067805243	14992.8227572408	8781.87148155803	1980.40011913077	5823.7895594992	3956.97548233693	6862.21548110629	15084.531183302	9029.58827768252	98.23	UP_pEhEx_DOWN_CmasM
EHI_140640A	74.8235250787987	4.56218028447884	1.37069801293832	0.982077624366801	4.03569657147917	2.99596293419036	2.99596293419036	7.51318708106086	57.623967591191	137.200660386543	30.6900571163156	3.0295400689143	3.01312540081163	7.24389930532159	58.0803759983047	138.039892385903	31.5557544380877	98.21	UP_pEhEx_DOWN_CmasM
EHI_179390A	400.412364968166	84.3169707054726	1.36819812549408	0.981812079901149	2.2475915854774	61.4590848015459	111.203629848131	79.2279407838399	294.738919727482	496.768722135272	406.689982623709	62.1478850356345	111.84066329192	76.3882516186568	297.073387944276	499.807367916731	418.161790167583	98.18	UP_pEhEx_DOWN_CmasM
EHI_104360A	1632.71180287701	633.397283357355	1.36576012262586	0.981543722059975	1.36608757217237	526.445105398107	751.958169385571	612.904919777988	1123.91213333718	2117.90363924065	1644.52068459896	532.3452178551	756.265785089152	590.93717149674	1132.81403593006	2130.85847852935	1690.90890560684	98.15	UP_pEhEx_DOWN_CmasM
EHI_134810A	1155.98872461102	438.805021867921	1.26153653760827	0.980538564766255	1.39747538426309	227.416856002177	647.43120469187	435.479181257724	1088.66367090611	1311.10351932945	1063.06886651824	229.96562131744	651.140034435149	419.87072923378	1097.28638941528	1319.1233060039	1093.05564259742	98.05	UP_pEhEx_DOWN_CmasM
EHI_016010A	348.804882633839	2048.5763157823	-1.19220486550565	0.980273829341698	-2.55412949818159	664.361734797217	872.409386452857	4486.71081401397	534.879718243934	444.938902652955	73.5884626480037	671.807542360501	877.407010690527	4325.89805074114	539.11621236966	447.66051466134	75.6642272771231	98.03	DOWN_pEhEx_UP_CmasM
EHI_110740A	2075.99939557578	20087.6645039704	-1.37359951436076	0.980214619501234	-3.27443190984559	3193.69202943252	6695.39045680214	48993.0221594651	2628.24051010591	3404.09496119227	244.899031444121	3229.48520508073	6733.74520876513	47237.0134481521	2649.05738743791	3424.91720368179	251.807081006305	98.02	DOWN_pEhEx_UP_CmasM
EHI_006810A	1166.2457105214	443.447518024805	1.26777601779617	0.980111008858479	1.39503649791193	541.313324405624	437.205507859535	348.132302816851	867.162651635299	1144.68136878023	1467.92407554474	547.380071832303	439.710053176047	335.654539056002	874.030979886299	1151.68318080536	1509.33090434104	98.01	UP_pEhEx_DOWN_CmasM
EHI_142900A	43.7304442904316	10.636820942672	1.23586477811445	0.979879810909509	2.03957097307992	11.1228533552742	10.1214335155806	10.5007917755727	44.3569427968556	40.8116192715321	45.6313875450274	11.2475122892558	10.1794144615022	10.1244222229133	44.7082702470924	41.0612566766427	46.9185461135748	97.99	UP_pEhEx_DOWN_CmasM
EHI_019860A	73.2494718869176	12.6235598847083	1.10273021819466	0.979618142507791	2.5366995456848	17.4298070729628	11.9272970904059	8.45768443975181	55.6589669715991	56.4618385910104	105.944453309162	17.6251509384099	11.9956229818446	8.15454397404631	56.0998116672876	56.8072055998481	108.932907489575	97.96	UP_pEhEx_DOWN_CmasM
EHI_177520A	2108.8714214738	946.593955459703	1.10628342799118	0.979600126532478	1.15565352147083	464.238450188658	1302.45940153614	1055.5378856184	1680.66211066136	3008.42358049485	1639.27355001285	469.441384046124	1309.92058062794	1017.70527924777	1693.97372992134	3026.82557163153	1685.5137611835	97.96	UP_pEhEx_DOWN_CmasM
EHI_098470A	415.735842579919	26.2052281551964	1.09848007813245	0.979487566713535	3.9877405600465	1.11601644280497	55.298282330324	22.036289855966	49.3406239941826	1187.28459857625	22.036289855966	1.12852415243868	55.6150602563379	21.2464647901405	49.7314244986349	1194.54700696892	22.6578839128882	97.95	UP_pEhEx_DOWN_CmasM
EHI_169580A	966.435355191319	310.33493922927	1.09840984024326	0.979483958945352	1.63884710124767	383.254814065497	356.878386231729	190.340983583249	583.331482690367	772.187362211661	1517.51159190215	387.550127061067	358.922775139767	183.518778898586	587.951737142868	776.910694752798	1560.31717274186	97.95	UP_pEhEx_DOWN_CmasM
EHI_000130A	418.725359072825	104.077290214736	1.11144720324432	0.979350819231589	2.00834898875729	63.5689935787724	147.751646856557	99.5770911411209	253.79744162804	606.882786830178	393.522089520818	64.2814405310696	148.598046749718	96.0080473919544	255.807634450665	610.594980730218	404.622460486736	97.94	UP_pEhEx_DOWN_CmasM
EHI_103900A	20.5926150555525	185.554908267572	-1.18973774242575	0.979216016960514	-3.17164720895401	50.7452683978167	174.299250581465	323.787381557951	28.3489833244079	26.1140358989991	7.61529084476991	51.3139939631936	175.29772924623	312.18218886789	28.5735203506359	26.2737708047724	7.83010103113896	97.92	DOWN_pEhEx_UP_CmasM
EHI_001940A	1822.0784092534	712.426014221295	1.34107012034659	0.979135355066849	1.35477294128229	373.035816987002	1136.00525132977	621.653254674543	1443.1914076457	2113.68169266435	1893.85536002539	377.216600981651	1142.51289265771	599.371948429105	1454.62214938492	2126.61070705792	1947.27675011221	97.91	UP_pEhEx_DOWN_CmasM
EHI_087110A	6822.61838355657	20318.2444936147	-1.37851418860249	0.979083767185111	-1.57437832998753	11901.9145813058	14079.0728678242	34144.3348740525	9749.02564647971	7726.28221436801	3072.04856998156	12035.3048128099	14159.7252735649	32920.5330582414	9826.24242713923	7773.54250635286	3158.70413433282	97.91	DOWN_pEhEx_UP_CmasM
EHI_010030A	916.288020013398	264.074035089946	1.28073915064246	0.978963563187296	1.79485870056687	121.196270837458	406.454993658605	261.004372087658	720.047476041383	1212.47578494793	813.502247568189	122.554573194109	408.783383700452	251.649449062397	725.750584232713	1219.89228334021	836.449311964525	97.9	UP_pEhEx_DOWN_CmasM
EHI_114920A	2346.0717456237	574.60280906989	1.33861578968979	0.978960410481079	2.02961018241981	67.3124290452567	1028.2055832562	619.237199899178	1947.34459973116	3923.17706646898	1192.05255469055	68.066830400779	1034.09569084099	597.042489928996	1962.76846733379	3947.17444172985	1225.67766982461	97.9	UP_pEhEx_DOWN_CmasM
EHI_039020A	1362.91177548981	176.642163281918	1.33615725029144	0.978796289207749	2.94779052540623	62.6848418123227	284.195702871911	180.496409484183	351.056944757223	2945.68139150999	803.232025315713	63.3873796690701	285.823726773269	174.027054187355	353.837477713571	2963.69959985322	825.889389896103	97.88	UP_pEhEx_DOWN_CmasM
EHI_022970A	939.668070447845	454.269616718732	1.08726339874779	0.978561321541952	1.04860241165016	484.560718657118	456.887926442834	415.540943207469	802.73148676303	965.498413450789	1040.42712003641	489.991413525401	459.505223104868	400.647117841798	809.089490464072	971.404195256913	1069.77522349222	97.86	UP_pEhEx_DOWN_CmasM
EHI_040310A	1891.7483301192	707.152773824844	1.33221984687473	0.978555084413669	1.41962633687994	565.007869722568	1072.11015758276	482.341201511883	1495.29285732536	1627.83825714075	2516.40267335706	571.340172817928	1078.25177388377	465.053120182195	1507.13626658211	1637.79545378489	2587.38471964551	97.86	UP_pEhEx_DOWN_CmasM
EHI_090020A	18166.765205015	7204.42016238984	1.33020985187999	0.978441499826654	1.33434732760505	1723.92285845003	11852.3523931479	7914.50404687053	14532.5536955205	28389.6111032041	11680.1378495683	1743.24365491625	11920.2489615632	7630.83226179896	14647.6582251239	28563.2652971421	12009.6082059113	97.84	UP_pEhEx_DOWN_CmasM
EHI_181610A	89.7282002674519	353.294383219698	-1.06084570413066	0.978353924230881	-1.97723743343345	316.115216163577	217.052508903543	514.961514270865	112.631376122288	102.596438584529	54.519602509001	319.658064801749	218.295900935068	496.504255151245	113.523468581657	103.224002723345	56.0574775835648	97.84	DOWN_pEhEx_UP_CmasM
EHI_110570A	688.2199962918	213.984279385125	1.22486529567092	0.978054614603266	1.6853649991368	181.060652242528	275.659994364559	183.147766099656	454.164321890777	813.019486141429	789.108789732237	183.089882258751	277.239121194904	176.583380835123	457.761512840775	817.992581511018	811.367769677075	97.81	UP_pEhEx_DOWN_CmasM
EHI_198930A	1616.80993750791	777.42486161834	1.08263644918041	0.978033875650004	1.05637494407206	529.424850391967	942.743298009835	845.980795556262	1268.71936340582	2158.90704355976	1418.40462251233	535.358358221767	948.14383224204	815.659137876827	1278.76820606509	2172.11269336855	1458.41461917817	97.8	UP_pEhEx_DOWN_CmasM
EHI_025360A	777.602573934323	298.192467558639	1.08251246864941	0.97801913175975	1.38278917927882	339.90297194909	332.050562364825	220.745656624648	624.12916054218	668.867880146061	1025.43742525844	343.712420908539	333.952724313533	212.83368714549	629.072551424549	672.959225820207	1054.36270321823	97.8	UP_pEhEx_DOWN_CmasM
EHI_035670A	421.408720096619	104.83653363548	1.29412353328485	0.977997433559674	2.0070786101429	131.653790511761	92.1795103351049	89.5107282059696	300.38135811242	478.0025071704	480.77522198834	133.129295101781	92.7075635200212	86.3024832037722	302.760517044261	480.926363357836	494.336807112547	97.8	UP_pEhEx_DOWN_CmasM
EHI_158570A	9924.40059579892	2174.49590497217	1.3182556574028	0.977902724740405	2.19029897849865	386.28358598139	3628.50025849788	2469.09660686444	4701.80152634145	20339.4547699849	4846.65559046227	390.612843817034	3649.28623480654	2380.59920540562	4739.04196352249	20463.8675916463	4983.36881808231	97.79	UP_pEhEx_DOWN_CmasM
EHI_059870A	358.570476308594	957.478470545816	-1.070360389788	0.977427474157736	-1.4169833419578	959.336744513581	608.165076394704	1277.30602513547	506.930618026924	333.935466123646	236.360003852717	970.088472697046	611.648968903761	1231.52480143692	510.945742385112	335.978089884366	243.027186697435	97.74	DOWN_pEhEx_UP_CmasM
EHI_068170A	929.410727845892	386.757572794761	1.07737369050685	0.977397029229882	1.26488675721878	349.365995196503	461.555074013345	344.964412054562	615.809473081035	1157.92738133912	1005.34280840978	353.281500610405	464.199106575039	332.600191886859	620.686968200572	1165.0102168635	1033.70126253075	97.74	UP_pEhEx_DOWN_CmasM
EHI_039330A	585.860853080686	2541.96250168278	-1.07188888825409	0.977208849721658	-2.11731279012531	898.763817251246	1074.43185180441	5503.22501670077	709.665788901964	925.82475514465	133.725367100592	908.83667677579	1080.58676800279	5305.97833454697	715.286669341744	931.487860250178	137.497458228126	97.72	DOWN_pEhEx_UP_CmasM
EHI_083400A	235.909625341155	653.151440812129	-1.03815524909376	0.976052962055417	-1.46918325316829	573.872654258598	492.285742548888	874.608700458647	296.61027427849	253.21720200981	158.828264409885	580.304309071987	495.105816698737	843.260960937769	298.959564486644	254.766086527685	163.308451677059	97.61	DOWN_pEhEx_UP_CmasM
EHI_156330A	932.113538272959	4369.89432579133	-1.18239669956645	0.976032499577763	-2.22902079088146	1441.96970705	2091.59730207391	9324.80528310753	1303.91012682431	1295.36958240283	215.249652802772	1458.13052485215	2103.57908211274	8990.58545777939	1314.23769656448	1303.29312738786	221.321360236795	97.6	DOWN_pEhEx_UP_CmasM
EHI_031240A	396.846471897958	110.377126289405	1.0638705365799	0.9757119331231	1.84613974946698	121.982538910913	133.611958201244	75.1114185555796	226.538924506516	411.235734974003	544.786007133614	123.34965333554	134.377358449245	72.4192738482502	228.333217298306	413.751190709406	560.153192197071	97.57	UP_pEhEx_DOWN_CmasM
EHI_044610A	56.8227489829545	11.5103453418369	1.05904917142799	0.975057456840016	2.30353750930529	12.004792118661	12.979791462214	9.44216217822949	29.6609899006193	72.7560932858788	67.2943154015641	12.1393353460491	13.0541466003163	9.10373604512356	29.8959186242018	73.2011293481098	69.1925363267591	97.51	UP_pEhEx_DOWN_CmasM
EHI_194430A	156.807842876793	32.2695280281538	1.05762484319453	0.974851071950086	2.28075333653386	17.6328729421141	47.9036722011296	30.8660907942044	109.222567445509	211.848215745756	148.552650961342	17.8304926601655	48.1780898735932	29.7597878569742	110.087660567564	213.144053543914	152.742986339082	97.49	UP_pEhEx_DOWN_CmasM
EHI_087210A	158.713454770861	476.905943580426	-1.03445908392549	0.9748369300086	-1.58728032650055	417.8430975721	449.651662656584	552.908909483176	237.940669923587	119.471699699405	118.872293338042	422.526057371279	452.227506157005	533.091539196141	239.825269799073	120.202486804388	122.225412740382	97.48	DOWN_pEhEx_UP_CmasM
EHI_049000A	6021.46212386689	2947.11768488241	0.935414721973401	0.974773422142253	1.03080917132625	335.976015065422	5021.88327151568	3427.33908971255	6496.55761844497	8734.03290801254	2900.02127780809	339.741452812705	5050.65128564552	3304.4963453199	6548.01335185424	8787.45743147485	2981.82434007563	97.48	UP_pEhEx_DOWN_CmasM
EHI_098440A	305.399935600421	2111.80855399796	-1.39398913506343	0.974621182481829	-2.78970739008017	781.520038493687	1165.99758836954	4275.13176722075	388.653187355559	445.368660003354	87.5802570841043	790.278893058437	1172.67704173076	4121.90242364574	391.731499897643	448.092900760897	90.0506986903375	97.46	DOWN_pEhEx_UP_CmasM
EHI_012420A	208.007062780042	60.6667630138243	0.947521365495932	0.974563624084852	1.77765427431349	74.3504096408934	63.9519102878001	43.3576234310916	161.656512487117	171.835847389212	286.264497419573	75.1836888823692	64.3182607900559	41.8035987742943	162.936906643369	172.886936657732	294.339373520172	97.46	UP_pEhEx_DOWN_CmasM
EHI_017660A	463.464244102045	97.2753509058631	1.1371442954383	0.97452753462351	2.25231185574809	35.8858915143137	158.451539971474	96.2037338207724	302.439815215595	716.15835265172	371.853262589014	36.2880812077553	159.359234534318	92.7555980005273	304.835278077326	720.5389657221	382.34240479867	97.45	UP_pEhEx_DOWN_CmasM
EHI_187780A	218.700720717322	46.3186197066342	1.20991470467093	0.974327064249983	2.23929380790852	39.5337847012669	59.6811627586185	39.3017808105354	141.51626982162	257.796622856108	254.017884114103	39.9768580116582	60.0230481511491	37.8931257320881	142.637143964619	259.373518875545	261.183155952027	97.43	UP_pEhEx_DOWN_CmasM
EHI_011880A	61.2016209011006	18.8082318623808	0.929903806189014	0.974152289646782	1.7022056333047	14.9066834080425	22.6114947505017	18.6286575409164	54.1586003689079	66.5984429513622	62.3639638710002	15.0737494659589	22.7410253997243	17.9609688889398	54.5875614689356	67.0058137633893	64.1231106947939	97.42	UP_pEhEx_DOWN_CmasM
EHI_074380A	50.9715552494129	7.55083113540489	0.929674785639514	0.974117007580724	2.75498501489606	1.87062000986691	13.7658023185703	6.94006797449673	38.3575742482323	83.3658261221544	31.5251168653975	1.89158490878865	13.8446601442501	6.69132194326285	38.6613839318622	83.8757600301812	32.4143693400831	97.41	UP_pEhEx_DOWN_CmasM
EHI_010020A	1686.02112968269	309.251444152865	1.77172542710517	0.974096591345261	2.44677037917004	277.501776809594	377.141682531167	269.841992470576	781.543587679736	2490.86323198264	1771.36563358432	280.611866871033	379.302150360745	260.170311309245	787.733773445378	2506.09939866303	1821.33186463633	97.41	UP_pEhEx_DOWN_CmasM
EHI_076020A	880.047012245332	372.053204998294	0.929514088378558	0.974092284243515	1.24207164793015	184.325058300054	634.519610759065	295.062416704036	707.637913858268	961.486570867225	961.832864014186	186.390874016566	638.154476035905	284.486784679808	713.242732592177	967.367812946914	988.964000695153	97.41	UP_pEhEx_DOWN_CmasM
EHI_017750A	1458.38706680006	402.631624777458	1.77116414285386	0.97372969558774	1.85684127392734	311.066626033948	539.241365702146	353.427947520825	1124.40917001206	1604.50091528687	1629.81613213262	314.552892800224	542.330426596075	340.760377174827	1133.31500936471	1614.31536156808	1675.78957086623	97.37	UP_pEhEx_DOWN_CmasM
EHI_166850A	23.6508713301197	3.77605124046444	1.1404478021713	0.973657182845639	2.64694308827583	3.38834194039583	3.38834194039583	4.46609375046705	36.0719034453536	15.9834403658536	18.8765053286227	3.42631664713371	3.40775216232809	4.30601994432718	36.3576095617712	16.0812082233631	19.4089689876335	97.37	UP_pEhEx_DOWN_CmasM
EHI_069560A	1146.38704979356	507.499025050044	0.954742919447805	0.973413911530462	1.1756172614735	715.704516187653	459.0088573327	345.279296931836	758.772488229663	1064.70368915335	1591.85274700201	723.725745919273	461.63830381314	332.903790655149	764.782316382619	1071.21629195903	1636.75532422799	97.34	UP_pEhEx_DOWN_CmasM
EHI_172280A	148.079274127477	20.513171176251	1.14159424805686	0.973354361256326	2.85174728479397	8.3943267749325	32.9323995974697	19.9519055657425	92.2708648045746	236.320665359158	115.778861040682	8.48840585642647	33.1210538703245	19.2367890361539	93.0016926213474	237.766196772204	119.04472169193	97.34	UP_pEhEx_DOWN_CmasM
EHI_025450A	1114.2731561022	2347.26866050784	-1.39831631136866	0.973159489555331	-1.07488003493828	2406.33666401693	1912.72932979238	2672.6216352255	1468.89701890472	961.901954696316	910.589444834294	2433.30558590737	1923.68645910244	2576.82948633082	1480.53136094393	967.785737604893	936.27512018639	97.32	DOWN_pEhEx_UP_CmasM
EHI_092080A	1826.42337809774	7275.02425970811	-1.09332714279573	0.972981287705488	-1.99393082772758	2719.48911194989	3124.32252948337	15560.3322310904	1720.03981152579	3381.31826346263	414.901337395079	2749.96767737209	3142.22030802876	15002.6185456643	1733.66332034282	3402.00118494947	426.604768744889	97.3	DOWN_pEhEx_UP_CmasM
EHI_134740A	161.849851959394	39.084028320099	0.922159528893141	0.972649136556043	2.0500049698948	56.1037453349688	30.7000628984614	30.1151096559761	67.5662507094633	224.949613776762	190.927037493838	56.7325258162395	30.8759291612754	29.0357233971347	68.1014065855689	226.325590492859	196.312658784338	97.26	UP_pEhEx_DOWN_CmasM
EHI_112800A	358.014082448791	117.438344604647	0.958657203511079	0.972517609939153	1.60811279947463	85.1987569498101	172.200366599591	94.0724258016643	270.656978903572	374.612657066303	423.896573246629	86.1536186097353	173.186821742346	90.7006803587237	272.800707039267	376.904095957993	435.853739920421	97.25	UP_pEhEx_DOWN_CmasM
EHI_135060A	2609.9527154204	814.489975947299	1.52789695149564	0.972252647441809	1.68005482118507	349.630151044435	1159.52082420643	918.981472926974	2044.44116812678	3785.97889732785	2002.57878587477	353.548616974435	1166.16317522319	886.043323760701	2060.63408534487	3809.13705582786	2059.06701869229	97.23	UP_pEhEx_DOWN_CmasM
EHI_169280A	1468.64508863432	696.751919478144	1.14593750409205	0.97221995817778	1.07576882079139	599.264839445287	914.653026773247	570.518720503821	1164.58685597915	1482.24255272547	1739.02729405907	605.981076158278	919.892645015144	550.070179078656	1173.81092113991	1491.30916638137	1788.08133345853	97.22	UP_pEhEx_DOWN_CmasM
EHI_137720A	2513.63747919822	972.623665275265	1.2014047608464	0.971982486405452	1.36982299710724	1495.24088249059	834.459720489288	585.875193502788	1586.09063436766	2163.97272742404	3730.14710543968	1511.99873486024	839.239948888059	564.87624511817	1598.65320390652	2177.20936311865	3835.36614581997	97.2	UP_pEhEx_DOWN_CmasM
EHI_133530A	234.135893555374	1127.57815617253	-1.02690013318049	0.971441920756449	-2.26780941002394	303.561789110102	584.948705425734	2428.74276286024	286.245374536858	368.937834620003	51.9243261477857	306.963945716803	588.299602233385	2341.69172454626	288.512569957397	371.194561633672	53.3889943271441	97.14	DOWN_pEhEx_UP_CmasM
EHI_174910A	1364.05483568628	559.1114823238	1.19803443158455	0.971106987538548	1.28669376396134	435.017285834407	679.752693028661	554.312480136944	943.338189062416	1824.89571701256	1316.12801249232	439.89272466144	683.646677420684	534.444803047301	950.809862712067	1836.05827903593	1353.25301656793	97.11	UP_pEhEx_DOWN_CmasM
EHI_112880A	423.50250215806	130.70221280981	0.915788567931652	0.971007151322763	1.69608692698081	96.9002365401927	213.791873732079	81.3736931185082	269.241538304667	386.132152712654	605.715047170797	97.9862420644801	215.01658711386	78.4570958626231	271.374055497829	388.494054307188	622.800903091672	97.1	UP_pEhEx_DOWN_CmasM
EHI_001130A	617.282978393864	3891.89309944989	-1.16930380667011	0.970759208587212	-2.65646816880514	932.098785159691	1315.67283213366	9171.69143262586	628.858147734587	1144.10679724921	93.006173407239	942.54524500342	1323.20970477261	8842.95951646146	633.838994377154	1151.10509472264	95.6296678804412	97.08	DOWN_pEhEx_UP_CmasM
EHI_117850A	6699.11370265013	3023.5630044446	1.15322781678711	0.970458794384758	1.14772059673519	668.32876598783	5392.75103646385	2971.97226428754	5719.84360201228	9681.68187663228	4718.29338718669	675.819033894471	5423.64357809174	2865.45078519031	5765.14740208822	9740.90300002629	4851.38580643966	97.05	UP_pEhEx_DOWN_CmasM
EHI_009940A	310.429940430412	62.3212763044848	1.15458665140227	0.970162582302829	2.31647102528199	80.6835224673428	64.2730864914252	41.7505483441963	124.53922011422	382.954840698734	417.91781596418	81.587779817449	64.6412768615282	40.2541244992684	125.525628191477	385.297307241669	429.706335373898	97.02	UP_pEhEx_DOWN_CmasM
EHI_023400A	741.96418933469	2073.61939858529	-1.10715392106409	0.969998720772641	-1.48272965730169	3455.47053082754	1679.58892471249	1086.27236249195	826.629398790411	324.86423525716	1057.55765879641	3494.19757855703	1689.21050197864	1047.33817049241	833.176684979585	326.851371914573	1087.38897613055	97	DOWN_pEhEx_UP_CmasM
EHI_014400A	1301.51476859149	606.559586078013	1.15537584458423	0.969996874817766	1.1014704002064	638.204201143225	676.821173590111	499.079245872925	1049.43857011759	1247.99575497176	1587.63507401085	645.356849194579	680.698364682078	481.191239280152	1057.75060773272	1255.62952269333	1632.41868019032	97	UP_pEhEx_DOWN_CmasM
EHI_161170A	249.423399621686	1224.93543039054	-1.16698786561013	0.969957034313792	-2.29603698006876	674.22968449849	540.028295146235	2397.53846771339	358.670909465047	314.150654769899	79.5211559815041	681.786086713258	543.121863989899	2311.60585426265	361.511748534448	316.072258363933	81.7642685145469	97	DOWN_pEhEx_UP_CmasM
EHI_050520A	1573.48398732705	781.95746674159	1.03330333848463	0.96968040331321	1.0088004552069	453.13077484887	1096.93670493171	784.458840215666	1289.76197690746	1952.48556358454	1470.63316759234	458.209219879356	1103.22054087948	756.342253478037	1299.97748677329	1964.42856997118	1512.11641376776	96.97	UP_pEhEx_DOWN_CmasM
EHI_050000A	74.886255297764	17.1898474219179	1.0325731296913	0.969477233574491	2.12314420978475	21.1562046195384	15.2897724807281	14.9243759002584	46.9849143071993	95.7682764459209	81.1658479825801	21.3933119364049	15.3773604167644	14.3894561721702	47.357056504166	96.3540739332691	83.4553535690823	96.95	UP_pEhEx_DOWN_CmasM
EHI_006770A	8.08449621356159	106.594430124531	-1.11071433823291	0.96928797672449	-3.72083036997195	150.477466593371	150.502279518667	20.3038482384201	2.97951150103355	2.97951150103355	17.891855857715	152.163936779988	151.364436496373	19.5761173737309	3.00311060666631	2.99773664213041	18.3965447750035	96.93	DOWN_pEhEx_UP_CmasM
EHI_091130A	12.1846009649062	79.6730864256819	-0.848411759767326	0.968972767187362	-2.709033459195	62.1730631741139	105.309832822524	70.6822455711393	1.84143919726991	28.4657914210462	6.37738448159127	62.8698652922486	105.913103467191	68.1488513552427	1.85602424522747	28.6399115964181	6.55727612026435	96.9	DOWN_pEhEx_UP_CmasM
EHI_103510A	3952.98597502007	1408.34559148561	1.44773112637336	0.968952614637836	1.48894143870675	627.487271433958	2217.74434959539	1362.01470583726	2640.73394944313	5765.38110744808	3443.56594061226	634.519809924353	2230.44876690979	1313.19735220266	2661.64978057831	5800.6469166668	3540.70117241829	96.9	UP_pEhEx_DOWN_CmasM
EHI_174220A	661.045676739409	296.167688996385	0.908343679179064	0.968855666088901	1.15833570656982	332.035947633318	328.797180592923	225.578493268954	505.336577090803	626.852012498349	839.89809229008	335.757227232488	330.680705443212	217.493305178784	509.339075909395	630.686354594586	863.589723957668	96.89	UP_pEhEx_DOWN_CmasM
EHI_111550A	794.183375648274	2810.31831148063	-1.16307437841402	0.968733649488353	-1.82318948007324	1326.26329870372	1755.7736774439	5216.18083459965	1168.05809743673	944.825443310914	281.587256438426	1341.12734156345	1765.83168142978	5029.2223947727	1177.30965643124	950.604772241269	289.530198115595	96.87	DOWN_pEhEx_UP_CmasM
EHI_112990A	528.360651402801	1538.6726874571	-0.854346162051798	0.968634178673489	-1.54209143461999	449.219740054493	1011.33482065969	3075.25979505374	708.845227844861	744.283198654561	141.605107845926	454.254352318992	1017.12828355752	2965.03628256888	714.459609062517	748.835846397924	145.599468695333	96.86	DOWN_pEhEx_UP_CmasM
EHI_148240A	1005.29568346974	327.030199877674	0.972102436828646	0.968574247641284	1.62012412388793	558.399012643676	259.351079663334	163.664380829134	751.905603966835	552.769600218529	1680.06728465045	564.657247237727	260.836780369813	157.798319382013	757.861043228514	556.150793395513	1727.45819510743	96.86	UP_pEhEx_DOWN_CmasM
EHI_086230A	2199.95239938945	4580.78366533914	-0.855570112343803	0.968495195107163	-1.05812212260151	1710.1013538367	4152.98890919047	7695.81265394596	2205.83471241307	3490.64729278631	932.328096354954	1729.26724634293	4176.77943500741	7419.9792094	2223.30594095795	3511.99896047021	958.626970057546	96.85	DOWN_pEhEx_UP_CmasM
EHI_012570A	295.288839975825	112.254863912179	0.907096933830364	0.968489793945308	1.39534887575669	117.277419621874	123.229229847646	95.1222395039755	218.806367244164	317.210558657123	345.964364338894	118.591801610309	123.935152314139	91.7128666209371	220.539414615159	319.150879138161	355.723239094377	96.85	UP_pEhEx_DOWN_CmasM
EHI_073540A	7.082506410746	56.3868849996062	-1.02176200217442	0.968408302005571	-2.99302773827116	35.1277261013294	29.8055897431944	101.650524574299	11.2903414048017	6.81346836513535	3.22346485187395	35.5214186862373	29.9763319887866	98.0071647896955	11.3797661173257	6.85514513740844	3.31439152817558	96.84	DOWN_pEhEx_UP_CmasM
EHI_103430A	129.384353346872	567.461368423087	-0.839574183495963	0.968405856172018	-2.1328590196004	149.685341775543	248.831631280561	1269.10669851379	137.204164251424	228.199688180842	25.4883999263742	151.362934254955	250.257071000602	1223.61935521576	138.290884528993	229.595545023117	26.2073702257415	96.84	DOWN_pEhEx_UP_CmasM
EHI_093740A	1103.55170471407	2717.82394117365	-0.856686712562737	0.968349224058859	-1.30029777650775	1063.66107964322	1797.05231613388	5160.66046592237	1330.0931931076	1631.78426099671	366.609124049192	1075.58201863889	1807.3467860822	4975.69198806868	1340.62814481183	1641.76559464351	376.950340933336	96.83	DOWN_pEhEx_UP_CmasM
EHI_088070A	73.9946959056032	312.565173237168	-0.838676246487648	0.968275397332899	-2.07866327457766	147.485726201397	161.088938393162	613.079531192307	106.914836118962	92.7757755831814	23.5040663162659	149.138666577263	162.011741374693	591.105524485857	107.761650944281	93.343268475821	24.1670630380911	96.83	DOWN_pEhEx_UP_CmasM
EHI_099860A	209.344939759054	33.7683819368003	1.18245220938967	0.968226957395211	2.63213708879008	15.0391954219335	46.8431820194546	38.7593762809315	151.383833980267	320.280747560504	156.776144235782	15.2077466029441	47.1115246410097	37.3701620746137	152.582863783627	322.239847840155	161.198445819265	96.82	UP_pEhEx_DOWN_CmasM
EHI_095830A	374.911186577283	124.63267569513	0.973316436403397	0.968195746921789	1.58886651536167	66.6156457385562	171.749964110776	133.418421452924	360.97888894991	440.049506481131	322.81396237687	67.3622379230452	172.7338391089	128.636436182483	363.838008281576	442.741210924105	331.919816484639	96.82	UP_pEhEx_DOWN_CmasM
EHI_002190A	109.596841259051	552.350562445524	-0.85775045425829	0.968193001707342	-2.33337798015583	78.8296445359903	309.558025470311	1235.07630960339	80.619920031474	234.213120108254	16.5061368685871	79.7131246233499	311.331338223565	1190.80868406805	81.2584669906879	235.645760042427	16.9717377772392	96.82	DOWN_pEhEx_UP_CmasM
EHI_129910A	410.713080148331	111.662575018946	0.906064355820071	0.968188310060612	1.87898516295547	178.70738432758	101.459529124615	55.0078760494103	273.28802573442	250.283053943597	695.561908776049	180.710240187794	102.040743185089	53.0362828453988	275.452592974801	251.813990800425	715.182142106732	96.82	UP_pEhEx_DOWN_CmasM
EHI_197440A	577.89225372868	1613.02806174091	-1.11735069213519	0.968062990420457	-1.48089910041739	1263.89645607803	999.016619453711	2516.71821065789	793.704536203304	650.109465472191	295.384924853488	1278.06152504418	1004.73951715374	2426.51395488753	799.991042291489	654.086069265305	303.717067650367	96.81	DOWN_pEhEx_UP_CmasM
EHI_025600A	56679.745311603	155512.157495271	-1.41404219021874	0.967994780782557	-1.45612218984802	108669.591951516	97789.0280965485	253953.644292797	64783.0177834464	77763.1744266503	28083.5969066921	109887.502055713	98349.2155780021	244851.433569883	65296.1291707831	78238.8379122835	28875.7718621086	96.8	DOWN_pEhEx_UP_CmasM
EHI_171280A	1899.07374486072	938.292328814505	1.17552754359643	0.96783388562099	1.01718655390151	616.276447488599	1323.07301684394	864.630583464598	1561.15072003836	2164.07107226802	1956.38593388876	623.183341118143	1330.65228167059	833.640479778207	1573.51575395015	2177.30830952052	2011.57117049164	96.78	UP_pEhEx_DOWN_CmasM
EHI_062500A	217.862652183445	56.2615916077666	1.1741809652979	0.967829108639927	1.95319662759401	43.0841905223664	67.4537966701919	57.3575869530402	187.515961383873	251.405971328331	213.262164891309	43.5670548639548	67.8402078372388	55.3017753719215	189.001174305183	252.943776870771	219.27780977206	96.78	UP_pEhEx_DOWN_CmasM
EHI_026310A	143.898470805402	398.248457712925	-0.834957579268991	0.967621774547914	-1.46861751388719	343.427147047374	250.958753838299	586.906707303783	176.163538077869	171.665799644354	84.8661360299072	347.276093058244	252.396378845909	565.870787384433	177.558834569357	172.71584876111	87.2600184000764	96.76	DOWN_pEhEx_UP_CmasM
EHI_155310A	489.778839362215	173.464828202517	1.02574403322949	0.967551291661518	1.49748727333029	203.64900164326	176.394926672368	138.832436279591	328.799042085089	527.763018800271	605.254952727495	205.931389681688	177.40541048264	133.856401800104	331.403282183986	530.991251173264	622.327830421389	96.76	UP_pEhEx_DOWN_CmasM
EHI_120600A	1818.88793761115	4807.40085951864	-1.41760161546338	0.967094129352718	-1.40220044520801	2735.76648961477	5446.98398399201	6119.5412577438	3117.56069866145	1222.5146153853	1126.14562492434	2766.42748309593	5478.18720074245	5900.20455867549	3142.25321762596	1229.9925195151	1157.91165415418	96.71	DOWN_pEhEx_UP_CmasM
EHI_087730A	4.08484537989876	17.2545925689648	-0.863456901476243	0.96708568147668	-2.0786270325205	12.2117047128746	13.5220629441741	25.4555916838224	5.17539964538284	4.37422652013683	2.72191375067978	12.3485669048843	13.5995245012853	24.5432119452767	5.21639119815275	4.40098288455814	2.79869280114317	96.71	DOWN_pEhEx_UP_CmasM
EHI_087790A	22.2961058679622	137.939111742048	-0.86355323538184	0.967063283415798	-2.62916791870421	52.7241830058135	63.217676423242	290.082453593326	27.7932965869843	33.3060716071423	6.19134202186142	53.315087177488	63.5798208440243	279.685313489355	28.0134323178957	33.5097989141898	6.36598582217064	96.71	DOWN_pEhEx_UP_CmasM
EHI_134840A	120.283145850478	33.0214924923274	0.901376260195752	0.966857307716063	1.86495727214927	22.66055503726	44.8005828093172	31.1869666923841	79.953621800936	160.149046816257	119.925082939328	22.9145223012477	45.0572243379234	30.0691629158993	80.5868913707792	161.128650007499	123.307899162849	96.69	UP_pEhEx_DOWN_CmasM
EHI_110180A	225.165501953196	920.168618953792	-0.830414207303157	0.966581694436784	-2.03091244998983	151.749335484196	428.130796962271	2122.09281698283	196.692161985843	451.45818473822	32.5884291102047	153.450060090522	430.583357515856	2046.03273110555	198.250054649197	454.219674033809	33.5076752261223	96.66	DOWN_pEhEx_UP_CmasM
EHI_159750A	211.82215143273	610.878284734274	-0.866302814446116	0.966386178999447	-1.52803148901532	380.201133382448	422.577575657656	1005.65171981133	291.487601241484	246.151387520044	100.140731929134	384.462222373932	424.998324410704	969.607134221416	293.796317515932	247.657051709353	102.965476213668	96.64	DOWN_pEhEx_UP_CmasM
EHI_123020A	4.69401461802205	33.6562808546635	-0.866416700448809	0.966356431191653	-2.84198152246206	54.3971071029401	38.470946300958	8.47006461405998	2.32285697961074	2.32285697961074	9.24263446187042	55.0067605045036	38.6913283104427	8.16648041794197	2.34125507849797	2.33706548197315	9.50334834289822	96.64	DOWN_pEhEx_UP_CmasM
EHI_012020A	765.915573648948	2923.84068100368	-1.12973055708512	0.966281482377474	-1.9326074227763	1400.4771238763	1418.99753049639	5799.41514048911	953.711589763162	1120.75433655321	236.2644088092	1416.17291521255	1427.12630187566	5591.5524070151	961.265425531947	1127.60979118446	242.928895133256	96.63	DOWN_pEhEx_UP_CmasM
EHI_176820A	2879.04173269939	772.358463577251	1.75374944689444	0.9659635006799	1.89824621616857	850.978882078659	896.640458885119	564.959884054129	1495.27171841138	3387.53140791042	3705.43660627446	860.516193854012	901.776891573011	544.71058253702	1507.11496023818	3408.25233409507	3809.95861918211	96.6	UP_pEhEx_DOWN_CmasM
EHI_113950A	286.948263205641	1820.40984653579	-1.13399549009272	0.965891973420394	-2.6654007474975	535.659552574628	884.207742203487	3934.94564545631	135.509815938705	681.626847536709	50.230930407834	541.662935579705	889.27295368813	3793.90925848932	136.583116195981	685.796237541567	51.6478317110597	96.59	DOWN_pEhEx_UP_CmasM
EHI_017690A	545.598464083889	1458.18106152064	-1.14761959983948	0.965855153860845	-1.41825838127306	1442.0778789666	826.618190541773	2059.40863368731	607.222953695162	707.198733905138	326.091862189788	1458.23990910118	831.353498492949	1985.59527534543	612.032439619925	711.524542583666	335.290178461389	96.59	DOWN_pEhEx_UP_CmasM
EHI_116360A	124190.164041085	271700.526624467	-1.1401358702317	0.965615826243082	-1.12946644637294	146407.878737385	214598.672000133	443555.11481444	166521.332832784	146791.228901916	60554.2854913342	148048.739180921	215828.007150825	427657.205046261	167840.258610472	147689.124700469	62262.3853678835	96.56	DOWN_pEhEx_UP_CmasM
EHI_062790A	375.103011461815	115.495398887343	1.0178651021616	0.965468464564308	1.69945146690607	151.012216244092	110.484105450314	84.2422854314316	277.746307739877	334.69956095322	505.571345288391	152.704679616026	111.117017076266	81.2228720423776	279.946186630491	336.746858545901	519.832373149046	96.55	UP_pEhEx_DOWN_CmasM
EHI_006680A	42.3358038385969	2.03942292261159	1.85198014954596	0.965299731572298	4.37564539361561	1.69524393944808	1.69524393944808	2.67205937859888	49.2660035354011	56.6915514129099	21.4721246897481	1.71424331807696	1.70495519695185	2.57628738211552	49.656213011395	57.0383235341593	22.0778049192186	96.53	UP_pEhEx_DOWN_CmasM
EHI_048140A	719.727906971636	237.30507148823	0.893979337995561	0.965009033292009	1.60070866602956	106.174625912353	273.520178824384	325.495012091017	502.055750686358	1289.90473479111	374.508096725976	107.364573784484	275.087047655017	313.828614479122	506.032263846275	1297.79485227679	385.072125821421	96.5	UP_pEhEx_DOWN_CmasM
EHI_100810A	35.8215982080885	161.257253196292	-0.824774305161992	0.964994625479576	-2.17046244221331	162.172226920418	81.4292456846661	234.753163615513	70.7997517770383	19.7372073823016	17.2783401605875	163.989765665523	81.8957156449947	226.339136838896	71.3605184733173	19.8579363639738	17.7657231832061	96.5	DOWN_pEhEx_UP_CmasM
EHI_118670A	228.431763743045	47.8387545338733	1.01470065265622	0.964756563061758	2.25551153827929	18.9704011146044	80.7891146626932	43.2767709605482	157.669574422795	318.14021127826	208.600187026847	19.1830111261379	81.2519176126016	41.7256442193386	158.918390190274	320.086218278777	214.48432802228	96.48	UP_pEhEx_DOWN_CmasM
EHI_185410A	458.68712599503	935.186423145056	-0.823914378424669	0.96473363293805	-1.02774356949374	788.469709579666	699.430511680707	1289.57280882908	600.605128729934	482.392599614712	295.315516331042	797.306452305073	703.437221067402	1243.3519188663	605.362198427957	485.343309215601	303.645701269981	96.47	DOWN_pEhEx_UP_CmasM
EHI_154330A	44.8247842490036	265.301818366036	-0.872499969294002	0.96459006693343	-2.56526601953151	92.1047709112111	149.561091191158	539.980611198495	28.8735996222852	95.1971045353711	11.2896328931525	93.1370314463163	150.417856542329	520.626617192606	29.1022918516147	95.7794082658881	11.6080879850525	96.46	DOWN_pEhEx_UP_CmasM
EHI_155680A	573.703674789486	185.42262428093	0.891813494127327	0.964553212638755	1.62948847436047	39.9375293241195	344.623912397829	169.882435102809	472.147988445644	822.903939338768	427.183294877257	40.3851275862186	346.598101172302	163.793506051472	475.887618331202	827.937496147799	439.233172558469	96.46	UP_pEhEx_DOWN_CmasM
EHI_197120A	66.0973656663292	312.935633463428	-0.822995941492917	0.964446947126299	-2.24320126635767	85.4138758197211	185.040578280652	651.067306889258	62.1078566548123	121.350922482472	16.1322907775105	86.3711484157744	186.100588974402	627.731741697395	62.5997795318722	122.093204458464	16.587346330754	96.44	DOWN_pEhEx_UP_CmasM
EHI_141810A	664.71111830279	291.333560385701	0.987747084362944	0.964361596114598	1.1900555819854	240.299091191849	369.586702827687	260.852639325377	549.987345558191	706.648409396766	730.400909664954	242.992233642615	371.703891721633	251.503154708293	554.343499061881	710.970851838308	751.00387266761	96.44	UP_pEhEx_DOWN_CmasM
EHI_000620A	42.4218306384083	10.9101800739501	1.0119305248749	0.964218764390683	1.95913196541359	9.86229655596824	12.3093720512136	10.4087860412214	30.9472823960205	51.7300677087147	44.2258819666019	9.97282785005336	12.3798866709196	10.0357141596158	31.1923991495747	52.0464913179589	45.4733943914368	96.42	UP_pEhEx_DOWN_CmasM
EHI_015440A	517.557353557779	232.289391598392	0.843693201876446	0.964165053428253	1.15579547559555	172.852404374879	302.333868490731	218.730464261079	398.744168936718	619.578507124725	530.234470447159	174.789640781517	304.065797436591	210.890723339978	401.90240670822	623.368358484257	545.191189466535	96.42	UP_pEhEx_DOWN_CmasM
EHI_040280A	207.815405904169	80.4936425022807	0.837851095561077	0.964138249537524	1.36835586217864	93.8546729005426	78.888784361674	67.9003341558589	182.503650600971	185.162962933658	252.679528186426	94.906545392184	79.3407012104934	65.466649254963	183.94916370854	186.295571793939	259.807048020898	96.41	UP_pEhEx_DOWN_CmasM
EHI_092110A	1365.44286517159	380.978934440527	0.989886599466276	0.963981233756335	1.84158581428675	640.644825765814	369.414077005737	135.434071357306	499.891984377024	871.871323601106	2669.1470965021	647.824827019983	371.530277007306	130.579841129623	503.851359509556	877.20440517687	2744.43771861141	96.4	UP_pEhEx_DOWN_CmasM
EHI_178460A	477.390346955021	968.599550110977	-0.874394206156864	0.963978429051234	-1.02073093806606	778.395866600511	813.912280636545	1286.44662616664	562.263686653365	543.586007772611	328.011700831759	787.119707133759	818.574802388616	1240.33778489461	566.717074442	546.911026550521	337.264171423252	96.4	DOWN_pEhEx_UP_CmasM
EHI_185240A	68.4280650841917	307.477248301797	-0.821396103123641	0.963941152850559	-2.16781960406939	112.986630172201	151.464758876708	640.849120803489	83.767011079525	104.699859370313	18.0869319440522	114.252923309543	152.332429447279	617.879796006472	84.4304844516939	105.340289759383	18.5971235179453	96.39	DOWN_pEhEx_UP_CmasM
EHI_151550A	22.2919655168267	3.8674204099547	1.0102521000673	0.963937935433401	2.52708031986712	3.28420634186622	3.28420634186622	4.93313516852184	15.0061457135417	36.4105182976419	15.5449084915427	3.32101395304978	3.30302001979139	4.75632165614424	15.1250013104111	36.6332349520848	15.9833953147284	96.39	UP_pEhEx_DOWN_CmasM
EHI_166410A	27.8347594532859	5.42076961135729	0.833131269186299	0.963906380941178	2.36031801833258	2.24672812364764	9.98941210022051	4.00627436261685	37.4350522508423	17.0398329607143	28.7776247908794	2.27190823920743	10.0466367573681	3.86268141058856	37.7315551346638	17.1440625835462	29.5893767082514	96.39	UP_pEhEx_DOWN_CmasM
EHI_046600A	163.33781755029	50.5178221796675	0.832248810665064	0.96384235851075	1.69299450519401	29.8619047432442	75.6861145838541	45.4724602402262	120.333924790436	203.158687751416	165.302100238082	30.1965808459537	76.1196848394852	43.8426355675051	121.287024988689	204.40137325474	169.964899818971	96.38	UP_pEhEx_DOWN_CmasM
EHI_148470A	861.322661177719	329.667111208727	1.00928740183507	0.963794255097448	1.38554382302374	284.830601911892	337.879954983694	360.035760667475	532.205589914807	1319.08208453877	731.391163439031	288.022829487457	339.815510788883	347.131352973284	536.420903710504	1327.15067467535	752.022059268167	96.38	UP_pEhEx_DOWN_CmasM
EHI_009620A	795.072276220719	341.149148915699	0.887539741963109	0.963792446435953	1.22068339773998	498.886482401705	285.741803811852	236.886691820303	635.122988803695	630.448491133249	1103.00872872083	504.477732694018	287.378684600414	228.39619509045	640.153455877702	634.304832248638	1134.12211826995	96.38	UP_pEhEx_DOWN_CmasM
EHI_049660A	196.710470891761	72.7398692235347	0.831197783535021	0.963753825549817	1.43525551713141	58.1349692791964	91.743802059006	67.4431419967912	147.816990219956	233.191531151593	207.356077935035	58.7865146215578	92.2693592755444	65.0258437848293	148.987768975234	234.6179222081	213.205125417781	96.38	UP_pEhEx_DOWN_CmasM
EHI_151350A	118.219955254752	34.0682243201051	0.853084724245962	0.963745975921451	1.79497492027792	21.7397651600514	52.612715957133	27.6058283433138	100.428093753984	116.914687850706	135.839787686266	21.9834127083289	52.9141095328557	26.6163797868217	101.223530587229	117.629834169703	139.671521851647	96.37	UP_pEhEx_DOWN_CmasM
EHI_006960A	26.9137790894587	9.47693308766229	0.854268001561558	0.96366726510955	1.50585282401523	9.07793651572942	9.50351153853558	9.69191321837725	23.5173475812052	31.1857975931105	25.8808648029554	9.17967712604385	9.55795269924005	9.34453550435575	23.7036158233579	31.3765555617089	26.6109056516951	96.37	UP_pEhEx_DOWN_CmasM
EHI_017890A	40.9467901044098	14.0862644122567	0.829838038084986	0.963626295850367	1.53946129191283	12.8764374950068	15.7023085876958	13.4840099993613	32.0781218687721	48.312511466983	42.1174993085438	13.0207496530779	15.7922597496203	13.000715889738	32.3321953926431	48.6080304934826	43.3055390118573	96.36	UP_pEhEx_DOWN_CmasM
EHI_191530A	40.9467901044098	14.0862644122567	0.829838038084986	0.963626295850367	1.53946129191283	12.8764374950068	15.7023085876958	13.4840099993613	32.0781218687721	48.312511466983	42.1174993085438	13.0207496530779	15.7922597496203	13.000715889738	32.3321953926431	48.6080304934826	43.3055390118573	96.36	UP_pEhEx_DOWN_CmasM
EHI_156310A	892.516950496058	260.983948091875	1.0068069582344	0.963484034394924	1.77391849270006	217.488172879359	290.743539424024	270.365785838891	302.486915245349	1686.11596408387	690.349425160623	219.925662875745	292.409072810224	260.675330866981	304.882751161044	1696.42963508008	709.822626079846	96.35	UP_pEhEx_DOWN_CmasM
EHI_126980A	124.125552476698	19.2186060097648	0.857711161263822	0.963425717331544	2.69122453764434	41.5280842705313	2.32775610700339	13.6321978790826	71.6002830226275	224.641901997502	76.969204445227	41.9935086135581	2.34109073008333	13.1435924170212	72.1673902956824	226.015996495459	79.1403321787019	96.34	UP_pEhEx_DOWN_CmasM
EHI_183900A	268.004190398567	779.496314670494	-0.819615227183308	0.963365882249777	-1.54028664389566	400.508166698596	445.883128517256	1454.85207656768	369.363651234936	343.176312684669	95.5108096490245	404.996845953538	448.437383852938	1402.70724435445	372.28918175206	345.275461057686	98.2049542640075	96.34	DOWN_pEhEx_UP_CmasM
EHI_013340A	152.621250598435	60.1565306942979	0.85901484755493	0.963333018863093	1.34316258096166	56.2862711284743	66.8623735241568	56.520445499529	133.911910031296	160.456397505349	162.057249316816	56.9170972602733	67.2453967053621	54.4946387562459	134.972554136619	161.437880706006	166.6285189686	96.33	UP_pEhEx_DOWN_CmasM
EHI_164840A	37.3093748871201	10.3817326587039	0.859341182327259	0.963309909542827	1.84549094592177	12.2453526518673	6.91533298111187	11.7595181811693	30.2875081427059	49.7029154230757	31.8657105272544	12.3825919518071	6.95494768064931	11.3380333358425	30.5273991797988	50.0069393028952	32.7645703812865	96.33	UP_pEhEx_DOWN_CmasM
EHI_138790A	91.8528010825302	19.9975931913955	0.995683327753611	0.963284606466913	2.19949734247449	24.4817614373619	21.9691151157265	13.4620236904496	65.232309886876	73.6954591454645	134.46838325553	24.7561397992169	22.0949658732808	12.9795176144743	65.7489798749447	74.1462411413247	138.261433193696	96.33	UP_pEhEx_DOWN_CmasM
EHI_172960A	582.980701250914	264.628957460694	0.82666783297995	0.963260202643285	1.13947718630138	221.249533727409	316.888618743157	252.183310859651	379.030601150302	784.16702002903	581.755034513	223.729179025016	318.703925027414	243.144552456955	382.032698370432	788.963630003041	598.165032493668	96.33	UP_pEhEx_DOWN_CmasM
EHI_004490A	1771.71897226939	671.504003708032	1.00414291447813	0.963253989205454	1.39968187708118	1089.0286032478	569.720618988932	355.863863061952	802.970600356254	1619.66422562522	2842.54522635498	1101.23384774938	572.984281230963	343.108984590803	809.330497947265	1629.57142317466	2922.72701878845	96.33	UP_pEhEx_DOWN_CmasM
EHI_093910A	119.667823660511	29.9595501430699	0.860977587482727	0.963195924086252	1.99794742559866	31.393470852705	39.786147794905	18.6568287875978	45.7298708277304	143.929302741174	166.87560531732	31.7453119213123	40.0140639769532	17.9881304213313	46.0920725013477	144.809692647211	171.582789929091	96.32	UP_pEhEx_DOWN_CmasM
EHI_083630A	22.5445177723233	6.51419293240856	0.862774438785743	0.963078288990391	1.79111829690733	8.49813157413598	5.41037876168693	5.56056528235118	21.4738456022119	18.5275003456659	27.2977415339024	8.59337404376405	5.44137228428568	5.36126340944667	21.6439283659577	18.6408297648861	28.0677492809314	96.31	UP_pEhEx_DOWN_CmasM
EHI_069950A	115.421171956582	32.9210023269905	0.8247593787777	0.962996744338387	1.80982771849229	20.4738043179722	52.0317970196287	26.0457115773254	82.9416536543552	126.537455614335	135.267800936248	20.70326366076	52.3298627831943	25.1121807517874	83.5985898149527	127.311462689592	139.083400644932	96.3	UP_pEhEx_DOWN_CmasM
EHI_178620A	202.755023767421	54.3413589971488	0.86464627052972	0.96296585426709	1.89961511049969	83.1334210729546	45.7828791436029	33.9343731253787	90.1824722254775	228.922599833106	284.88400148973	84.0651355636688	46.0451477872368	32.7180967620396	90.8967590095811	230.322878597183	292.91993691242	96.3	UP_pEhEx_DOWN_CmasM
EHI_117810A	18.6628978955049	3.92427415280937	0.865846066155318	0.962901930757161	2.24967528116568	3.70703128303158	3.70703128303158	4.28327270744407	8.3376194506195	32.2584919209712	15.3853562728049	3.74857768782707	3.72826712675078	4.12975157615481	8.40365724308068	32.4558113696888	15.819342487604	96.29	UP_pEhEx_DOWN_CmasM
EHI_188880A	102.800988562689	21.9541951832605	0.8668579257352	0.962853518372462	2.22728558502525	12.5161069100345	20.4124445332254	32.2204526913669	73.2059634083144	179.225394888275	56.8890290547309	12.6563806774905	20.5293778550505	31.0656066925973	73.785788410776	180.32168470251	58.4937403103745	96.29	UP_pEhEx_DOWN_CmasM
EHI_193350A	861.214599864747	375.929968560537	0.869319380043857	0.962761023863473	1.19590884780688	303.443981104952	439.44613650516	379.065475268031	474.472234703481	1324.7274743458	781.443459008219	306.844817383149	441.963517332387	365.479004228092	478.230273691649	1332.83059632618	803.486217254507	96.28	UP_pEhEx_DOWN_CmasM
EHI_079890A	150.374763226116	51.100439234131	0.87613785126985	0.962749872025694	1.55715486877251	45.4240020172252	62.8754559785343	44.4679219418971	111.868704322216	165.643424075173	171.789619622757	45.9330897025322	63.2356399788814	42.8741019474947	112.754756069083	166.656635393368	176.63541749964	96.27	UP_pEhEx_DOWN_CmasM
EHI_055430A	135.200652375816	46.5088461945545	0.876116630389089	0.962749274289323	1.53952505838246	48.4866094422305	48.5459624353281	41.9261513202541	96.1660751719868	161.599099248671	146.488046022736	49.0300211777259	48.824059487326	40.4234335105513	96.9277548518554	162.587572152337	150.620143549726	96.27	UP_pEhEx_DOWN_CmasM
EHI_032670A	46.0964798407019	7.68778745044364	0.870119171934589	0.962738302330119	2.58401622881177	2.34135161834508	10.6716856224618	9.86282722912179	31.0224337848935	85.4575296675778	22.3363736639652	2.36759222293605	10.7328187046498	9.50932361229772	31.2681457721173	85.9802581535866	22.9664324085843	96.27	UP_pEhEx_DOWN_CmasM
EHI_150120A	658.999012897986	281.855133701275	0.874702629148866	0.962717727534043	1.22532245932535	405.600425317897	234.112805661034	203.958955277915	506.082179834082	591.58869513646	867.239368634118	410.146175857586	235.453928131848	196.648655026329	510.09058417037	595.207337802022	891.702236067582	96.27	UP_pEhEx_DOWN_CmasM
EHI_005960A	119.303347288434	29.4245869594737	0.87274535110481	0.962703433181465	2.01954045219265	36.2404499744341	34.449187385702	17.5533332919229	55.1669744318278	119.515739166382	180.258192320912	36.6466133676325	34.6465306244615	16.9241864294805	55.6039223196292	120.246795652939	185.342869541559	96.27	UP_pEhEx_DOWN_CmasM
EHI_023070A	330.935611153871	122.097966496918	0.822268929115933	0.962604770456649	1.43851137191582	167.50192786177	109.425186591569	88.567544771837	195.219962612726	359.341934638016	432.36526983914	169.379199016947	110.052032167985	85.3931053659001	196.766194777873	361.539965240861	444.561319351476	96.26	UP_pEhEx_DOWN_CmasM
EHI_190990A	129.748650895358	364.445787413531	-0.81725519296877	0.962593577062963	-1.4899846868146	305.399982505127	231.329013432519	544.058592263062	161.431599859462	155.794487159306	73.0422048093737	308.822740590761	232.654188863181	524.558435192346	162.710212603944	156.747454284825	75.1025607363813	96.26	DOWN_pEhEx_UP_CmasM
EHI_186840A	1178.19998739683	531.449723313757	0.821188324307457	0.962418599693188	1.14857932249423	787.216742736253	505.488418617111	301.229437646383	627.608571652526	1013.4488416345	1861.22084442468	796.039442885891	508.384124706444	290.432767155445	632.579521076053	1019.64792766817	1913.7216883996	96.24	UP_pEhEx_DOWN_CmasM
EHI_147570A	3413.23710539708	1648.73939727276	1.46754104361436	0.961660927250081	1.04977725498099	1233.83085668266	1866.07506446858	1815.14425020059	2850.15388176893	4389.40971673952	2990.76335483589	1247.65896664644	1876.76493337224	1750.08581993541	2872.72841538029	4416.25895406979	3075.12604652208	96.17	UP_pEhEx_DOWN_CmasM
EHI_099720A	267.629965535035	85.7960915978198	0.815573716796274	0.961307535786835	1.64125582522454	78.5122905164169	125.944593074551	52.8726268006776	133.757318801819	278.093065580876	385.05435662505	79.3922138712987	126.666070583536	50.9775652355879	134.816738473287	279.794111324956	395.915871936136	96.13	UP_pEhEx_DOWN_CmasM
EHI_044930A	346.649613197733	1486.93647038037	-1.0115246696396	0.96071977648355	-2.10079295347335	525.491670759322	675.110734311191	3174.50891933923	371.016203415714	592.635695939391	83.1031209046481	531.381097635746	678.97812709868	3060.72811809867	373.954822908486	596.260742922357	85.4472725927793	96.07	DOWN_pEhEx_UP_CmasM
EHI_124880A	175.210860959433	71.1528347991501	0.810361251082317	0.960095185845726	1.30009906599371	72.6533472657087	69.2363302782351	70.4603138533929	138.398095956685	208.714590872337	177.204291119428	73.4676067485099	69.6329527443605	67.9348741177978	139.494272724159	209.991260845352	182.202824672077	96.01	UP_pEhEx_DOWN_CmasM
EHI_184520A	138.111439218722	467.403235767668	-0.88598951431354	0.959771090347591	-1.75883490452154	306.742787052543	314.869480989487	762.299317731306	116.224449093567	233.523673223366	66.161215598495	310.180594566421	316.673220580476	734.976972965409	117.145000348468	234.952095933759	68.0274743327725	95.98	DOWN_pEhEx_UP_CmasM
EHI_010350A	269.487378256722	92.5748543847524	0.720919816932208	0.959442890440326	1.54152542409163	133.027065349918	96.0519058681696	48.7330982063761	226.982184311947	127.84566963886	445.428073501229	134.517960862746	96.602142191042	46.9864056936927	228.779987925887	128.627678826266	457.992595255316	95.94	UP_pEhEx_DOWN_CmasM
EHI_153800A	62.8226408053295	25.2594157075394	0.717407630454799	0.959306593566608	1.31446332166166	19.5641086092261	31.0703994651201	24.7813885751554	57.0179574287189	66.8942965272172	64.0556888155189	19.7833725737528	31.2483872124463	23.8931736355918	57.4695659557737	67.3034770228659	65.8625553860728	95.93	UP_pEhEx_DOWN_CmasM
EHI_176150A	212.98877932725	63.2489150529752	0.807109157663356	0.959276866237797	1.75166479069905	85.5027226575786	68.5919165302066	35.6400417027321	133.522504189158	155.193214950857	344.108468858666	86.4609910010127	68.9848474521828	34.3626307380063	134.580064020566	156.142504201385	353.814992986692	95.93	UP_pEhEx_DOWN_CmasM
EHI_152160A	39.8385775016592	231.143268320074	-0.88732036524512	0.959244404327672	-2.53654930721891	96.4067209796163	132.301542910939	452.921559463815	29.430792171575	79.0063134555417	11.7981596966237	97.4871954480028	133.059436404292	436.687937431453	29.6638976229458	79.4895810011682	12.1309591831967	95.92	DOWN_pEhEx_UP_CmasM
EHI_063550A	177.814287163152	62.7125300413689	0.7277168888372	0.959244205128457	1.50354561842763	64.7994131415682	83.071221124387	40.1396976511961	97.2092417137635	175.536315030805	256.679475219724	65.5256499718894	83.547097191966	38.7010099434742	97.9791837538893	176.610039400706	263.919824542288	95.92	UP_pEhEx_DOWN_CmasM
EHI_029560A	109.960239326487	42.4667786755377	0.714582564983645	0.959074013156114	1.37257536988737	49.7200428846203	42.5262227927294	34.7532049277086	69.2087692091968	128.511711733686	130.664309336968	50.2772782760747	42.7698355794163	33.5075799813547	69.756934589567	129.297794981941	134.35005492602	95.91	UP_pEhEx_DOWN_CmasM
EHI_096200A	44.5462197071756	10.0146105813186	0.713430470969663	0.958951153075486	2.15319668361631	2.57730230736511	20.2095314402806	7.23240289024481	28.2092393101905	64.9624578998868	40.3107989370235	2.60618731986346	20.3253023681572	6.97317898612112	28.4326694993575	65.35982168278	41.4478756959886	95.9	UP_pEhEx_DOWN_CmasM
EHI_187160A	149.885044027627	50.0023876992481	0.732997644666003	0.958696031125665	1.58378754130302	76.6079659205518	40.0589321597942	33.1072404338516	93.837297855443	146.872868674077	205.915006980365	77.4665466337127	40.2884109955401	31.9206101741352	94.5805325446246	147.771263848574	211.723405100315	95.87	UP_pEhEx_DOWN_CmasM
EHI_029600A	51.482247016535	276.895934348935	-0.888777490078815	0.958658045738054	-2.42719694229085	125.547182096667	109.367138953074	580.143701146184	74.5791592387206	67.2586198683234	13.5508978987384	126.954247117186	109.993652001792	559.350181005495	75.1698605856585	67.6700288649509	13.9331381785165	95.87	DOWN_pEhEx_UP_CmasM
EHI_008630A	94.8385247451452	405.945931805327	-0.804721319114067	0.958648247296436	-2.0977424603906	108.413635018658	236.895117155846	849.907993416785	83.5213111079261	180.915726583833	21.9909655733104	109.62867649577	238.252178184382	819.445577046619	84.1828384229706	182.022355855942	22.6112811344005	95.86	DOWN_pEhEx_UP_CmasM
EHI_118700A	37.3162306387686	14.3060804617161	0.733425882692756	0.958636640264824	1.38317480422402	17.4550587552574	11.4086277051151	13.8344460204399	32.57609679028	39.5319854913637	39.4938061196933	17.6506856279235	11.473982382888	13.3385915771478	32.8341145052612	39.7737956045885	40.6078373531584	95.86	UP_pEhEx_DOWN_CmasM
EHI_006940A	301.605461814798	139.096637897045	0.734356236599505	0.958506049123464	1.11657500586685	129.888225615521	168.163262786118	117.885373627637	228.508388937933	320.225676462749	352.150636265384	131.343942707603	169.126591254422	113.660124114498	230.318280796598	322.184439882306	362.084011805217	95.85	UP_pEhEx_DOWN_CmasM
EHI_092720A	36.787103032655	10.9141913286631	0.708550415830836	0.958240717172113	1.75299482934621	15.2532768007582	7.2137160724636	10.1177162854142	19.1817955703555	56.0478685799004	34.9489526944422	15.4242272902571	7.25504006879747	9.75507693081486	19.3337242404526	56.3907034079227	35.9347838589672	95.82	UP_pEhEx_DOWN_CmasM
EHI_167090A	483.654212177994	230.406334946872	0.708385561078082	0.958212787216918	1.06979557972631	212.79903552019	314.066554625481	163.359198729285	355.621752734392	427.676339545779	658.045955226085	215.183972197224	315.865694627883	157.504075624039	358.438441075812	430.292359530702	676.607948085307	95.82	UP_pEhEx_DOWN_CmasM
EHI_140010A	48.0845496125025	14.9498011401317	0.708041153885506	0.958151796987873	1.68544711183222	19.5515046572126	16.0033076671343	9.26157303424974	32.7878970712744	37.9635661529693	72.3039425421465	19.7706273634514	16.0949831116242	8.92961958023196	33.0475923421914	38.1957825244912	74.3434737549777	95.82	UP_pEhEx_DOWN_CmasM
EHI_098300A	20.2631215972497	104.083658000949	-0.802495212103654	0.958031954975207	-2.36081522325484	44.6558963967434	56.5543333951711	205.656563435698	27.295359457171	27.0087763742864	6.80618498229378	45.1563755690388	56.8783066486802	198.285417484417	27.5115512962998	27.1739842481625	6.99817211637848	95.8	DOWN_pEhEx_UP_CmasM
EHI_152990A	218.77832098027	103.507690680975	0.707205970535451	0.957997257834129	1.07973182196326	109.980334903506	88.6282282838986	109.995725131548	191.861940940588	258.796434272743	204.602838773598	111.212935106898	89.1359378394025	106.053256530417	193.381576024927	260.379445960514	210.374223586666	95.8	UP_pEhEx_DOWN_CmasM
EHI_196530A	137.20502937331	62.509347432482	0.738040129926468	0.957910239211976	1.13418951909386	55.448271461349	65.3947475440759	65.597504316834	132.869642079068	147.922819772087	130.070057540281	56.069705745405	65.7693633843197	63.2463574811515	133.922030941378	148.827637310418	133.739040625865	95.79	UP_pEhEx_DOWN_CmasM
EHI_028990A	555.72753825552	201.285462837789	0.801094274837144	0.95770621693957	1.46513475042835	55.3945222209203	325.386977984274	219.68309356475	407.682724579684	892.702728336942	369.530269932389	56.0153541125146	327.250967383114	211.809208488375	410.911759835521	898.163231904675	379.953885756294	95.77	UP_pEhEx_DOWN_CmasM
EHI_193360A	327.304219720242	147.352310844982	0.741230144954802	0.957317704240493	1.15136251660103	171.218068154323	132.302220367192	136.531474615308	219.04909008568	418.077361364883	341.989962877711	173.136987803155	133.060117741374	131.637911241884	220.784059933556	420.634666110187	351.6367287281	95.73	UP_pEhEx_DOWN_CmasM
EHI_189540A	174.169064019903	586.189356600701	-0.892128023741158	0.957268902497961	-1.75087837874089	328.003799021649	353.02770953379	1051.09974396994	226.12365368817	229.336220444949	69.4277077013894	331.67988847657	355.050039720893	1013.42620954574	227.914657343502	230.739029252628	71.3861068137167	95.73	DOWN_pEhEx_UP_CmasM
EHI_151990A	159.339857424647	533.617593095773	-0.799240985191148	0.957199604094419	-1.74369904308915	273.888880680428	251.756353942071	1047.70244294216	188.175949696607	241.677849459433	50.8208976631089	276.958479353043	253.198548026622	1010.15067463764	189.666390029828	243.156149813319	52.2544406125489	95.72	DOWN_pEhEx_UP_CmasM
EHI_033740A	421.12716278278	192.352690903615	0.799060489849582	0.957175932589846	1.1305019203647	220.812810580665	202.131266162187	152.504486220911	350.924005034967	377.928836028525	527.712763380326	223.287561321077	203.289181391722	147.038417901088	353.703485047385	380.240559396199	542.598350728432	95.72	UP_pEhEx_DOWN_CmasM
EHI_131670A	203.297473205714	432.50216678529	-0.798855090436453	0.95710718575172	-1.08911507653444	443.784222033103	349.465835492154	494.924330741304	247.576581022851	197.382378394452	164.74883466624	448.757915946839	351.467761373299	477.185244685463	249.5375017596	198.589731242402	169.396027872661	95.71	DOWN_pEhEx_UP_CmasM
EHI_030150A	5.96367065785636	26.273900109427	-0.798817046351008	0.95709821858156	-2.13935787818207	17.6595066828007	18.8136711303786	41.3757105284017	5.25011457934778	9.23914207504049	3.44836740792802	17.8574248974354	18.921445829162	39.892721626673	5.2916979088631	9.29565626129994	3.54563807830231	95.71	DOWN_pEhEx_UP_CmasM
EHI_045540A	90.98302118034	546.785930038624	-1.00733341340402	0.957055216489517	-2.58730687317951	144.500543106323	285.249127620141	1178.82280804801	100.311426211364	154.914452413839	19.5850697814408	146.120027162081	286.883186097853	1136.57142144668	101.105938983849	155.862036523585	20.137520446236	95.71	DOWN_pEhEx_UP_CmasM
EHI_120470A	36.775540414518	13.7993376682958	0.702151361822275	0.95691782229712	1.4141475188395	18.1756553547063	10.070761321281	12.9498352084757	31.3089950036676	40.4047223645418	38.2945346692075	18.3793582849315	10.1284519899654	12.4856870005506	31.556976687944	40.6518708537549	39.3747371587629	95.69	UP_pEhEx_DOWN_CmasM
EHI_156380A	30.3435487599222	9.48693021516554	0.744467430665632	0.956669012409458	1.67737658252293	5.3844934605705	12.1511414799227	10.7404270322287	26.7450831126817	40.0621963890126	24.222417575476	5.44483995560968	12.2207496708918	10.3554684687331	26.956916509302	40.3072497078492	24.9056773668299	95.67	UP_pEhEx_DOWN_CmasM
EHI_170060A	814.114347686723	371.832279818691	0.796124135435332	0.956427376442674	1.13057942452391	121.958446642626	510.360034142402	474.189042536892	863.136824175999	1066.7267809463	516.999557956276	123.32529105412	513.283647432418	457.193151024144	869.973266016278	1073.25175864409	531.582949931853	95.64	UP_pEhEx_DOWN_CmasM
EHI_125150A	120.23787534215	496.979749735923	-0.795681764067357	0.956395297899721	-2.04729564646748	103.334946017178	274.267644995888	1084.05675780375	112.26922159529	227.156040037206	23.8483067357375	104.493068290492	275.838795709675	1045.20197754413	113.158445623731	228.545513069697	24.52101370372	95.64	DOWN_pEhEx_UP_CmasM
EHI_150550A	38.1638042385229	11.9020910669882	0.795945178762107	0.956382544861486	1.68098992750659	13.5298701514732	12.2517388062226	9.81100820766885	22.5804952037392	45.7645380472118	45.6194695616687	13.6815056298995	12.3219232720965	9.45936188906956	22.7593431428622	46.0444715741855	46.9062919507741	95.64	UP_pEhEx_DOWN_CmasM
EHI_033240A	19.6864498408308	6.64409766098618	0.698564868862602	0.956018759548732	1.56705778143625	4.99288459913438	8.55297254079281	6.30014041791476	12.7986006676115	26.906069267077	19.234597933511	5.04884215352632	8.60196850935729	6.07433068075782	12.8999714893055	27.070648899874	19.7771625776005	95.6	UP_pEhEx_DOWN_CmasM
EHI_032780A	98.7041251515352	24.1991864538255	0.794003909152323	0.95590754572148	2.0281518339175	8.76014067846962	40.0071923821232	23.5269262160354	65.3008860065273	152.000042294057	78.8355411471854	8.85831960465218	40.2363748249474	22.6836737371149	65.8180991491	152.929799476259	81.0593140314427	95.59	UP_pEhEx_DOWN_CmasM
EHI_112830A	530.608907735478	1410.50161541631	-1.00603464242007	0.955875566739487	-1.41048751770921	1068.35285734183	837.33588208909	2271.22275495415	589.661249652031	744.992131200944	262.730297293912	1080.32637924836	842.132586668822	2189.81755137127	594.331638778993	749.549115358408	270.141326665858	95.59	DOWN_pEhEx_UP_CmasM
EHI_183560A	18.6955211108252	6.92586251039673	0.74895975157714	0.955739131299666	1.432627031715	5.75104951512748	6.89083830866571	7.98863146631247	18.2370312092026	21.9655286823594	15.8481447764273	5.81550417248312	6.93031268971206	7.7023028050461	18.3814769097091	22.0998879084823	16.2951852115757	95.57	UP_pEhEx_DOWN_CmasM
EHI_005100A	140.849492906691	63.6061725794735	0.697501006752949	0.955735252616264	1.14691568775351	57.5651300227551	74.7608156437487	57.7318839541138	119.46655253523	146.124204286228	155.426638254726	58.2102889144478	75.1890852956932	55.6626568136862	120.412782745076	147.018020014027	159.810873316889	95.57	UP_pEhEx_DOWN_CmasM
EHI_182860A	456.9569053876	1110.16274101969	-0.791780312546751	0.955646345045076	-1.28064116030753	594.199356627667	710.636979031771	1976.23917866814	539.795885076871	654.964889599206	182.41658225098	600.858822144637	714.707885014379	1905.40678130992	544.0713175119	658.971193156785	187.562142785553	95.56	DOWN_pEhEx_UP_CmasM
EHI_125600A	50.0417790060088	20.2814173347721	0.749875756587686	0.955550981122168	1.30297460249744	17.2465765131408	21.4043188764063	21.8222376546827	47.989188278422	55.5304184216938	46.3700087434755	17.4398668294193	21.5269341811803	21.0400846513991	48.3692847885447	55.8700880992742	47.6780021508398	95.56	UP_pEhEx_DOWN_CmasM
EHI_001060A	22.1784265480969	6.26217967091596	0.696738907338746	0.955527275510581	1.82442020973437	10.2555252652521	2.15269552875661	6.26455941280039	23.8422273074425	26.467997108845	16.2698325005382	10.3704636543644	2.16502731188262	6.04002497061779	24.0310687469045	26.629897132286	16.7287677957061	95.55	UP_pEhEx_DOWN_CmasM
EHI_087350A	67.2224072172244	283.481524458952	-0.790174100500436	0.955378352527028	-2.07624060122706	122.752660427564	140.276399838627	572.27554524873	69.8123856473112	113.91338628774	19.1557247581619	124.128405958278	141.079977547318	551.764035681974	70.365331948339	114.610174179713	19.6960645677912	95.54	DOWN_pEhEx_UP_CmasM
EHI_153770A	87.6785036482945	434.947484942239	-0.897343397353089	0.954983582166086	-2.31054614005266	118.317237322674	227.965327477372	933.4299656	117.21574364525	127.684807105977	19.8666336459343	119.64327302639	229.271233928679	899.973953320147	118.144146410316	128.465832325926	20.4270265925727	95.5	DOWN_pEhEx_UP_CmasM
EHI_125650A	304.755928795534	707.389148035359	-0.78590954820198	0.95478065085317	-1.21484979935548	524.806024988111	479.525088668714	1092.31038976268	405.257317415201	350.361259027874	161.379100782278	530.687767516984	482.2720630169	1053.15978268974	408.467142327377	352.504356437782	165.931241392761	95.48	DOWN_pEhEx_UP_CmasM
EHI_014250A	77.9868087790319	390.208913586362	-1.00483783838683	0.954774457567969	-2.32294471152921	194.829861613809	277.538647869316	681.451471934224	64.4210420567703	139.786047626407	30.8754700263447	197.013409493189	279.12853662455	657.026876995812	64.9312864293606	140.641093978965	31.7463974283028	95.48	DOWN_pEhEx_UP_CmasM
EHI_141050A	48.5421798266776	9.1386532295677	0.788735968103098	0.954732044735724	2.40918542038527	14.4169694206557	2.6709673646202	10.1257838171695	25.5375275127413	92.9936637039977	27.5171637821705	14.5785470286507	2.68626808403787	9.76285530596343	25.7397965119258	93.5624893794588	28.2933609361446	95.47	UP_pEhEx_DOWN_CmasM
EHI_194400A	336.633288046432	688.449180964455	-0.784810670063436	0.954652406782038	-1.03217231843269	623.359641616528	528.786028750814	894.501502744916	452.133758134874	326.229438732576	232.608295110001	630.34591986088	531.81519592263	862.440765075171	455.714866083161	328.224926096457	239.169650709161	95.47	DOWN_pEhEx_UP_CmasM
EHI_077520A	4.41902608938567	16.2984300914572	-0.784280064636437	0.954595041431572	-1.88293265316259	12.3597765895804	12.2963191432536	23.7067988774512	5.89414167158579	4.37328471246063	3.00548483865808	12.4982982912243	12.3667589889714	22.8570993996224	5.94082599278206	4.40003531601215	3.09026279021392	95.46	DOWN_pEhEx_UP_CmasM
EHI_198550A	103.580182053019	38.7374653874813	0.693428370660521	0.954589400203675	1.41894653341668	40.3050207004653	47.5474300069203	28.1500891398392	60.2338247577291	116.577950528866	132.201084134629	40.7567376074624	47.8198069349216	27.1411331788678	60.7109044376129	117.291037085651	135.930178676127	95.46	UP_pEhEx_DOWN_CmasM
EHI_199580A	351.821499634427	971.693292208808	-0.78318338863289	0.954480961859293	-1.46565736180892	350.911523662872	685.720450523541	1831.83762153539	322.702739842508	624.28096947034	114.388454645806	354.844350525229	689.648621399529	1766.18086717848	325.258694415224	628.099584954368	117.61509506727	95.45	DOWN_pEhEx_UP_CmasM
EHI_005070A	242.471403338278	99.8747871296491	0.755977432289367	0.954379686715567	1.27962218011579	87.3272379052758	131.552769265063	79.975195635823	182.410196114412	248.053293463362	293.423740500578	88.3059544303541	132.306373385355	77.1087233498643	183.854969019334	249.570591272531	301.700562708271	95.44	UP_pEhEx_DOWN_CmasM
EHI_005910A	147.441792864794	485.971243104388	-0.780207114505158	0.954219111275863	-1.72072542713023	216.602724611632	273.250537296341	943.540079504237	225.709598117422	172.333486387723	46.6831376429788	219.030290981982	274.815861477115	909.721700354456	227.497322261616	173.387619625349	47.9999637106618	95.42	DOWN_pEhEx_UP_CmasM
EHI_197020A	195.6800931764	54.6911109627325	0.757104722926068	0.954186789838893	1.83911872238349	89.1671232259633	48.2376940939729	26.7613309922306	119.397750727757	122.607691973831	338.595635834246	90.1664601921641	48.5140252212131	25.8021509237765	120.343435995548	123.357661384927	348.146655371111	95.42	UP_pEhEx_DOWN_CmasM
EHI_180780A	190.326648829925	65.8728176871759	0.785081442454886	0.954049295306354	1.53072240921014	91.5922918067185	57.8898713455358	47.7038086607426	124.008124891905	189.686873953231	253.707957840628	92.6188087527631	58.22149526963	45.9940079609936	124.990326449989	190.847154771352	260.864487357093	95.4	UP_pEhEx_DOWN_CmasM
EHI_182950A	76.2117763179272	27.3760397745069	0.691514898255475	0.954026518867812	1.47710018056141	21.3096602299791	37.4725011126262	23.0987801167894	46.5441490054942	96.5567809031651	84.7081821460118	21.5484873944602	37.6871634978717	22.270873257446	46.9128001379321	97.1474015318181	87.0976089932169	95.4	UP_pEhEx_DOWN_CmasM
EHI_035160A	11.0858661305638	63.1135205651223	-0.776332418254711	0.953966506654399	-2.50922760997874	29.6611144631729	23.7664845762186	132.342481890776	15.9400183921445	14.0240620846722	3.47658820224443	29.9935402168517	23.9026316204925	127.599060463933	16.0662706914539	14.1098447742694	3.57465491760377	95.4	DOWN_pEhEx_UP_CmasM
EHI_075530A	94.7351515348508	29.4810731976774	0.758595414122033	0.95394738154685	1.68411079416642	13.8609088079825	36.0761734234361	37.771697048329	95.5317384419287	124.178499990568	64.8601483327918	14.0162543889076	36.2828369021917	36.417883257417	96.2883938822553	124.938077754487	66.6897068927069	95.39	UP_pEhEx_DOWN_CmasM
EHI_153670A	115.815284564919	297.188399214226	-0.77405814964972	0.953856949252756	-1.35955213758595	315.613120346556	185.017176799676	382.825343927318	155.498157885939	113.675232439287	78.6889118547123	319.150341765946	186.077053437316	369.104111612649	156.729775032702	114.370563586593	80.9085486571987	95.39	DOWN_pEhEx_UP_CmasM
EHI_174150A	33.3226354373897	5.90917459320861	0.783328365097675	0.95377078098397	2.49547397510653	3.19134175270806	3.19134175270806	11.0607032556423	31.3047992554994	58.0833075192787	11.1278926384721	3.22710858772391	3.20962345295303	10.664265346445	31.5527477075147	58.4385927647104	11.4417854024243	95.38	UP_pEhEx_DOWN_CmasM
EHI_140380A	26.7305011768317	88.4017764573952	-0.770554732527364	0.953732316067765	-1.72558847396796	59.7290272307857	75.8255535031611	126.856156092221	36.3224554625496	27.2704923472326	16.7446250861401	60.3984379138653	76.2599225389678	122.309375645475	36.6101460665311	27.4373010910945	17.2169532097473	95.37	DOWN_pEhEx_UP_CmasM
EHI_006160A	142.714066558259	60.9591340338247	0.76031094934942	0.953694802810145	1.22721322689571	54.8278333080669	69.235065967935	57.9836579103804	156.820990514527	121.34878044407	148.687407375633	55.4423140563421	69.6316811914196	55.9054066836442	158.063085105973	122.091049317595	152.881543928018	95.37	UP_pEhEx_DOWN_CmasM
EHI_022130A	408.66210806279	1114.48547437861	-0.769114709700272	0.953692936811679	-1.44739742817524	394.578762818028	639.944265658439	2249.72990348236	522.467511139955	591.923761349296	118.764758840957	399.000988516198	643.610206239175	2169.09504703774	526.605694859267	595.544453555195	122.114844937567	95.37	DOWN_pEhEx_UP_CmasM
EHI_159690A	128.068565001451	54.6805710473149	0.760461058474168	0.953673298062907	1.22781618854404	61.3308340799657	52.9486582408334	49.087223579428	123.478134117233	116.268453437507	142.987940592119	62.0181969492232	53.2519762723512	47.3278384992613	124.45613790388	116.979646855716	147.021308035755	95.37	UP_pEhEx_DOWN_CmasM
EHI_058320A	124.820114628626	41.6892986033124	0.760499690283205	0.953668291056658	1.58210143669465	27.0625559871105	49.3732979900499	47.7853574574499	90.2366762859426	182.385383363131	101.784115288957	27.3658585006307	49.6561344594419	46.0726338843793	90.9513923912111	183.501002263963	104.655215713132	95.37	UP_pEhEx_DOWN_CmasM
EHI_083430A	84.2778389166296	297.663281421327	-0.767219924541348	0.953649078779907	-1.82045604170678	143.955374295781	174.287791058877	560.36911388217	107.383041489464	117.045709112135	29.6982385435203	145.568748393905	175.286204077411	540.284354825563	108.233564717314	117.761656864849	30.5359588993683	95.36	DOWN_pEhEx_UP_CmasM
EHI_035510A	247.039747704622	93.2628804327724	0.781766932323593	0.953550712623796	1.4053682910822	97.4894142776891	117.125869147184	64.782583478211	189.390101479666	206.577377527476	340.08693698239	98.5820229878979	117.796828322542	62.4606450487173	190.890158455136	207.840974547173	349.680022762566	95.36	UP_pEhEx_DOWN_CmasM
EHI_140720A	42.7784494667895	216.534202849952	-0.761168356205916	0.953538007741443	-2.33963882798551	59.0054897369744	103.140872403373	474.562341131916	35.2882887761836	85.1345833674845	8.81755103829098	59.666791402539	103.731718090985	457.553069844745	35.5677883029147	85.6553364485036	9.0662742742728	95.35	DOWN_pEhEx_UP_CmasM
EHI_153780A	7.01090929281155	29.1736654642675	-0.760439623955556	0.953525134442519	-2.05699318755187	15.740258187583	22.2558172162616	48.3644865536624	9.29970339090356	8.18029928710066	3.61889556492634	15.9166665014919	22.383310355694	46.6310058259379	9.37336133201209	8.23033672064313	3.7209764501608	95.35	DOWN_pEhEx_UP_CmasM
EHI_025480A	17.5842310604875	104.330391471956	-0.758909491354205	0.95349732755573	-2.56880532259279	43.2530924017609	36.7509523898835	226.794019347259	34.7325650502947	14.1240225071117	4.22014034782062	43.7378497044052	36.961481360884	218.665264351268	35.0076629887435	14.2104166368065	4.33918099289874	95.35	DOWN_pEhEx_UP_CmasM
EHI_161660A	10.9701754901869	52.880532844183	-0.757322729970399	0.953466531575806	-2.26915010930156	28.6953513363053	26.6141834990204	100.721316567893	13.4992911399031	15.3815911366329	4.18718234752274	29.0169533383775	26.7666436749263	97.1112614720381	13.6062117533888	15.4756775896177	4.30529332171492	95.35	DOWN_pEhEx_UP_CmasM
EHI_177420A	55.1280573872521	187.085328089695	-0.753067405068	0.953365117310365	-1.76283775215377	105.271876529324	139.666746515936	308.908576607822	57.8790533241325	82.8320570715921	25.3251764052822	106.451706873861	140.466831806654	297.836670291101	58.3374821279303	83.3387260094196	26.0395425371002	95.34	DOWN_pEhEx_UP_CmasM
EHI_075690A	201.931433645388	69.3804027267454	0.779975720339215	0.953331967437864	1.54126538513882	91.313274413984	70.6777037018997	45.8823636800022	134.654495094703	175.495351899058	291.064857590243	92.3366642837623	71.0825831204026	44.2378472414067	135.721020816306	176.568825704779	299.275141029041	95.33	UP_pEhEx_DOWN_CmasM
EHI_015250A	46.1872041200649	160.848687475186	-0.751008760017495	0.953304458641311	-1.8001390413018	73.9386605375898	171.127538565099	232.455090898024	35.483734920273	78.9990462428999	24.5244919903443	74.7673251174634	172.107847979173	224.123431681792	35.7647824706308	79.4822693362812	25.2162726199273	95.33	DOWN_pEhEx_UP_CmasM
EHI_153450A	370.628597622593	149.002210940921	0.764232901887565	0.953233200528979	1.31464046569621	175.211621251505	174.604365796074	96.7587657583937	221.212917945297	350.979919595032	531.421769777598	177.175298486901	175.604592322812	93.2907364742519	222.965026308064	353.126801241425	546.411979834368	95.32	UP_pEhEx_DOWN_CmasM
EHI_194570A	221.100035085996	593.274161657528	-0.747988704653889	0.953199336095242	-1.42399969765771	316.912155186145	369.007732428466	1067.07293288526	300.099158290229	279.935686827955	86.3340339461606	320.463935486529	371.121604672517	1028.82688715953	302.476082069291	281.648003557968	88.7693224072315	95.32	DOWN_pEhEx_UP_CmasM
EHI_148520A	125.868962837619	39.2355747574243	0.778315807964685	0.953168892781725	1.68168834331409	43.1897879061553	48.9939801480496	25.4219250385453	70.8051202323887	121.087333585379	182.827333599866	43.6738357261978	49.274643683415	24.5107519804569	71.3659294493108	121.828003235042	187.984480503968	95.32	UP_pEhEx_DOWN_CmasM
EHI_154200A	68.7702662045737	285.719735856051	-0.745507916187131	0.953097996869451	-2.05474385740959	69.8628586063847	169.816444319069	601.45483202126	66.9816574133357	124.92843981188	15.7847316114958	70.645843799177	170.789243089076	579.897477974944	67.5121830408443	125.692604824095	16.2299833042239	95.31	DOWN_pEhEx_UP_CmasM
EHI_152800A	835.808266573345	323.052905612304	0.774390269025573	0.952920983212948	1.37140157669494	75.225909332681	557.186836638355	332.144219184964	512.842028195639	1482.37025934431	517.809300763493	76.069000701926	560.378698719317	320.23950058233	516.903973649487	1491.43765415885	532.41553375813	95.29	UP_pEhEx_DOWN_CmasM
EHI_120360A	504.651094090577	214.383550268696	0.773984915381237	0.952906956237874	1.23509206983915	293.609133906374	210.527444705009	138.281236754531	364.506158598305	403.949294452383	733.788278898559	296.89974652806	211.733457703827	133.324958377546	367.393215532829	406.420180329085	754.48679195061	95.29	UP_pEhEx_DOWN_CmasM
EHI_136740A	326.126682193458	112.184906465799	0.769355113977901	0.952906211270969	1.53955389408722	72.7594185746807	174.419332579977	88.6481220466513	142.602950686264	502.345368844868	331.090403678183	73.5748668474336	175.418499138196	85.4707945886965	143.732431843032	505.418125980854	340.429717536164	95.29	UP_pEhEx_DOWN_CmasM
EHI_070450A	19.6482819739053	54.5079805088403	-0.741369395870602	0.952899853650357	-1.47206430002393	70.9889529573466	38.8592960339825	52.816983293797	22.9908904506658	17.2688390750728	18.5739757875006	71.7845588075251	39.0819027169617	50.9239161042021	23.172988909473	17.3744694875122	19.0979057701968	95.29	DOWN_pEhEx_UP_CmasM
EHI_006170A	361.942149870879	160.660107242996	0.687658016038038	0.952861105877707	1.1717473814897	95.3477477613208	225.041571015045	159.323673095626	246.548373391458	506.975960417758	330.89047060688	96.4163538297301	226.330728636745	153.613191366949	248.50115024942	510.077042057526	340.22414480366	95.29	UP_pEhEx_DOWN_CmasM
EHI_092500A	89.0773853142423	342.650135797125	-0.740588558866751	0.95285871589315	-1.94360514228333	72.4163745707898	215.187702007645	721.17343689647	96.1383035299449	152.468726459742	20.4068280025495	73.2279781915933	216.42041143501	695.325126632289	96.8997632455966	153.401350499496	20.9824586141419	95.29	DOWN_pEhEx_UP_CmasM
EHI_054940A	18.1922104873179	58.2053727034279	-0.739129942887769	0.952779499506872	-1.6778314769523	31.1426485606225	63.9686901450822	77.9117491824615	20.5653300931735	22.3732559525863	11.7310102712626	31.491678548426	64.335136771271	75.1192349784443	20.7282169949602	22.5101091737907	12.0619156239318	95.28	DOWN_pEhEx_UP_CmasM
EHI_013550A	32.0315829425919	188.059033486247	-0.738619260941666	0.952750625448011	-2.55361860808753	44.6236652462665	45.3412340494023	461.136254643375	25.5435333011349	66.909163087036	4.39946445743942	45.1237831892325	45.6009727154115	444.608201370394	25.7458498689341	67.3184345187829	4.52356343137101	95.28	DOWN_pEhEx_UP_CmasM
EHI_086790.mRNA	6.68106372699476	28.034880177246	-0.736277710913434	0.952614534138653	-2.06907317855238	19.4355169468857	15.291163820103	48.1813173538485	7.22902583340582	9.57323941986795	3.31104959224692	19.6533397255013	15.3787597264702	46.4544017796161	7.28628305298875	9.63179722007132	3.40444683661825	95.26	DOWN_pEhEx_UP_CmasM
EHI_080100A	5.19126788081524	23.7178501655928	-0.734712463857054	0.952519460766155	-2.19181440598999	8.13668734685707	28.6407250961813	33.6686505115754	3.34737549062634	9.46926084887822	2.80632769743976	8.2278789447684	28.8047943785019	32.4618981825592	3.37388824876418	9.52718263068506	2.88548787503346	95.25	DOWN_pEhEx_UP_CmasM
EHI_004430A	44.086645681054	110.215068720929	-0.734186303515049	0.952486855489785	-1.32190786495704	79.8260832027658	132.220402613049	116.704524427771	42.9194376659213	50.7779303829409	38.4400455702899	80.7207308366183	132.977831291689	112.521598931202	43.2593794123538	51.0885299377722	39.5243525943164	95.25	DOWN_pEhEx_UP_CmasM
EHI_048580A	53.57515055108	203.772154472737	-0.733453599604807	0.95244114607371	-1.92732101612829	82.6303425883444	122.347567361706	396.069229246055	65.0940060341694	78.5431068969428	17.947986576365	83.5564188470694	123.048439197293	381.87330937454	65.6095805919207	79.0235410905636	18.4542588146822	95.24	DOWN_pEhEx_UP_CmasM
EHI_178850A	96.7066362124837	356.908886138364	-0.733404933330369	0.952438077286615	-1.8838690223559	129.798728942543	156.666607287366	763.61460660871	120.419381374297	147.637387659977	23.9134949404578	131.253443004243	157.56407680795	736.245119237095	121.373158428118	148.540459260923	24.5880407207313	95.24	DOWN_pEhEx_UP_CmasM
EHI_183120A	73.3252508699739	291.196820671961	-0.733198023880318	0.952425043506856	-1.98961259703329	77.6112695662886	160.849701012518	618.558075622757	80.8248258103216	123.806305410101	16.8086470849803	78.4810947649194	161.771133515292	596.387706836134	81.4649957178336	124.563606526072	17.2827811248398	95.24	DOWN_pEhEx_UP_CmasM
EHI_096350A	227.253042424233	749.198301196003	-0.732828941605785	0.952401848042752	-1.7210480191806	143.282605842534	428.670630893615	1631.64643586061	186.308846966432	458.707943849485	41.7340343423111	144.888439915134	431.126283902625	1573.16493729479	187.784498984675	461.513778630122	42.9112573634334	95.24	DOWN_pEhEx_UP_CmasM
EHI_053000A	265.001640701685	620.919075753668	-0.729583771371811	0.952192232278619	-1.22840396272548	257.983446791464	626.146031122861	957.012186833244	364.72834441134	303.465204301575	129.553026269696	260.874785950105	629.732928088956	922.710940189548	367.617161160006	305.321446898546	133.207425068763	95.22	DOWN_pEhEx_UP_CmasM
EHI_173410A	98.5103471770014	324.982957199151	-0.728716614072146	0.952135106499904	-1.72201688890964	146.257184424521	188.942034201819	623.632068840895	143.08524540343	122.025393616579	32.0056235427525	147.896355967574	190.02439450686	601.279837905348	144.218546556855	122.771801212352	32.9084300275236	95.21	DOWN_pEhEx_UP_CmasM
EHI_180390A	74.9429423094721	13.595037471508	0.685192798710408	0.952105377112871	2.46271249212415	7.00462804386256	13.9369619465979	19.4247735164926	10.5545079300013	195.79158774756	19.9747159505676	7.08313213242645	14.0168002655172	18.7285504625397	10.6381045019412	196.989210012498	20.5381576553525	95.21	UP_pEhEx_DOWN_CmasM
EHI_202710A	31.722920913727	119.957303958511	-0.7253641819508	0.951910861963674	-1.91892348351065	63.1476206384181	78.81580059278	212.609160906043	48.2740912607637	34.350009171284	12.9577122207738	63.8553450703444	79.2672993518149	204.98881984113	48.6564443339414	34.5601220584496	13.3232200698893	95.19	DOWN_pEhEx_UP_CmasM
EHI_083620A	260.22484829103	729.564353319628	-0.724214389507055	0.951832982760057	-1.48727651244789	239.634331310151	487.00816195994	1425.20541637777	245.381195814449	465.964579451869	74.0654069272387	242.320023491138	489.798003325644	1374.12318024985	247.324728087545	468.814801779826	76.1546250792239	95.18	DOWN_pEhEx_UP_CmasM
EHI_084660A	40.0215058739299	150.224885424821	-0.721924915964092	0.951676529785709	-1.9082764644282	72.4285225417468	91.4165025538716	279.695150336259	50.263245433989	55.5159671175256	14.8730521279284	73.2402623104488	91.94018482504	269.670312127588	50.6613535258795	55.8555483990527	15.2925873977692	95.17	DOWN_pEhEx_UP_CmasM
EHI_016110A	50.6275555010649	13.0768525829621	0.683764094620012	0.951666847396897	1.95290748096675	23.7147807507396	2.85470088623904	12.4402444010923	40.9260273555009	76.2114713831373	34.9435514313706	23.9805632072342	2.87105412883582	11.9943609553217	41.2501803726504	76.6776433776657	35.9292302384414	95.17	UP_pEhEx_DOWN_CmasM
EHI_189500A	26.9697859624375	111.491243089903	-0.720553539611688	0.951581868666579	-2.04751442308989	34.3566767081354	95.8450388481837	199.364933619834	25.1039387407196	46.4964620175034	9.72716616548442	34.7417277878169	96.3940901269139	192.21929236857	25.3027735168013	46.7808725930223	10.0015475935143	95.16	DOWN_pEhEx_UP_CmasM
EHI_199150A	4.64193734950975	34.0022608162622	-0.719349503521005	0.95149796795533	-2.8728317181858	92.6948385113571	3.19518563793863	6.43780206513528	3.19518563793863	3.19518563793863	7.40458742256537	93.7337122054838	3.2134893579994	6.20705825693968	3.2204929822331	3.21473001931185	7.61345414041629	95.15	DOWN_pEhEx_UP_CmasM
EHI_057550A	302.639549870046	653.852244305386	-0.718908127449226	0.951466846488768	-1.11136412066492	974.532012029025	614.733832447345	371.716443183761	262.584523882038	185.728717625406	452.095601947569	985.454040565245	618.255354279253	358.393376273449	264.664314449878	186.864787106355	464.848199647457	95.15	DOWN_pEhEx_UP_CmasM
EHI_067970A	13.0065784651166	51.324379463366	-0.718677916721671	0.951450659210973	-1.98040278565005	27.8240199450181	35.7753255565999	88.2105316186861	18.7763380117757	14.4888557670304	5.90415146055712	28.1358565353823	35.9802656190163	85.0488882840947	18.9250552709582	14.5774815167866	6.07069426259133	95.15	DOWN_pEhEx_UP_CmasM
EHI_004530A	43.0859917254259	145.341736956993	-0.714685301137313	0.951163773548512	-1.7541582565729	92.347049606703	88.5809210183472	248.955680642119	58.3726766326969	52.1817580044844	19.2163951069805	93.382025470595	89.0883595727126	240.032607015114	58.8350151608229	52.500944522806	19.7584462903712	95.12	DOWN_pEhEx_UP_CmasM
EHI_044980A	15.9211992342072	82.7209326435072	-0.712339532190303	0.950987718030579	-2.377303443272	27.9143325852674	30.6738378600584	184.505087064758	20.3730906000745	23.7886955406105	3.90679407678614	28.227181350934	30.8495538919263	177.892052679724	20.5344548763897	23.9342067536357	4.01699592998474	95.1	DOWN_pEhEx_UP_CmasM
EHI_056110A	72.1478038546325	218.567350822219	-0.711362897446315	0.950912474825532	-1.59905052450972	149.99198437457	138.909458375905	358.155180224293	110.578438462706	72.4261370394926	34.2082457392598	151.673013538642	139.705205518016	345.318176325479	111.454270708725	72.8691548181411	35.1731832304727	95.09	DOWN_pEhEx_UP_CmasM
EHI_172160A	220.572901811966	99.4383869368433	0.681001725291219	0.950823454124279	1.14938076277503	101.038810272062	120.8317500203	75.778004531977	208.777332482633	171.079494232582	278.194863090698	102.171198695875	121.523938449218	73.0619680390464	210.4309452716	172.125957023575	286.04211299954	95.08	UP_pEhEx_DOWN_CmasM
EHI_131480A	21.5918694487789	118.579677576673	-0.70806199479374	0.950645524115091	-2.45729671502553	25.2696587773816	70.4873217915665	253.205261521225	12.2790373781603	48.4368412890724	4.5213491026821	25.5528674671531	70.8911106013893	244.129874345999	12.3762930189106	48.7331208189462	4.64888616767204	95.06	DOWN_pEhEx_UP_CmasM
EHI_050650A	71.339070386607	244.188799414862	-0.706510239846368	0.950512675085899	-1.77523270611654	98.971295734678	157.52867072063	464.166448630693	112.958720952039	78.4770401793003	23.698509679006	100.08051257203	158.431078598338	447.529787094653	113.853406133474	78.957070254578	24.3669912097295	95.05	DOWN_pEhEx_UP_CmasM
EHI_012260A	6.40191237776355	25.0284113942626	-0.706156193838715	0.950481437993845	-1.9669918869231	11.8399303301836	20.4209405057988	41.8219441308738	9.25769510853568	6.75199873388801	3.25714277119615	11.9726258756731	20.5379224970664	40.3229613169779	9.33102032466808	6.79329950737664	3.34901942567636	95.05	DOWN_pEhEx_UP_CmasM
EHI_197010A	291.645444590297	644.559951474931	-0.705831744620302	0.950452342763867	-1.14409901214157	392.01764429214	502.393957101186	1015.53061211252	418.710235004081	311.208477624303	147.824956063149	396.411166356896	505.271936471716	979.131947101199	422.026613229825	313.112084444843	151.99476480837	95.05	DOWN_pEhEx_UP_CmasM
EHI_002200A	90.987017360772	248.612889926355	-0.704885426249993	0.950367220826832	-1.45016848660096	176.715015425119	173.095374306395	386.965436243357	128.732681911179	97.6454558747779	47.4150091849717	178.695541890568	174.086956528567	373.095814671357	129.752304140446	98.2427357343012	48.7524796988798	95.04	DOWN_pEhEx_UP_CmasM
