pEhEx_mean	U2AF84_mean	theta	prob	log2FC	U2AF84_1	U2AF84_2	U2AF84_3	pEhEx_1	pEhEx_2	pEhEx_3	U2AF84_1	U2AF84_2	U2AF84_3	pEhEx_1	pEhEx_2	pEhEx_3	DE	Regulation
EHI_186720A	10004.5711409237	4670.21696380861	2.18006362271488	1	1.09909784580655	2795.24542454513	6138.37070495233	5062.43391402391	9399.31205178185	11925.5808760593	8395.58448951698	2819.26492902067	6165.22713917795	4939.12546685728	9409.96508835341	12078.2893359532	8719.51284544788	100	UP_pEhEx_DOWN_U2AF84
EHI_188960A	5907.22168225931	2138.4287031994	2.77116414850922	0.999999999999994	1.46592864597754	1647.83131822777	2555.12076447442	2207.70669739919	4940.9988776258	7085.46895584246	5483.186569394	1661.99110948458	2566.29986004358	2153.93238858273	4946.5989302098	7176.199215703	5694.74534923881	100	UP_pEhEx_DOWN_U2AF84
EHI_007510A	6634.18598042128	13367.8912303753	-2.81360693150873	0.999999999999994	-1.0107805380719	12252.5831878685	13327.5403728276	14527.773034372	8741.11579473907	5649.9849382601	5322.83696411674	12357.8694622448	13385.8506686074	14173.9121911331	8751.0228417362	5722.33365714536	5528.2089461184	100	DOWN_pEhEx_UP_U2AF84
EHI_007620A	1819.70109977318	3699.02881474606	-2.03821103653656	0.999999999869158	-1.02344504296188	3347.20304783431	3675.20392088802	4076.34188159358	2390.82885093275	1558.32294153392	1458.38242152403	3375.96551637535	3691.28357412359	3977.05221261694	2393.53857979854	1578.27744931783	1514.65145445589	100	DOWN_pEhEx_UP_U2AF84
EHI_195110A	8.65642323179363	336.541764119	-1.58147122443424	0.999999870944485	-5.2808707036544	749.586856015519	230.618025736202	28.5209990743528	2.23833433127787	2.23833433127787	20.2306241658183	756.028045288119	231.627019512747	27.826297638793	2.24087122518661	2.26699646455335	21.0111859996813	100	DOWN_pEhEx_UP_U2AF84
EHI_114180A	6.01708624629082	42.1010211318306	-1.5628460057124	0.999997747675386	-2.80671828431947	27.694115640414	49.8367224472881	48.7194830011979	6.0191011360276	6.0191011360276	5.77633903782801	27.9320907851829	50.0547667334283	47.5327961431242	6.02592309322796	6.09617643105777	5.99920857242199	100	DOWN_pEhEx_UP_U2AF84
EHI_117850A	5133.55303422494	2054.65867057593	1.73189001372326	0.999631151264672	1.32105894286648	1133.86032858184	2642.0769535734	2383.23531039068	4222.29843928478	7138.93683830126	3923.14351096528	1143.60357437981	2653.63649751971	2325.18555599431	4227.08392778031	7230.35176065908	4074.51086712432	99.96	UP_pEhEx_DOWN_U2AF84
EHI_049000A	4117.96416638799	1699.25417521016	1.87131553229631	0.995492697748636	1.27702960837022	858.16563445932	2406.49398103639	1825.82080598405	3787.79437426976	5086.71603459347	3366.30328947764	865.539839642393	2417.0228087046	1781.34829884341	3792.08740250123	5151.85202919477	3496.18597858485	99.55	UP_pEhEx_DOWN_U2AF84
EHI_160980A	11103.3700861914	4874.87605153234	1.88362753233648	0.988699372161623	1.18756018619513	4966.72985477696	6210.77002470266	3422.204908454	8379.41246334354	10391.1607193522	13860.7563962303	5009.40889430887	6237.9432184826	3338.84840833684	8388.90956131502	10524.2207494215	14395.5484690152	98.87	UP_pEhEx_DOWN_U2AF84
EHI_015310A	8221.06672395662	4106.90795682148	2.00295834951266	0.985298698777894	1.00127298855627	2970.29862031088	4694.4047015384	4652.04174626537	7356.18091814126	10253.7972273477	6820.56863556784	2995.82235442658	4714.94353458632	4538.72944360059	7364.51830112379	10385.0983018132	7083.72786973338	98.53	UP_pEhEx_DOWN_U2AF84
EHI_017750A	1173.16344102502	473.0828182647	1.55643850473815	0.983204705040098	1.31023934843355	406.457622727308	462.707466776433	550.560289983423	1015.70256888334	1447.65192825787	1019.42190646766	409.950307341862	464.731892026142	537.14999454403	1016.85375064564	1466.18928075451	1058.75444639676	98.32	UP_pEhEx_DOWN_U2AF84
EHI_005020A	1075.00926485005	512.763022987323	1.21249017068999	0.978580477061384	1.06798496019888	428.374561096146	553.841517148043	555.765594565008	874.885520699729	1379.57215350826	937.004194488566	432.055577652726	556.264669641049	542.228510700149	875.877102572594	1397.23773651543	973.156796919049	97.86	UP_pEhEx_DOWN_U2AF84
EHI_103310A	1234.74970466629	399.579683752001	1.6693565451745	0.975049881639883	1.62766348599125	279.806533637753	573.796903806481	342.789208006886	962.187449995766	1458.44144346216	1232.74070369509	282.210907231564	576.307364569873	334.439705442969	963.277978540519	1477.1169569647	1280.30376138757	97.5	UP_pEhEx_DOWN_U2AF84
EHI_083270A	2023.73894324874	818.856486201359	1.57687609048372	0.971432324462339	1.3053406677271	374.010650808544	1171.29351600522	907.807923912054	2193.5989004072	2304.21157714816	1526.28669432169	377.22451905142	1176.41812785802	885.695954190719	2196.08509186256	2333.71727627284	1585.17569010134	97.14	UP_pEhEx_DOWN_U2AF84
EHI_083410A	2023.73894324874	818.856486201359	1.57687609048372	0.971432324462339	1.3053406677271	374.010650808544	1171.29351600522	907.807923912054	2193.5989004072	2304.21157714816	1526.28669432169	377.22451905142	1176.41812785802	885.695954190719	2196.08509186256	2333.71727627284	1585.17569010134	97.14	UP_pEhEx_DOWN_U2AF84
EHI_152080A	6460.86438141687	3224.31307202583	1.36161668468605	0.970697749107178	1.0027353596349	3250.71924871189	4211.60516243523	2192.56139131234	4268.41133339501	6272.21832570438	8421.72818305515	3278.65263332903	4230.0316639396	2139.15598492644	4273.24908553971	6352.53481599455	8746.66524584575	97.07	UP_pEhEx_DOWN_U2AF84
EHI_174880A	33.3250083056416	8.70294012138917	1.05547015806108	0.969223599798573	1.93703045961236	6.92622500887853	10.0264033849534	9.14237617602762	24.9724386992509	42.9518662578394	30.875254557157	6.98574196260948	10.0702706350708	8.91969036346694	25.0007420794641	43.5018699359807	32.0665200920504	96.92	UP_pEhEx_DOWN_U2AF84
EHI_134810A	924.742515948578	379.406119961532	1.33094698144534	0.967238398410317	1.28530876935002	240.963065769911	444.908271077954	451.999236240027	912.817342284763	1098.07526718913	738.962784251241	243.033657992646	446.854821765907	440.989645816167	913.851915504265	1112.13624959685	767.474319105724	96.72	UP_pEhEx_DOWN_U2AF84
EHI_140550A	2935.68911789358	1441.23956825765	1.50066463115153	0.96516330285646	1.02638903284982	980.554089560065	2080.04087182386	1254.66385469225	2381.69965114881	3216.09248336746	3076.13415700122	988.979977010188	2089.14141063877	1224.10332703586	2384.39903311915	3257.27492429974	3194.82119795048	96.52	UP_pEhEx_DOWN_U2AF84
EHI_049690A	2440.14210767612	1013.05611168172	1.6582504301647	0.964629238227572	1.2682510840286	856.125819780004	1409.79557025287	767.136954754411	2147.97481376596	2124.23993923461	2908.40696810366	863.482496864332	1415.96366987147	748.451384085952	2150.40929557907	2151.44108045674	3020.62256056564	96.46	UP_pEhEx_DOWN_U2AF84
EHI_152800A	645.45481934182	167.079432888379	1.17877582042833	0.964388502532339	1.94978196131497	76.0041651576554	224.385387695563	200.397050469654	389.867024444892	1124.94951863841	414.059741733025	76.6572678759831	225.367112601974	195.515870877021	390.308893769644	1139.35462898356	430.035483691697	96.44	UP_pEhEx_DOWN_U2AF84
EHI_004430A	56.8574960230195	5.79193783637595	1.03679397932769	0.963919786081089	3.29523254133257	2.34614046300904	2.34614046300904	12.7633616549499	73.8937005432971	87.4142210664907	10.4742508614489	2.36630081488964	2.35640523359027	12.4524775361591	73.9774505337177	88.5335704055813	10.8783807782395	96.39	UP_pEhEx_DOWN_U2AF84
EHI_083560A	501.83676880064	55.5592365216422	1.11895549436611	0.963813100735857	3.17511949915885	83.66703034676	76.1634803464603	6.29778157928929	63.1856677091489	150.761569538276	1215.35533240789	84.3859799574889	76.4967087548828	6.14438309936336	63.2572813788724	152.692089094065	1262.24760717331	96.38	UP_pEhEx_DOWN_U2AF84
EHI_135060A	2152.42171085894	943.706622242921	1.12660526705548	0.963682012065385	1.189550431976	451.340597847928	1020.90384496884	1360.43246125706	1804.77269508994	3338.22404624428	1293.52629044736	455.218961234128	1025.37047598233	1327.29567031388	1806.81819686904	3380.97039614378	1343.43464943549	96.37	UP_pEhEx_DOWN_U2AF84
EHI_066770A	647.298985050796	273.82716554891	1.12757747621321	0.963677680996561	1.24116666274115	188.903771452694	386.84014930454	244.257670815391	583.164010394315	681.679820010068	649.672443126879	190.527018894228	388.532641909661	238.308154316352	583.824959567587	690.408809946606	674.738872588517	96.37	UP_pEhEx_DOWN_U2AF84
EHI_174180A	647.298985050796	273.82716554891	1.12757747621321	0.963677680996561	1.24116666274115	188.903771452694	386.84014930454	244.257670815391	583.164010394315	681.679820010068	649.672443126879	190.527018894228	388.532641909661	238.308154316352	583.824959567587	690.408809946606	674.738872588517	96.37	UP_pEhEx_DOWN_U2AF84
EHI_025230A	812.41310924013	336.954620995427	1.13858140753808	0.963643664790199	1.26965920833001	242.698833914489	492.334431746096	273.662940264764	598.423755827737	898.550246200522	899.855226755411	244.784341568388	494.4884800952	266.997183677281	599.102000163174	910.056287345237	934.574503840011	96.36	UP_pEhEx_DOWN_U2AF84
EHI_160740A	812.41310924013	336.954620995427	1.13858140753808	0.963643664790199	1.26965920833001	242.698833914489	492.334431746096	273.662940264764	598.423755827737	898.550246200522	899.855226755411	244.784341568388	494.4884800952	266.997183677281	599.102000163174	910.056287345237	934.574503840011	96.36	UP_pEhEx_DOWN_U2AF84
EHI_022970A	740.569469461018	368.817181792813	1.17412079748427	0.96362985503049	1.00572920751677	373.29256066993	372.776356081948	360.186837085154	645.673930328848	775.670322696127	767.234293799568	376.500258374382	374.407317157646	351.4135710386	646.405727289647	785.602872028137	796.836633424	96.36	UP_pEhEx_DOWN_U2AF84
EHI_098800A	512.084682872633	200.548340707614	1.15390992354099	0.963240115211567	1.35243237715946	202.937109132802	234.805570497242	163.242728970507	401.813787562132	512.87298966697	593.823843727253	204.680944846927	235.832885506872	159.26653732782	402.269197165545	519.440388369574	616.735456569851	96.32	UP_pEhEx_DOWN_U2AF84
EHI_177520A	1671.60633165082	782.292296026998	1.154114262599	0.963232904599103	1.09545546580633	501.087374103356	861.925703916349	984.075050178947	1356.01746685476	2424.40382424364	1202.64307233176	505.393210835695	865.696778047783	960.105400719062	1357.55435631928	2455.44859916981	1249.04486766579	96.32	UP_pEhEx_DOWN_U2AF84
EHI_056250A	42.4702792291815	15.6080567384505	0.81937336351141	0.962683084818001	1.44416266643997	12.8308163090667	20.1610202690187	13.7673753477565	36.8033997318347	43.5653051783712	45.0584407840028	12.9410713324912	20.2492282220411	13.4320359231787	36.8451121423963	44.1231640137385	46.7969387601945	96.27	UP_pEhEx_DOWN_U2AF84
EHI_114920A	1771.05604498792	560.592304041298	1.32062287679568	0.962241491944518	1.65958602290935	186.191341616777	738.2262010522	756.535273771787	1427.52033841807	2872.35679360855	1001.57710584557	187.791281187019	741.456068449454	738.107933994145	1429.138268144	2909.13765877365	1040.22113660242	96.22	UP_pEhEx_DOWN_U2AF84
EHI_033850A	29.2095775004699	6.85643190344995	0.824125915380949	0.962191553516223	2.09091159425229	7.60171653461482	9.3459430709282	3.57212549396195	18.4153021274021	19.0410272586016	47.5193556185247	7.6670379774912	9.38683318940186	3.48511729687229	18.4361737492782	19.284849842816	49.3528035171939	96.22	UP_pEhEx_DOWN_U2AF84
EHI_037810A	64.1936593479161	20.4622321652028	0.826836265337264	0.961732347858926	1.64946727084358	17.4560211535065	29.0052110060884	14.7918815756397	45.1909708456506	64.3497346909839	79.2082278239372	17.60602049687	29.1321138242836	14.4315876974891	45.2421896010734	65.1737405806231	82.2643332144845	96.17	UP_pEhEx_DOWN_U2AF84
EHI_052110A	64.1936593479161	20.4622321652028	0.826836265337264	0.961732347858926	1.64946727084358	17.4560211535065	29.0052110060884	14.7918815756397	45.1909708456506	64.3497346909839	79.2082278239372	17.60602049687	29.1321138242836	14.4315876974891	45.2421896010734	65.1737405806231	82.2643332144845	96.17	UP_pEhEx_DOWN_U2AF84
EHI_048140A	552.940137195182	178.249258102102	0.981160986337908	0.960597071175122	1.63322722683409	84.7072072397115	211.641970678381	238.371871512079	379.908263104786	974.514020667399	301.964233766426	85.4350950757984	212.567940929789	232.565718617335	380.338845321698	986.992786841371	313.614974452322	96.06	UP_pEhEx_DOWN_U2AF84
EHI_155680A	474.29405125038	167.703182675576	0.980847459390966	0.960590196290239	1.4998717051145	117.069353483224	134.208717484266	252.686888030007	416.832841302392	725.458481051663	276.592451454911	118.075328785159	134.795903851279	246.53205651783	417.305273271685	734.748061870385	287.264268071677	96.06	UP_pEhEx_DOWN_U2AF84
EHI_086080A	324.005281884368	115.423540742986	0.979783138203306	0.960556733829131	1.48907983885041	94.2048316258269	137.196217907209	114.598629284173	198.340246938229	470.417924742864	292.676277718711	95.0143324141955	137.796475105631	111.807288347295	198.565042741646	476.441681366592	303.968659515329	96.06	UP_pEhEx_DOWN_U2AF84
EHI_048860A	15.9069052391885	3.81617830368138	0.831913345819399	0.96055146261529	2.05945269486729	1.58509388409141	6.69306472385471	3.13399192696446	16.9371844430374	16.7385601803721	13.5515056600809	1.59871457346228	6.72234804041605	3.05765558667641	16.9563807889292	16.9528994039749	14.0743658557396	96.06	UP_pEhEx_DOWN_U2AF84
EHI_050000A	70.0329974217882	11.6389729793046	0.985388640384132	0.960534994129161	2.58907107560787	2.53561611811288	17.6175848181333	14.715606905141	58.3252844748021	118.667625954236	33.1506132152193	2.55740463162316	17.6946648008559	14.3571708904879	58.3913894604792	120.187178803449	34.4296693250489	96.05	UP_pEhEx_DOWN_U2AF84
EHI_126980A	90.8208776683445	9.24530238721638	0.987107598520304	0.960442521290596	3.29623156672955	1.73036510027148	23.2500863091472	2.55949348487643	31.7045378360681	97.8230114565093	135.786700358155	1.74523410315234	23.3518094607317	2.49715051457534	31.7404712745146	99.075646575667	141.025783194999	96.04	UP_pEhEx_DOWN_U2AF84
EHI_054230A	101.19824081965	42.3939711661018	0.796983777340904	0.960021255486735	1.25525319189073	45.6927565825802	45.0321914617476	36.3790627866998	78.7685992528072	105.152063679578	114.429428503628	46.085393794897	45.2292150932874	35.4929582334772	78.8578743788918	106.498548170863	118.844479854916	96	UP_pEhEx_DOWN_U2AF84
EHI_168290A	86.75914167801	29.9763227354996	0.834830565306607	0.95970075241647	1.5331923648502	29.8438802796881	38.1154259692046	21.8221543931408	66.773844458711	78.3051313028638	109.769884085682	30.1003283216563	38.2821875546033	21.290620348895	66.8495249131021	79.3078376806349	114.00515539133	95.97	UP_pEhEx_DOWN_U2AF84
EHI_148470A	688.375378384778	282.564382375667	0.970624940306508	0.959404860356545	1.28461587293188	204.755456013053	301.747420139185	341.28013227003	441.701191198673	1092.98325466165	516.316084937975	206.514916756252	303.067617326881	332.967387081898	442.201808575522	1106.97903325255	536.237201894569	95.94	UP_pEhEx_DOWN_U2AF84
EHI_036560A	159.779500203823	19.0303501238741	1.01945055359874	0.959356843008347	3.06970831164914	17.3386960421845	34.9529116981805	4.53064400200784	63.449385952546	54.4818042393704	340.62394046758	17.4876872125226	35.105836736295	4.42028865000912	63.5212985164945	55.1794501238017	353.766295614401	95.94	UP_pEhEx_DOWN_U2AF84
EHI_167060A	741.727388820655	309.303674842157	1.00435937552682	0.958788961268073	1.26186506834386	341.023936976696	386.247976696215	199.027318096031	531.193143078527	602.475696035112	1037.38130348782	343.954350853255	387.937878443685	194.179501817349	531.795189265377	610.190467887419	1077.40677408273	95.88	UP_pEhEx_DOWN_U2AF84
EHI_202460A	312.224390326333	101.850701740685	1.01058462877761	0.958615368641137	1.61612732172729	76.7608851550991	144.101926866876	84.0936669047556	191.283621452674	423.560046577896	309.433049152275	77.4204903576829	144.732397737194	82.0453518731564	191.500419384656	428.983782583523	321.371960494033	95.86	UP_pEhEx_DOWN_U2AF84
EHI_035440A	8233.05439138322	3705.27672664907	0.962229144302019	0.956973180965986	1.15184646375568	4622.31126914496	5034.63457634029	1429.1232338795	4401.51406139123	5123.19910841853	14353.9421355007	4662.03072463234	5056.66197397536	1394.3133045506	4406.5026701328	5188.80227305322	14907.7628829288	95.7	UP_pEhEx_DOWN_U2AF84
EHI_124880A	137.547895144513	62.105115099818	0.785653575951718	0.956476852544433	1.14715006101784	66.8232831706634	59.3606269493885	60.1319774600503	106.205403721375	159.742461021265	140.757780477238	67.3974946996739	59.6203399660642	58.6673102877803	106.325775302158	161.787981944375	146.188663398065	95.65	UP_pEhEx_DOWN_U2AF84
EHI_170050A	528.935935869461	188.767821167765	0.959508246297058	0.955946400771797	1.48648014267433	175.772561790445	287.681933289357	101.176065251452	337.330078135357	434.747082195597	773.638175753721	177.282972932711	288.940591537717	98.7116649830303	337.71240288841	440.314069502583	803.487597514671	95.59	UP_pEhEx_DOWN_U2AF84
EHI_039020A	1512.21248279624	474.158927893021	0.783902562526427	0.955861238625728	1.67321826292033	62.2100192042813	488.589485890496	873.929322955114	455.759603062796	3818.08616385766	301.428247962837	62.7445890211492	490.727149453329	852.642552682725	456.276154028709	3866.97720437674	313.058308611461	95.59	UP_pEhEx_DOWN_U2AF84
EHI_146950A	221.744994741554	85.8871682115885	0.782139252399592	0.95522800040435	1.36838703036991	106.106314659367	99.299469083541	51.8724692698615	153.337224369908	179.451742353085	315.835236835855	107.018084723442	99.7339214469228	50.6089834160223	153.511014435606	181.749642932086	328.021164943782	95.52	UP_pEhEx_DOWN_U2AF84
EHI_134840A	102.585149127247	32.8018363985871	0.780920254349442	0.954784599021033	1.64497340147274	17.1601567105325	35.6157480361029	45.6720802597174	80.5216990304462	160.762025545938	65.2263112474303	17.307613694914	35.7715730979154	44.5596206422014	80.6129610930152	162.820602112202	67.7429498200275	95.48	UP_pEhEx_DOWN_U2AF84
EHI_090020A	14138.4661009514	6259.22173793496	1.3872668815348	0.954514912797033	1.17557041800655	3128.17780821304	7357.04831347094	8291.80893180705	11223.0832586361	21900.7081168124	9109.63899812748	3155.05819596177	7389.23667315505	8089.84084670255	11235.8033296096	22181.1492493545	9461.1178484055	95.45	UP_pEhEx_DOWN_U2AF84
EHI_030170A	123.348513033721	54.4012857758904	0.778372284781551	0.953844896481786	1.18102766892637	54.6802644888104	52.2308105391332	56.3138173450466	95.5908958804259	155.706779106141	114.372333833925	55.150131229698	52.4593293750293	54.9421511685052	95.6992371403089	157.700622649651	118.785182291238	95.38	UP_pEhEx_DOWN_U2AF84
EHI_148400A	32.90510188902	6.76616980540465	0.854059008576329	0.95229856714951	2.28190000019143	5.90138308921142	2.55143753499281	11.9220459364161	42.215322425582	44.3396758297046	12.3580765265611	5.9520935907933	2.56260051579551	11.6316542006551	42.2631686265808	44.9074505719599	12.8348904299547	95.23	UP_pEhEx_DOWN_U2AF84
EHI_077770A	29.7881376607807	8.75379157675417	0.95092048558222	0.952229900011924	1.76675799017006	11.3155468710892	7.18849388856653	7.76562506509566	23.193443812453	36.6425123924108	28.4079805779536	11.4127812056226	7.21994479346931	7.57647352567457	23.2197309070609	37.1117240553262	29.5040508343394	95.22	UP_pEhEx_DOWN_U2AF84
EHI_080590A	17.4381646627157	4.14510844044171	0.854337983742622	0.952185376681058	2.07276645713343	4.92098575587231	4.95532708379466	2.5389831024419	9.17725776136397	14.7210105769638	26.9557705124423	4.96327171700806	4.9770074974238	2.47713971464436	9.18765912499781	14.9095148415907	27.9958098850255	95.22	UP_pEhEx_DOWN_U2AF84
EHI_180390A	52.9783431915529	9.23523769051925	0.77162045627193	0.951301052481817	2.52018172861426	5.58129829311339	11.332112300967	10.7769872160483	7.55221739968413	132.476291023821	19.5822557864024	5.62925831056071	11.3816922535761	10.5144862962706	7.5607769674176	134.172665446581	20.33780150573	95.13	UP_pEhEx_DOWN_U2AF84
EHI_175070A	106.892505502965	46.0606511544922	0.770344958653703	0.950816801618592	1.21455399408603	49.2306671204657	49.7428631006169	39.1123609678712	80.4880734090088	116.816351485822	118.072629142819	49.6537055480935	49.9604967358709	38.1596799891411	80.5792973608127	118.312198548638	122.628246763775	95.08	UP_pEhEx_DOWN_U2AF84
EHI_035670A	405.058079257708	153.46909053905	0.770312554243269	0.950804534737444	1.40018066499423	66.4111354799608	112.808073218894	282.403207225709	403.298915913129	641.034622790742	172.296041872546	66.9818054296829	113.301628063354	275.524559217799	403.756008738309	649.243146216344	178.943771241104	95.08	UP_pEhEx_DOWN_U2AF84
EHI_112990A	352.00638390398	103.816268504537	0.769638444691363	0.950548189751945	1.76156905486693	135.280865109953	152.013912474298	23.0945713168272	147.74904120961	154.930657159327	710.696487578331	136.443331674223	152.678999651006	22.5320443237996	147.916497713953	156.914562370405	738.117418792181	95.05	UP_pEhEx_DOWN_U2AF84
EHI_151360A	57.1607612062998	21.4865154309823	0.769619271478013	0.950540909396739	1.4115935957298	22.9489264549243	19.3053211316362	22.2278029550133	38.2794435112579	79.9725886538489	51.3668353597607	23.1461262560053	19.3897852528333	21.6863883088457	38.3228288472717	80.9966470182993	53.3487312656666	95.05	UP_pEhEx_DOWN_U2AF84
EHI_166490A	847.457283867111	422.90830643871	0.947108920488058	0.950486497890452	1.00279575400748	348.138197362918	505.562751566517	413.962617693504	551.478764696354	1147.49635639455	811.823904806947	351.129743978551	507.774676104312	403.879505807063	552.103802296594	1162.19018163796	843.146653463443	95.05	UP_pEhEx_DOWN_U2AF84
EHI_112810A	27.1864795014	5.98648048458928	0.768643517693342	0.950170380011438	2.18310936080718	4.36645223798727	10.6126128643595	2.90935658682145	13.5568677210732	20.6493249898849	44.8534553248856	4.40397310043161	10.6590448824068	2.83849181128706	13.5722328676747	20.9137420149193	46.5840443100066	95.02	UP_pEhEx_DOWN_U2AF84
