edgeR	NOISeq	DESeq2
EHI_001940A	-1.33241235389805	1.41593803122298	-1.40314041683461
EHI_005960A	-2.65421954154421	2.75792380212221	-2.73821729777156
EHI_006680A	-8.64366442134945	9.83624744570226	-7.98009123877156
EHI_006810A	-1.54238562274653	1.63651322615489	-1.62231544967357
EHI_006960A	-1.61719120648254	1.73850769092784	-1.71092961584268
EHI_007510A	1.58188911116317	-1.49689018472789	1.51487523113573
EHI_007620A	1.5404014609199	-1.45600063691401	1.47425702679237
EHI_010020A	-2.45992697044816	2.55472769024164	-2.54600080097325
EHI_010030A	-1.69546625617479	1.78031759000179	-1.76906852331922
EHI_010350A	-2.55218588057652	2.6556491069418	-2.63739690816746
EHI_012020A	1.27411059936076	-1.18481403364904	1.19272623186474
EHI_013220A	-1.1734865678935	1.25705952797212	-1.24617051633454
EHI_014400A	-1.2086183626263	1.30148847226844	-1.28708584094612
EHI_017660A	-2.14303804111639	2.23032124715388	-2.2200702969955
EHI_017750A	-1.87964242611945	1.96998048240874	-1.95658572055965
EHI_023400A	2.0067672704434	-1.9291088125797	1.95740119629325
EHI_024690A	-2.62074153709846	2.7221230867434	-2.70422209512849
EHI_025360A	-1.52666541135832	1.61598572597623	-1.59977996766902
EHI_025600A	1.33213917977894	-1.24031657417089	1.24797404830968
EHI_025850A	1.22689367943677	-1.14311624029875	1.15743060139141
EHI_030820A	-1.05345555330389	1.14630931291943	-1.13323281383949
EHI_031240A	-2.07438003989386	2.1638402481657	-2.14900835405872
EHI_035670A	-2.01774910037572	2.11161087314344	-2.09825456203667
EHI_039020A	-2.55384933229972	2.6517072709135	-2.65198591601688
EHI_040310A	-1.35522587250844	1.42815248185481	-1.41097037476311
EHI_040820A	-2.95199379172723	3.06805493384639	-3.04673081822759
EHI_044610A	-2.65728297257116	2.79475330676041	-2.75832990345368
EHI_044830A	1.12869993664883	-1.04220598971969	1.0536116615632
EHI_048170A	-3.0404359619132	3.15248267033057	-3.13799030108093
EHI_049360A	-3.1625506533191	3.2766393616787	-3.25661867389279
EHI_050000A	-2.1733570171917	2.25974181139741	-2.26024902522725
EHI_054480A	-2.55310651128949	2.64914150524573	-2.6298751699694
EHI_054490A	-2.60814414993677	2.70795966246092	-2.6887744477703
EHI_058090A	-1.90233312751093	1.98760004907739	-1.97339734839877
EHI_062500A	-1.87519734164209	1.97858216143319	-1.9582943143574
EHI_062790A	-2.05176142569833	2.15234949339947	-2.13616719845281
EHI_067090A	-2.7783612641212	2.88912997585149	-2.87208642451206
EHI_068170A	-1.2253270080478	1.31206339439273	-1.30101514525471
EHI_069560A	-1.50993891380313	1.60538274163109	-1.59066606559742
EHI_069590A	-1.33847081858716	1.42686914837374	-1.40914776872885
EHI_073360A	-2.65676041675107	2.74852393777699	-2.72841310371259
EHI_074380A	-3.07224997617246	3.16593539378978	-3.15942558992068
EHI_075040A	3.99374597716525	-3.93318850155194	3.94171070977518
EHI_076020A	-1.19488097489351	1.26813391848043	-1.25366862448255
EHI_087570A	-1.34460430732663	1.42860578845449	-1.41934061713474
EHI_089770A	-8.35425173732803	9.54371658433369	-7.685163207947
EHI_090020A	-1.22231943910337	1.29959484677947	-1.29364443525441
EHI_092110A	-3.31237643348445	3.40943890022297	-3.39213343647225
EHI_093910A	-2.4644764198852	2.56415079844319	-2.5463545994198
EHI_095830A	-1.49290677202153	1.58033020882823	-1.5639784533876
EHI_098470A	-4.45147351140144	4.493079237244	-4.50190916100059
EHI_099720A	-2.00174994328136	2.08944780088054	-2.07362479510912
EHI_099860A	-2.37401325490694	2.48749088104019	-2.46719742741029
EHI_103510A	-1.39248785925082	1.47304539537319	-1.46542947559942
EHI_104360A	-1.29496883116481	1.38624438056178	-1.37632322555969
EHI_105140A	-1.04906816466758	1.12868965002306	-1.11914580561516
EHI_105860A	-2.76526112952019	2.87475792972477	-2.856638731051
EHI_110570A	-1.77350709485211	1.8690039892014	-1.85611525535127
EHI_110740A	1.32184621010203	-1.24500524680738	1.25344931122414
EHI_112800A	-1.66050810671706	1.7463831829566	-1.73040829391324
EHI_112880A	-2.06303402205036	2.14871875496497	-2.13150537053066
EHI_114920A	-1.83561029374843	1.91541033430561	-1.91038072743444
EHI_117850A	-1.08890725538083	1.15877608887796	-1.14970411557153
EHI_118270A	-2.04884286808935	2.13802270733748	-2.13387295981941
EHI_118670A	-2.21650121772173	2.31091322919606	-2.29373971476445
EHI_119540A	-1.96893293111953	2.0626106036741	-2.05093832384748
EHI_126980A	-2.69080931350547	2.79922395196516	-2.79983711445944
EHI_129370A	-2.85810537629798	2.96315367847024	-2.94349699421156
EHI_131210A	-2.53100440496111	2.6304384798257	-2.61188512987243
EHI_131230A	1.68073322983685	-1.59837680340917	1.60202822866058
EHI_134810A	-1.31488545282191	1.39567338924322	-1.38184527799155
EHI_135060A	-1.4603685776657	1.5511487900296	-1.54385465150745
EHI_135090A	-2.4738558711066	2.57469329172578	-2.5566011519233
EHI_137720A	-1.72797685637861	1.82032697232062	-1.80451267529376
EHI_138790A	-2.87979912153276	2.99832916497175	-2.97172846539261
EHI_141810A	-1.16075962862756	1.24735114608728	-1.23293754948694
EHI_144610A	-1.47975242598031	1.55973912359162	-1.54809739803815
EHI_147570A	-0.939772090988631	1.02678207136421	-1.01719297408821
EHI_148190A	-1.89726191323852	1.98472409648631	-1.97374866685236
EHI_148240A	-2.65500945730113	2.75729761533921	-2.74081145850868
EHI_148470A	-1.26914812201923	1.35974202853577	-1.35326545614614
EHI_155680A	-1.56473517069216	1.63629061547377	-1.62598059544794
EHI_156310A	-1.58756725956292	1.68251614606066	-1.68098757777444
EHI_156660A	-1.00338005088097	1.09452852157333	-1.07990157742493
EHI_157010A	1.60940025493714	-1.51299288515207	1.52522655330669
EHI_158070A	-2.68860793197297	2.79238008085982	-2.77344034665819
EHI_158270A	1.17970972134328	-1.09236248696771	1.10584998723147
EHI_158570A	-1.88701675339979	1.97293913849967	-1.97569912408107
EHI_163670A	-1.51853374426616	1.60561574268945	-1.59536337412924
EHI_166410A	-2.91612239527418	3.05245667590441	-3.02099534844603
EHI_167270A	-1.04906816466758	1.12868965002306	-1.11914580561516
EHI_167310A	-1.17683394643923	1.27023554690175	-1.26322846536661
EHI_169280A	-1.06673476750847	1.14929854324578	-1.13477974992633
EHI_169350A	-2.63823352222733	2.74617869095749	-2.74243699715823
EHI_174220A	-1.1699831696741	1.25422507206234	-1.23966923590592
EHI_174910A	-1.19834045724014	1.28604224458667	-1.2765742785593
EHI_176150A	-2.58159207300423	2.68388302275115	-2.6653447352767
EHI_176820A	-2.13641467959995	2.22951804699901	-2.21730815898216
EHI_177520A	-1.10199827454571	1.17985611146812	-1.17188449788062
EHI_178340A	-2.29062988583471	2.3833872411253	-2.38358513023539
EHI_178620A	-2.41666804541901	2.51967013807752	-2.50397796562487
EHI_179390A	-2.20156331150154	2.29105139417546	-2.27565761132051
EHI_180390A	-3.1452483052471	3.22599145829014	-3.24020754184931
EHI_186840A	-1.99579197902923	2.09703259980685	-2.08243148429054
EHI_187780A	-2.39679980529816	2.5021711401093	-2.48340638880365
EHI_188960A	-1.53109067698488	1.60652625136137	-1.59429938609483
EHI_193470A	-3.89415894797447	4.00143107460139	-3.9765686918265
EHI_194430A	-2.24850602982508	2.35435626602379	-2.33130211908236
EHI_195110A	5.55380039799462	-5.47619121854057	5.5033865751002
EHI_197020A	-3.01220875421684	3.11950224808374	-3.10078841581361
EHI_197840A	-1.11082241430074	1.1995545361478	-1.18654878986372
EHI_197990A	1.26333285234313	-1.17811734096012	1.18229413909999
EHI_198610A	-1.04556523202341	1.13193085350145	-1.11738810712853
EHI_198930A	-0.918584800848798	1.00832237329387	-0.999174788289554
EHI_200720A	-3.89415894797447	4.00143107460139	-3.9765686918265
