baseMean	log2FoldChange	lfcSE	stat	pvalue	padj	CDC5_1	CDC5_2	CDC5_3	pEhEx_1	pEhEx_2	pEhEx_3	CDC5_1.1	CDC5_2.1	CDC5_3.1	pEhEx_1.1	pEhEx_2.1	pEhEx_3.1	Certeza	DE
EHI_188960A	3861.58640304809	-2.32477662208478	0.39961891522598	-5.81748394159507	5.9739999107555e-09	2.35315856484659e-05	798	1152	1940	7493	6979	8726	1135.89586321599	1349.40790087219	1370.92717630416	5395.266961187	7801.0910957206	6116.92942098862	100	UP_pEhEx_DOWN_CDC5
EHI_095830A	179.499626454964	-2.77755178029929	0.50418571760135	-5.50898544590556	3.60907741473891e-08	7.10807796832828e-05	31	61	39	384	304	453	44.1262804006211	71.4530225288226	27.5598762246712	276.49573109513	339.809670883946	317.55317759659	99.99	UP_pEhEx_DOWN_CDC5
EHI_035220A	63.4759162894729	-3.02703557563966	0.590637735118026	-5.12502909255328	2.97491807377034e-07	0.000390606743086046	4	14	28	166	101	152	5.69371360008014	16.3990543508773	19.7865778023281	119.526800421332	112.897291971311	106.552059590909	99.96	UP_pEhEx_DOWN_CDC5
EHI_117850A	3525.58093466515	-2.22091993944021	0.46576668191782	-4.76831002658982	1.85777741233865e-06	0.00182944630680048	716	1244	1639	7024	7714	5476	1019.17473441435	1457.17311517796	1158.22146492913	5057.56774794842	8622.67039868014	3838.6781468409	99.82	UP_pEhEx_DOWN_CDC5
EHI_103310A	1257.73247563688	-2.31922958309214	0.504406533453051	-4.59793723767856	4.26694482586202e-06	0.00313722810203128	237	652	145	3240	3191	632	337.352530804748	763.727388340858	102.466206476342	2332.93273111516	3566.88374931142	443.032247772726	99.69	UP_pEhEx_DOWN_CDC5
EHI_181610A	237.45580455021	2.41997420844021	0.529039944090543	4.57427503437442	4.77871759639189e-06	0.00313722810203128	279	262	690	139	82	59	397.13652360559	306.896588566418	487.597810128799	100.085694328706	91.6591875410645	41.3590231306817	99.69	DOWN_pEhEx_UP_CDC5
EHI_194430A	77.6372628580407	-2.53716087883248	0.560747123148685	-4.52460792769817	6.0507569682322e-06	0.00340484738540952	8	16	58	92	117	282	11.3874272001603	18.7417764010026	40.9864825905367	66.2437689082082	130.782011491519	197.682110556818	99.66	UP_pEhEx_DOWN_CDC5
EHI_065340A	289.06671161599	-2.69592556545542	0.61540242038097	-4.38075229503726	1.18270261760627e-05	0.00582333201343885	62	151	29	696	511	537	88.2525608012422	176.875514784462	20.4932412952683	501.148512609923	571.193229676634	376.437210528408	99.42	UP_pEhEx_DOWN_CDC5
EHI_099860A	101.691605728556	-3.12828972051266	0.730960648845878	-4.27969648633199	1.87148354638845e-05	0.00819085965469344	5	7	130	117	162	339	7.11714200010018	8.19952717543866	91.8662540822374	84.2447930680474	181.082785142103	237.639132903408	99.18	UP_pEhEx_DOWN_CDC5
EHI_010020A	929.656301775254	-2.4347615237611	0.572459065240231	-4.25316266542021	2.10772353657767e-05	0.00830232301057946	96	128	1013	610	1264	3885	136.649126401923	149.934211208021	715.850118348512	439.224989500076	1412.89284209641	2723.38652309658	99.17	UP_pEhEx_DOWN_CDC5
EHI_103900A	161.664706502147	3.81858879720524	0.921062370450609	4.14585257167446	3.38551616525532e-05	0.0121232256135824	233	279	285	79	47	1	331.658817204668	326.809725992484	201.399095487982	56.8832363450919	52.5363635906101	0.701000392045452	98.79	DOWN_pEhEx_UP_CDC5
EHI_148470A	438.890297654585	-2.16243192728654	0.524554098985241	-4.12241927280675	3.74914016497016e-05	0.0123065525915145	103	173	190	564	909	1038	146.613125202064	202.645457335841	134.266063658655	406.103105045972	1016.0756277418	727.638406943179	98.77	UP_pEhEx_DOWN_CDC5
EHI_068610A	122.967505090383	1.84548199667353	0.450039138811381	4.10071444352089	4.11876556317157e-05	0.0124798596564099	149	192	184	96	69	35	212.090831602985	224.901316812032	130.026082701013	69.1239327737825	77.1278529308957	24.5350137215908	98.75	DOWN_pEhEx_UP_CDC5
EHI_050640A	24.279319445659	3.91311851868799	0.967713373994007	4.0436751458105	5.2619814629171e-05	0.014804960701736	28	35	75	4	8	0	39.855995200561	40.9976358771933	52.9997619705216	2.88016386557427	8.94235976010385	0	98.52	DOWN_pEhEx_UP_CDC5
EHI_109880A	21.9621734779056	-2.73519554082879	0.684374854434304	-3.99663360380134	6.42496269857943e-05	0.0168719520464696	4	5	8	39	41	58	5.69371360008014	5.85680512531333	5.6533079435223	28.0815976893491	45.8295937705322	40.6580227386362	98.31	UP_pEhEx_DOWN_CDC5
EHI_159820A	72.5520065500719	-1.92474064646764	0.487929945725828	-3.944706946823	7.98976280179213e-05	0.019669797297662	21	33	33	144	106	173	29.8919964004207	38.654913827068	23.3198952670295	103.685899160674	118.486266821376	121.273067823863	98.03	UP_pEhEx_DOWN_CDC5
EHI_035510A	140.780538605405	-1.87234385332922	0.481088862118698	-3.8918877587053	9.94672615612857e-05	0.0210061696442841	33	37	101	168	119	612	46.9731372006612	43.3403579273186	71.3730127869691	120.966882354119	133.017601431545	429.012239931817	97.9	UP_pEhEx_DOWN_CDC5
EHI_112800A	186.300870250057	-2.30482832200609	0.588939189231833	-3.91352513832936	9.09584263437924e-05	0.0210061696442841	55	52	55	250	225	725	78.2885620011019	60.9107733032586	38.8664921117158	180.010241598392	251.503868252921	508.225284232953	97.9	UP_pEhEx_DOWN_CDC5
EHI_119540A	5118.1319791128	-1.77602168303028	0.459748611532765	-3.86302783407907	0.00011199024182025	0.0210061696442841	716	696	8923	3831	4262	21464	1019.17473441435	815.267273443615	6305.55834750619	2758.47694225376	4764.04216219533	15046.2724148636	97.9	UP_pEhEx_DOWN_CDC5
EHI_134840A	60.6760265151401	-2.25306785101179	0.581796599454537	-3.87260402196257	0.000107678694580236	0.0210061696442841	12	19	30	69	91	217	17.0811408002404	22.2558594761906	21.1999047882086	49.6828266811562	101.719342271181	152.117085073863	97.9	UP_pEhEx_DOWN_CDC5
EHI_147570A	1913.41165387526	-1.55663408519586	0.402885718588697	-3.86371125451835	0.000111677223310025	0.0210061696442841	650	825	1446	3071	3069	4173	925.228460013023	966.372845676699	1021.83541079166	2211.24580779465	3430.51276296984	2925.27463600567	97.9	UP_pEhEx_DOWN_CDC5
EHI_056460A	203.423221055341	-1.92669981025604	0.501671476341274	-3.84056080745829	0.00012275356026593	0.0219784669948863	63	110	68	387	305	477	89.6759892012622	128.849712756893	48.0531175199396	278.655853994311	340.927465853959	334.377187005681	97.8	UP_pEhEx_DOWN_CDC5
EHI_023400A	1926.83926514902	2.0045531019772	0.524717565737978	3.82025156554068	0.000133315628881772	0.0228317505289261	2623	3888	1610	1723	438	578	3733.65269325255	4554.25166544364	1137.72822363386	1240.63058509612	489.594196865686	405.178226602271	97.72	DOWN_pEhEx_UP_CDC5
EHI_098470A	1568.08635837016	-14.5045429803115	3.84337632114204	-3.77390652602072	0.000160710996818113	0.0259014831606417	0	0	552	486	7755	0	0	0	390.078248103039	349.939909667274	8668.49999245067	0	97.41	UP_pEhEx_DOWN_CDC5
EHI_163670A	2997.76806177112	-1.80532054703362	0.479086331522178	-3.76825726022627	0.000164391236104606	0.0259014831606417	1009	1046	1743	3643	4428	9302	1436.23925562022	1225.24363221555	1231.71446819492	2623.10924057177	4949.59612721748	6520.7056468068	97.41	UP_pEhEx_DOWN_CDC5
EHI_005070A	127.80145453784	-2.12753442734531	0.569435766201161	-3.73621495807787	0.000186810989582474	0.0283018649217449	33	48	46	174	154	476	46.9731372006612	56.2253292030079	32.5065206752532	125.287128152481	172.140425381999	333.676186613635	97.17	UP_pEhEx_DOWN_CDC5
EHI_041580A	57.210392063042	2.44488027554856	0.662272104655053	3.69165522504075	0.00022279935426779	0.0313430948736009	80	86	88	30	37	5	113.874272001603	100.737048155389	62.1863873787453	21.601228991807	41.3584138904803	3.50500196022726	96.87	DOWN_pEhEx_UP_CDC5
EHI_169350A	3732.0679354625	-3.05814288281169	0.827725402443295	-3.6946345657444	0.000220203252428213	0.0313430948736009	133	100	9142	1248	3834	14895	189.315977202665	117.136102506267	6460.31765246011	898.611126059173	4285.62591502977	10441.400839517	96.87	UP_pEhEx_DOWN_CDC5
EHI_196580A	89.458153527629	-1.67001951080443	0.455025452914619	-3.67016724033193	0.000242391828339354	0.0329234969596109	21	29	88	118	97	310	29.8919964004207	33.9694697268173	62.1863873787453	84.964834034441	108.426112091259	217.31012153409	96.71	UP_pEhEx_DOWN_CDC5
EHI_050520A	889.986842836856	-1.5241523796758	0.42217833203667	-3.61020986634486	0.000305949357735399	0.0384807250066757	219	359	936	1211	1190	2488	311.730819604388	420.518607997497	661.437029392109	871.969610302611	1330.17601431545	1744.08897540909	96.15	UP_pEhEx_DOWN_CDC5
EHI_140640A	31.8587275821704	-4.50640218046149	1.25017490562671	-3.60461737008107	0.000312613150600057	0.0384807250066757	0	0	61	32	51	97	0	0	43.1064730693576	23.0413109245942	57.0075434706621	67.9970380284089	96.15	UP_pEhEx_DOWN_CDC5
EHI_195110A	339.051749902819	11.0221440103139	3.05044107827239	3.61329516863058	0.000302330204020683	0.0384807250066757	958	545	5	0	0	41	1363.64440721919	638.391758659153	3.53331746470144	0	0	28.7410160738635	96.15	DOWN_pEhEx_UP_CDC5
EHI_035670A	244.349889082748	-2.01879690013361	0.563325688207091	-3.58371177170861	0.000338745877879582	0.0388196694148784	40	29	401	284	294	797	56.9371360008014	33.9694697268173	283.372060669055	204.491634455773	328.631721183817	558.697312460225	96.12	UP_pEhEx_DOWN_CDC5
EHI_080100A	20.502334553685	3.65483152192851	1.01727553843636	3.59276457934523	0.000327188167024247	0.0388196694148784	26	28	58	3	9	0	37.0091384005209	32.7981087017546	40.9864825905367	2.1601228991807	10.0601547301168	0	96.12	DOWN_pEhEx_UP_CDC5
EHI_171280A	998.414880698298	-2.17171048590186	0.606795215513915	-3.57898419496035	0.000344932325341646	0.0388196694148784	312	500	209	1594	1434	2942	444.109660806251	585.680512531333	147.69267002452	1147.74530043135	1602.91798699862	2062.34315339772	96.12	UP_pEhEx_DOWN_CDC5
EHI_026360A	39.992288269414	-2.81470358736183	0.79614117436778	-3.53543275738377	0.000407107842347175	0.0428644222286393	9	18	3	57	78	108	12.8108556001803	21.084498451128	2.11999047882086	41.0423350844334	87.1880076610126	75.7080423409088	95.71	UP_pEhEx_DOWN_CDC5
EHI_098440A	963.212437621872	2.5941093486831	0.733123339226617	3.53843508981676	0.000402506229212124	0.0428644222286393	1090	1448	1935	726	540	54	1551.53695602184	1696.13076429074	1367.39385883946	522.74974160173	603.60928380701	37.8540211704544	95.71	DOWN_pEhEx_UP_CDC5
EHI_179390A	221.644742277159	-1.96010368855757	0.555065320533118	-3.53130274230602	0.000413518163160267	0.0428644222286393	46	35	303	300	329	607	65.4777064009216	40.9976358771933	214.119038360907	216.01228991807	367.754545134271	425.50723797159	95.71	UP_pEhEx_DOWN_CDC5
EHI_031240A	211.927224768695	-2.78601062886804	0.793060904428935	-3.51298445467335	0.000443103400754218	0.044753443476176	42	55	22	191	226	1058	59.7839928008415	64.4248563784466	15.5465968446863	137.527824581171	252.621663222934	741.658414784089	95.52	UP_pEhEx_DOWN_CDC5
EHI_014250A	260.77158479828	2.64812811399755	0.759336434290541	3.48742401182386	0.000487697489255333	0.0457390573851609	315	326	638	117	167	18	448.379946006311	381.863694170429	450.851308495904	84.2447930680474	186.671759992168	12.6180070568181	95.43	DOWN_pEhEx_UP_CDC5
EHI_017750A	908.834442819157	-1.66644192577911	0.476848227535422	-3.49470089129211	0.000474593296777293	0.0457390573851609	176	141	1594	950	880	3200	250.523398403526	165.161904533836	1126.42160774682	684.038918073889	983.659573611424	2243.20125454545	95.43	UP_pEhEx_DOWN_CDC5
EHI_096200A	21.5640534510768	-2.63938420638116	0.755519935490867	-3.49346732282628	0.000476791332095506	0.0457390573851609	3	3	14	19	30	92	4.27028520006011	3.514083075188	9.89328890116403	13.6807783614778	33.5338491003895	64.4920360681816	95.43	UP_pEhEx_DOWN_CDC5
EHI_099720A	170.708976843999	-1.76961105338671	0.508589481657699	-3.47944878375942	0.000502446398211402	0.0460264270361561	28	31	198	105	143	817	39.855995200561	36.3121917769426	139.919371602177	75.6043014713246	159.844680711856	572.717320301135	95.4	UP_pEhEx_DOWN_CDC5
EHI_044550A	101849.361121544	1.33312291402415	0.383936385362983	3.47224947894372	0.00051611646769517	0.0462041537784381	98905	103273	250407	80340	53808	77595	140784.185903982	120969.967141297	176953.485276699	57848.0912400592	60146.3117464585	54394.1254207669	95.38	DOWN_pEhEx_UP_CDC5
EHI_083400A	432.443183954505	1.49875553141229	0.433943351472409	3.45380457224861	0.000552737763630745	0.0483829789098112	496	671	518	488	270	119	706.020486409937	785.983247817049	366.051689343069	351.379991600061	301.804641903505	83.4190466534088	95.16	DOWN_pEhEx_UP_CDC5
EHI_058110A	44.7415101715089	2.67335562188747	0.777151024186937	3.43994350993021	0.000581835615123355	0.0487627763398063	51	30	176	26	12	6	72.5948484010218	35.14083075188	124.372774757491	18.7210651262328	13.4135396401558	4.20600235227271	95.12	DOWN_pEhEx_UP_CDC5
EHI_089770A	22.843078563379	-4.44226775981168	1.28989379155238	-3.44390196224251	0.000573383573147256	0.0487627763398063	0	0	40	51	35	47	0	0	28.2665397176115	36.722089286072	39.1228239504544	32.9470184261363	95.12	UP_pEhEx_DOWN_CDC5
