baseMean	log2FoldChange	lfcSE	stat	pvalue	padj	CDC5_1	CDC5_2	pEhEx_1	pEhEx_2	CDC5_1.1	CDC5_2.1	pEhEx_1.1	pEhEx_2.1	Certeza	DE
EHI_000140A	210.941838489068	-1.40909253320689	0.366388773429516	-3.84589440341563	0.000120113486894178	0.00342323437648408	78	124	476	290	102.188307055328	128.29318699928	307.411060513123	305.874799388541	99.66	UP_pEhEx_DOWN_CDC5
EHI_000690A	108.285972784421	-9.97789656987514	1.5466168792926	-6.45143390290612	1.10796772193714e-10	2.1272980261193e-08	0	0	184	298	0	0	118.83116624877	314.312724888915	100	UP_pEhEx_DOWN_CDC5
EHI_001940A	703.836314039011	-1.74871981773032	0.377746572191628	-4.62934662142534	3.66821308129331e-06	0.000193936830732724	298	247	1316	1251	390.411737211381	255.55175152276	849.901167300988	1319.48060012091	99.98	UP_pEhEx_DOWN_CDC5
EHI_005020A	922.920994382771	-1.46609340789602	0.355204871751193	-4.12745861470887	3.66794417089174e-05	0.00131182944464834	375	473	1570	1609	491.289937766	489.376431053706	1013.93984244875	1697.07776626263	99.87	UP_pEhEx_DOWN_CDC5
EHI_005070A	91.9246024839505	-1.55809937157228	0.469848420565469	-3.31617454347742	0.000912588126184024	0.0174299554152844	33	48	174	154	43.233514523408	49.6618788384311	112.372950691772	162.430065882191	98.26	UP_pEhEx_DOWN_CDC5
EHI_007510A	35429.8318842384	1.32099802921701	0.316505196651112	4.17370091611217	2.99691127916436e-05	0.00112982022989945	41255	45584	37214	15620	54048.4436867635	47162.2309368967	24033.6033738138	16475.0495394794	99.89	DOWN_pEhEx_UP_CDC5
EHI_007940A	419.834412804055	-1.49199300417251	0.349257108032452	-4.27190447913196	1.93810598516901e-05	0.000785578959321838	139	249	884	634	182.104803598597	257.620996474361	570.906255238657	668.705595904604	99.92	UP_pEhEx_DOWN_CDC5
EHI_010020A	496.336319751625	-2.73999839271671	0.514108583731528	-5.32961027965944	9.84237411832037e-08	7.32754709870055e-06	96	128	610	1264	125.770224068096	132.431676902483	393.951148976902	1333.19222905902	100	UP_pEhEx_DOWN_CDC5
EHI_010030A	380.816367425661	-2.30924798804125	0.511236940877579	-4.51698185987351	6.27272767583034e-06	0.000309228521100393	146	63	704	770	191.275549103563	65.1812159754408	454.658375212687	812.150329410954	99.97	UP_pEhEx_DOWN_CDC5
EHI_013220A	982.760590294942	-1.537858562059	0.355821760572568	-4.32199132392681	1.54627270716695e-05	0.000641000322243754	371	503	1690	1738	486.049511763163	520.415105327726	1091.43842913273	1833.13931495615	99.94	UP_pEhEx_DOWN_CDC5
EHI_013340A	66.6323621685706	-1.57320766738456	0.504301129683483	-3.11957989935886	0.00181109135171623	0.0303067029865174	25	33	136	106	32.7526625177333	34.1425417014214	87.8317315751781	111.802512879949	96.97	UP_pEhEx_DOWN_CDC5
EHI_015310A	6736.74843679364	-1.64011199545894	0.324229443992544	-5.05849183609819	4.22585337888784e-07	2.8547987270709e-05	2271	3450	12746	11539	2975.2518631109	3569.44754151223	8231.64154895015	12170.6527936013	100	UP_pEhEx_DOWN_CDC5
EHI_015440A	228.689653066639	-1.58341020098077	0.402603372171877	-3.93292831214735	8.39172703925806e-05	0.00270911683532862	90	107	401	405	117.90958506384	110.704604910669	258.974443835635	427.169978456411	99.73	UP_pEhEx_DOWN_CDC5
EHI_017030A	77.5957862568663	-2.2358058874357	0.534403344653326	-4.18374231711835	2.86749130331824e-05	0.0011011166604742	20	27	142	156	26.2021300141867	27.9348068466175	91.7066609093771	164.539547257284	99.89	UP_pEhEx_DOWN_CDC5
EHI_017660A	188.992050731667	-2.88008638237028	0.512956937191371	-5.61467478759487	1.96932274950296e-08	1.89054983952284e-06	30	49	293	452	39.30319502128	50.6965013142317	189.225715820053	476.742790771105	100	UP_pEhEx_DOWN_CDC5
EHI_017750A	479.540699042168	-2.03600878375167	0.38848434748899	-5.24090300397334	1.59792697524332e-07	1.16584752113753e-05	176	141	950	880	230.578744124843	145.881769087891	613.530477914847	928.17180504109	100	UP_pEhEx_DOWN_CDC5
EHI_020080A	544.114593306198	-1.40630046007455	0.342232339190953	-4.10919804773297	3.97035475785949e-05	0.00137941468158776	261	246	1073	841	341.937796685136	254.517129046959	692.966529265927	887.036918226769	99.86	UP_pEhEx_DOWN_CDC5
EHI_022010A	2332.5100172637	-1.88258797751193	0.283718530860647	-6.63540718260872	3.2360795164217e-11	9.08093698146643e-09	743	983	5923	3332	973.409130027035	1017.03389371204	3825.20107441014	3514.39597090558	100	UP_pEhEx_DOWN_CDC5
EHI_023000A	77.3958540306836	-2.33783106002022	0.518305281047151	-4.51052911384004	6.46661250166219e-06	0.000314536032080849	20	24	157	149	26.2021300141867	24.8309394192155	101.393984244875	157.156362444457	99.97	UP_pEhEx_DOWN_CDC5
EHI_023400A	2258.43712472244	2.2421199503622	0.420034997980989	5.33793603185342	9.40106127607578e-08	7.14480656981759e-06	2623	3888	1723	438	3436.40935136058	4022.61218591292	1112.75054047082	461.976421145452	100	DOWN_pEhEx_UP_CDC5
EHI_025360A	268.513875961921	-1.22121282571169	0.343819216604165	-3.55190392722482	0.000382454475436824	0.008665800785053	126	152	545	379	165.073419089376	157.262616321698	351.972747856412	399.746720580197	99.13	UP_pEhEx_DOWN_CDC5
EHI_027610A	491.370176598069	-2.02983561970481	0.320425600112298	-6.33481101071022	2.37632369152959e-10	4.12801372699998e-08	153	180	1143	797	200.446294608528	186.232045644117	738.174038164916	840.628327974715	100	UP_pEhEx_DOWN_CDC5
EHI_028990A	276.451657211835	-2.79683200024519	0.469556766299965	-5.95632349690922	2.57975442536219e-09	3.48553486804491e-07	58	61	450	641	75.9861770411413	63.1119710238395	290.619700064927	676.08878071743	100	UP_pEhEx_DOWN_CDC5
EHI_030070A	11372.6525001904	-1.58987253929044	0.323161968118681	-4.91973900439474	8.66596903437378e-07	5.09894436087025e-05	3730	6240	22124	18829	4886.69724764581	6456.04424899604	14288.1560983032	19859.7124058167	99.99	UP_pEhEx_DOWN_CDC5
EHI_035060A	66.3445679261982	-9.27716407268559	1.52663517032	-6.07687039644254	1.22550731044325e-09	1.83251521826453e-07	0	0	228	112	0	0	147.247314699563	118.13095700523	100	UP_pEhEx_DOWN_CDC5
EHI_035220A	58.3650820881089	-3.40077073212545	0.63082546324419	-5.39098519364781	7.00724487956783e-08	5.55704985231814e-06	4	14	166	101	5.24042600283733	14.4847146612091	107.206378246173	106.528809442216	100	UP_pEhEx_DOWN_CDC5
EHI_035510A	78.8816773259153	-1.52206602190161	0.472073711564976	-3.22421262742168	0.00126319569193361	0.0223487052746331	33	37	168	119	43.233514523408	38.281031604624	108.498021357573	125.514141818057	97.77	UP_pEhEx_DOWN_CDC5
EHI_035600A	2989.80926160576	-1.19480774000609	0.298924702949636	-3.99701907609623	6.41451336867244e-05	0.00208929864008188	1435	1697	5632	4443	1880.00282851789	1755.7543414337	3637.26700170149	4686.21287476996	99.79	UP_pEhEx_DOWN_CDC5
EHI_035650A	88.785025972797	-1.65152714147617	0.459212293279742	-3.59643495099139	0.000322608209128917	0.007742597019094	33	41	187	141	43.233514523408	42.4195215078266	120.76863091587	148.718436944084	99.23	UP_pEhEx_DOWN_CDC5
EHI_035670A	143.978848946019	-2.58970437611974	0.484434422098028	-5.34583063875609	9.00033364653002e-08	6.98579088139181e-06	40	29	284	294	52.4042600283733	30.0040517982188	183.413321818754	310.093762138728	100	UP_pEhEx_DOWN_CDC5
EHI_036560A	89.9085727389497	-1.74629068527616	0.456273998490459	-3.82728512046183	0.000129564405246305	0.00358068901771606	29	43	225	125	37.9930885205707	44.4887664594279	145.309850032464	131.842585943337	99.64	UP_pEhEx_DOWN_CDC5
EHI_037810A	47.3869196304704	-1.99813321732116	0.598106143358819	-3.34076691822646	0.000835473296545834	0.0164746301935092	13	20	93	87	17.0313845092213	20.692449516013	60.061404680085	91.7624398165623	98.35	UP_pEhEx_DOWN_CDC5
EHI_038300A	48.7638918674975	-2.65552816556664	0.596872939421073	-4.44906778340852	8.62437972246059e-06	0.000393271715344203	11	12	138	75	14.4111715078027	12.4154697096078	89.1233746865777	79.105551566002	99.96	UP_pEhEx_DOWN_CDC5
EHI_044550A	86265.8602741136	1.12184376738511	0.286121693242096	3.92086232495447	8.82326638263545e-05	0.00275328226845989	98905	103273	80340	53808	129576.083452657	106848.56694336	51885.303784925	56753.4869155125	99.72	DOWN_pEhEx_UP_CDC5
EHI_044820A	132.391764853147	-2.09898990069102	0.498153174083566	-4.21354316280822	2.5139551783475e-05	0.000996837879414313	27	62	238	262	35.372875519152	64.1465934996402	153.705530256562	276.342060137234	99.9	UP_pEhEx_DOWN_CDC5
EHI_044830A	39629.8692957268	1.06157311750597	0.28434471307439	3.73340198953598	0.000188910725060312	0.00491510624677643	42177	50178	36062	26602	55256.3618804175	51915.2865907249	23289.6169416476	28058.2117701171	99.51	DOWN_pEhEx_UP_CDC5
EHI_045280A	37.153581963842	-1.88197579228468	0.641219659842431	-2.93499390325484	0.00333554241665878	0.0468002259075816	14	13	78	63	18.3414910099307	13.4500921854084	50.3740813445874	66.4486633154417	95.32	UP_pEhEx_DOWN_CDC5
EHI_048140A	927.087946017166	-2.5803471560864	0.461572011951608	-5.59034579496324	2.26617860114973e-08	2.06675488424856e-06	227	226	1320	2204	297.394175661019	233.824679530946	852.484453523787	2324.64847535291	100	UP_pEhEx_DOWN_CDC5
EHI_048300A	37.4437679467848	-6.98462916396747	1.54163273497028	-4.5306699874287	5.87969233975882e-06	0.000297904411881113	1	0	78	93	1.31010650070933	0	50.3740813445874	98.0908839418425	99.97	UP_pEhEx_DOWN_CDC5
EHI_049000A	3114.13934786433	-2.48064195802321	0.321096491212107	-7.72553430484102	1.11385138572708e-14	8.12665971026474e-12	660	993	6747	5885	864.67029046816	1027.38011847004	4357.35803630681	6207.14894621229	100	UP_pEhEx_DOWN_CDC5
EHI_049690A	2123.4425037674	-1.29330289569728	0.28186926569708	-4.58830760600615	4.46853867764467e-06	0.000232874701372111	927	1205	4559	2928	1214.46872615755	1246.72008333978	2944.30047243557	3088.28073313672	99.98	UP_pEhEx_DOWN_CDC5
EHI_050520A	673.893528650212	-1.62744810369523	0.365702067841865	-4.45020208198265	8.57895260809311e-06	0.000393271715344203	219	359	1211	1190	286.913323655344	371.429468812433	782.089903952505	1255.14141818057	99.96	UP_pEhEx_DOWN_CDC5
EHI_052110A	47.3869196304704	-1.99813321732116	0.598106143358819	-3.34076691822646	0.000835473296545834	0.0164746301935092	13	20	93	87	17.0313845092213	20.692449516013	60.061404680085	91.7624398165623	98.35	UP_pEhEx_DOWN_CDC5
EHI_056460A	191.993508410085	-1.53580822546158	0.395156913284881	-3.8865781511821	0.000101667205660426	0.00309068305207694	63	110	387	305	82.536709544688	113.808472338071	249.932942055838	321.695909701741	99.69	UP_pEhEx_DOWN_CDC5
EHI_056690A	163.228260834288	-1.55484798808015	0.404082595134809	-3.84784696693363	0.00011916044630199	0.00342281344968235	64	79	312	271	83.8468160453973	81.7351755882512	201.49632537835	285.834726325154	99.66	UP_pEhEx_DOWN_CDC5
EHI_057550A	503.445419946708	2.07776505488516	0.361333419385357	5.75027092268278	8.91005542400127e-09	9.28682348193047e-07	738	640	341	156	966.858597523488	662.158384512415	220.225150493645	164.539547257284	100	DOWN_pEhEx_UP_CDC5
EHI_057850A	557.809679978898	-1.28927676943009	0.312856187525863	-4.1209885590756	3.77250161719243e-05	0.0013361248446134	236	327	1149	798	309.185134167403	338.321549586812	742.048967499115	841.683068662261	99.87	UP_pEhEx_DOWN_CDC5
EHI_065340A	306.479722748331	-2.05064371073266	0.410140663581405	-4.99985466650918	5.73735441079933e-07	3.60859808458551e-05	62	151	696	511	81.2266030439787	156.227993845898	449.491802767088	538.97249133636	100	UP_pEhEx_DOWN_CDC5
EHI_066770A	662.259988085323	-1.8324471318654	0.329679524495824	-5.55826794117028	2.72464898784778e-08	2.31151616457412e-06	194	315	1430	1086	254.160661137611	325.906079877204	923.524824650769	1145.44838667571	100	UP_pEhEx_DOWN_CDC5
EHI_068610A	132.15734018683	1.55159701470631	0.399925694109473	3.87971325063596	0.000104579679557115	0.00315294769441615	149	192	96	69	195.205868605691	198.647515353724	61.9988693471845	72.7771074407218	99.68	DOWN_pEhEx_UP_CDC5
EHI_069280A	69.2719978971547	-1.60142441984252	0.491799703843737	-3.25625332290023	0.00112892979220499	0.0208111677963079	28	31	156	102	36.6829820198613	32.0732967498201	100.748162689175	107.583550129763	97.92	UP_pEhEx_DOWN_CDC5
EHI_073180A	241.304595989495	-2.03503472553384	0.363880858076929	-5.59258526620163	2.23713227207742e-08	2.06675488424856e-06	75	88	540	405	98.2579875532	91.046777870457	348.743640077913	427.169978456411	100	UP_pEhEx_DOWN_CDC5
EHI_076020A	434.254837357077	-1.33252670697819	0.348065125269407	-3.82838328300429	0.000128987775184303	0.00358068901771606	191	235	789	696	250.230341635483	243.136281813152	509.553207447173	734.099518532499	99.64	UP_pEhEx_DOWN_CDC5
EHI_077770A	67.580562426759	-2.1438138676443	0.546738925141255	-3.92109244296157	8.81484360807685e-05	0.00275328226845989	19	24	126	132	24.8920235134773	24.8309394192155	81.3735160181797	139.225770756164	99.72	UP_pEhEx_DOWN_CDC5
EHI_083270A	2098.48498208003	-2.7757523511837	0.306979250735736	-9.04214973660621	1.53620468308945e-19	1.86802489463677e-16	353	586	5365	3660	462.467594750395	606.288770819179	3464.83264632963	3860.3509164209	100	UP_pEhEx_DOWN_CDC5
EHI_083410A	2098.48498208003	-2.7757523511837	0.306979250735736	-9.04214973660621	1.53620468308945e-19	1.86802489463677e-16	353	586	5365	3660	462.467594750395	606.288770819179	3464.83264632963	3860.3509164209	100	UP_pEhEx_DOWN_CDC5
EHI_087410A	92.3423830238939	-1.7510286302125	0.460108419271085	-3.80568700087366	0.000141411123681224	0.00382124280880819	28	46	203	146	36.6829820198613	47.5926338868298	131.101775807067	153.992140381817	99.62	UP_pEhEx_DOWN_CDC5
EHI_087570A	3190.84360970881	-1.84644899697843	0.378121470985808	-4.88321647581799	1.04369180233285e-06	5.94904327329725e-05	978	1445	5229	6267	1281.28415769373	1495.02947753194	3377.00091475446	6610.05988885513	99.99	UP_pEhEx_DOWN_CDC5
EHI_089770A	17.4632058512065	-7.34809588831378	1.6605615225084	-4.42506693592054	9.6412384238717e-06	0.000434212811978814	0	0	51	35	0	0	32.9368993406918	36.9159240641343	99.96	UP_pEhEx_DOWN_CDC5
EHI_090020A	9271.08336551679	-2.6757803696364	0.388841917955235	-6.8814092464806	5.9263325240075e-12	2.34043670430084e-09	1723	2668	16174	20499	2257.31350072218	2760.37276543613	10445.5178418892	21621.1293540197	100	UP_pEhEx_DOWN_CDC5
EHI_092170A	89.6407937720168	-2.07368449496685	0.462664398919315	-4.48204897504657	7.39297713019718e-06	0.000345763853473838	24	36	230	134	31.442556017024	37.2464091288233	148.538957810963	141.335252131257	99.97	UP_pEhEx_DOWN_CDC5
EHI_092430A	6563.79686536939	-1.36227621470192	0.330881406419768	-4.11711322628291	3.83647617796315e-05	0.00134571779780861	2451	4002	11807	10693	3211.07103323858	4140.55914815419	7625.215108148	11278.3421719368	99.87	UP_pEhEx_DOWN_CDC5
EHI_092470A	10001.6445711984	-1.39453934157549	0.310788618981053	-4.48709912913674	7.21994867607171e-06	0.000345763853473838	4043	5535	18512	16144	5296.76058236783	5726.63540355658	11955.4486391154	17027.7336597538	99.97	UP_pEhEx_DOWN_CDC5
EHI_092930A	362.961601149988	-2.17915202423881	0.398097452212941	-5.47391602765944	4.40197717794318e-08	3.56853616558594e-06	71	163	814	630	93.0175615503627	168.643463555506	525.698746339669	664.486633154417	100	UP_pEhEx_DOWN_CDC5
EHI_094020A	146.532054023667	-10.4212470340608	1.51689878422552	-6.87010045919546	6.41567079029836e-12	2.34043670430084e-09	0	0	594	192	0	0	383.618004085704	202.510212008965	100	UP_pEhEx_DOWN_CDC5
EHI_095830A	168.09047973719	-2.44453377561619	0.42609443043677	-5.73707047311181	9.63281821423577e-09	9.76125579042558e-07	31	61	384	304	40.6133015219893	63.1119710238395	247.995477388738	320.641169014195	100	UP_pEhEx_DOWN_CDC5
EHI_097930A	56.3914276326324	-2.21975301389806	0.590546675938078	-3.75881044520655	0.000170723114868182	0.00451302842781977	17	17	103	113	22.2718105120587	17.588582088611	66.5196202370834	119.185697692776	99.55	UP_pEhEx_DOWN_CDC5
EHI_098440A	991.143962861452	1.49592238329026	0.302480123792825	4.94552291414309	7.59397366594634e-07	4.60947433369991e-05	1090	1448	726	540	1428.01608577317	1498.13334495934	468.866449438083	569.559971275214	100	DOWN_pEhEx_UP_CDC5
EHI_098800A	369.842843576644	-1.35268801059317	0.349272548267349	-3.87287239522119	0.000107560149641354	0.00316260966708747	170	187	699	580	222.718105120587	193.474402974721	451.429267434187	611.749598777082	99.68	UP_pEhEx_DOWN_CDC5
EHI_099860A	65.0555008083992	-4.14859238737723	0.69921129974567	-5.93324562816166	2.97004001432611e-09	3.8695378472363e-07	5	7	117	162	6.55053250354667	7.24235733060453	75.5611220168811	170.867991382564	100	UP_pEhEx_DOWN_CDC5
EHI_103310A	1610.80211732978	-2.46813961115961	0.426944902625356	-5.78093237788437	7.42877487139456e-09	8.3548361976677e-07	237	652	3240	3191	310.495240668112	674.573854222022	2092.46184046748	3365.6775339615	100	UP_pEhEx_DOWN_CDC5
EHI_103510A	1700.9863014791	-2.48695604703056	0.428182521021932	-5.808168070698	6.31600973162559e-09	7.68026783365672e-07	326	582	2698	3823	427.094719231243	602.150280915977	1742.42655727816	4032.27364849101	100	UP_pEhEx_DOWN_CDC5
EHI_103900A	173.626800157159	2.56033752881088	0.382045638809089	6.70165359508343	2.06074091709064e-11	6.26465238795553e-09	233	279	79	47	305.254814665275	288.659670748381	51.0199029002873	49.5728123146946	100	DOWN_pEhEx_UP_CDC5
EHI_105140A	6099.03054208254	-1.97124545589515	0.341226487951615	-5.7769414904703	7.60707238048125e-09	8.3548361976677e-07	1784	2532	11325	11496	2337.22999726545	2619.66410872724	7313.92911830067	12125.2989440368	100	UP_pEhEx_DOWN_CDC5
EHI_105280A	61.4406816364598	-2.23757572297035	0.538585593832507	-4.15454061265926	3.25941723726641e-05	0.00120104586682302	17	20	136	109	22.2718105120587	20.692449516013	87.8317315751781	114.96673494259	99.88	UP_pEhEx_DOWN_CDC5
EHI_111760A	6554.83332587844	-1.44986719536533	0.288150145154066	-5.03163791428989	4.86307083627242e-07	3.22554225649487e-05	2672	3407	13331	10035	3500.60456989534	3524.95877505281	8609.44715903455	10584.3227995311	100	UP_pEhEx_DOWN_CDC5
EHI_112800A	131.157067475903	-1.6650859993159	0.440566901815432	-3.77941691138083	0.000157196035934254	0.00421655249329528	55	52	250	225	72.0558575390133	53.8003687416337	161.45538892496	237.316654698006	99.58	UP_pEhEx_DOWN_CDC5
EHI_113900A	432.829620193034	-1.38944122114609	0.344284799061125	-4.03573211752346	5.44322946421675e-05	0.00182173404453786	168	249	824	684	220.097892119168	257.620996474361	532.156961896667	721.442630281938	99.82	UP_pEhEx_DOWN_CDC5
EHI_114920A	1052.40133229362	-4.08425064690709	0.413869447387558	-9.86845168854054	5.70382050102981e-23	2.08075371877568e-19	92	110	1963	2567	120.529798065259	113.808472338071	1267.74771383878	2707.51934493236	100	UP_pEhEx_DOWN_CDC5
EHI_115360A	53.3355976760457	-2.02971069047542	0.570424923236859	-3.55824335121594	0.000373343342766669	0.00861997793932158	17	19	107	97	22.2718105120587	19.6578270402123	69.1029064598827	102.309846692029	99.14	UP_pEhEx_DOWN_CDC5
EHI_117850A	3724.40672134369	-2.50914032178576	0.372939244891887	-6.7280136272951	1.71994817811316e-11	5.70397359432438e-09	716	1244	7024	7714	938.036254507883	1287.07035989601	4536.25060723567	8136.26966373519	100	UP_pEhEx_DOWN_CDC5
EHI_118270A	21710.5547018028	-3.06307226646308	0.504379839771083	-6.07294745930623	1.2558355388326e-09	1.83251521826453e-07	3612	4396	25137	58145	4732.10468056211	4548.20040361965	16234.0164456268	61327.8972774025	100	UP_pEhEx_DOWN_CDC5
EHI_118670A	78.9785792047457	-2.99341402716195	0.59724094053008	-5.01207104875488	5.38473134092549e-07	3.50776784494575e-05	10	21	138	182	13.1010650070933	21.7270719918136	89.1233746865777	191.962805133498	100	UP_pEhEx_DOWN_CDC5
EHI_118750A	11766.8903416077	-2.15085481036123	0.386336134852411	-5.56731461628073	2.58695064147968e-08	2.30175510734582e-06	2920	4663	19632	24403	3825.51098207125	4824.44460465842	12678.7687814992	25738.836998202	100	UP_pEhEx_DOWN_CDC5
EHI_119540A	2156.89517196881	-2.07157960141672	0.373360425501911	-5.54847128918896	2.88178195430745e-08	2.38925922029854e-06	716	696	3831	4262	938.036254507883	720.097243157251	2474.14237988608	4495.30481032401	100	UP_pEhEx_DOWN_CDC5
EHI_126210A	100.265981733218	-2.22495661204592	0.48862349524668	-4.55351949648402	5.27557798174895e-06	0.000271060682780566	22	40	202	190	28.8223430156053	41.3848990320259	130.455954251367	200.400730633872	99.97	UP_pEhEx_DOWN_CDC5
EHI_126870A	32107.2624077001	-2.14040049823761	0.32903917739112	-6.5050019733467	7.76923601718186e-11	1.57456516614886e-08	7469	13491	68859	57090	9785.18545379801	13958.0918210265	44470.6265039352	60215.1458520407	100	UP_pEhEx_DOWN_CDC5
EHI_131470A	2732.63966867448	-1.46689645157034	0.292974290118852	-5.00691187262631	5.53102347999072e-07	3.53985502719406e-05	1205	1281	5832	4039	1578.67833335475	1325.35139150063	3766.43131284146	4260.09763700109	100	UP_pEhEx_DOWN_CDC5
EHI_134490A	416.896108587434	-1.53622590856862	0.350730013124579	-4.3800811196131	1.18635136689969e-05	0.000509154092523538	157	214	789	693	205.686720611365	221.409209821339	509.553207447173	730.935296469858	99.95	UP_pEhEx_DOWN_CDC5
EHI_134810A	531.23029586688	-2.15855604834639	0.328246135974607	-6.57602881428396	4.83178954906924e-11	1.25902630535747e-08	149	187	1181	923	195.205868605691	193.474402974721	762.71525728151	973.525654605598	100	UP_pEhEx_DOWN_CDC5
EHI_135060A	1014.95046548116	-2.57812753955461	0.422278919043782	-6.10527171328511	1.02625942476431e-09	1.62773668762617e-07	279	210	1817	2184	365.519713697904	217.270719918136	1173.45776670661	2303.55366160198	100	UP_pEhEx_DOWN_CDC5
EHI_140540A	5953.11632205099	-1.33683312625888	0.276307573324226	-4.83820660496415	1.31015914840986e-06	7.24160692939267e-05	2646	3177	12921	8262	3466.5418008769	3286.99560561866	8344.66032119762	8714.26756051078	99.99	UP_pEhEx_DOWN_CDC5
EHI_140550A	2176.41573242968	-1.62156579579599	0.337979503056576	-4.79782288905415	1.60399510410108e-06	8.73339423844889e-05	687	1193	4183	3669	900.043165987312	1234.30461363017	2701.47156749243	3869.84358260882	99.99	UP_pEhEx_DOWN_CDC5
EHI_140640A	18.6145162118191	-7.43237250603904	1.69032101711376	-4.39701833603767	1.09748076940206e-05	0.000476620219854611	0	0	32	51	0	0	20.6662897823948	53.7917750648814	99.95	UP_pEhEx_DOWN_CDC5
EHI_141810A	287.984680111852	-1.30023802901269	0.362467348693946	-3.58718663542455	0.000334265075400989	0.00791817529261564	137	148	537	448	179.484590597179	153.124126418496	346.806175410813	472.523828020919	99.21	UP_pEhEx_DOWN_CDC5
EHI_141890A	74.6891955476994	-1.82426645691137	0.498082527754272	-3.66257869983219	0.000249689006227918	0.0061544965859422	24	33	152	128	31.442556017024	34.1425417014214	98.1648764663755	135.006808005977	99.38	UP_pEhEx_DOWN_CDC5
EHI_143440A	153.142442191003	-2.29301193531802	0.460529140717173	-4.97908108865197	6.38868734742667e-07	3.95015787176483e-05	47	41	291	304	61.5750055333387	42.4195215078266	187.934072708653	320.641169014195	100	UP_pEhEx_DOWN_CDC5
EHI_144610A	1011.52382989741	-1.71886546785608	0.379840211412982	-4.52523302222796	6.03289963093179e-06	0.000301479696625194	352	465	1654	1930	461.157488249685	481.099451247301	1068.18885312753	2035.64952696512	99.97	UP_pEhEx_DOWN_CDC5
EHI_147570A	1731.3624839079	-1.61376143257411	0.342499049821643	-4.71172528336787	2.45628357195486e-06	0.000131772389271931	650	825	3071	3069	851.569225461067	853.563542535534	1983.3179975542	3236.9991700808	99.99	UP_pEhEx_DOWN_CDC5
EHI_148150A	136.45727936446	-1.39288537349695	0.414536362620262	-3.36010420097431	0.000779130804361592	0.0156168635951159	49	83	278	205	64.1952185347573	85.8736654914538	179.538392484555	216.221840947072	98.44	UP_pEhEx_DOWN_CDC5
EHI_148190A	1051.40703992069	-2.09025415084998	0.422903569591206	-4.94262593449021	7.70772846369777e-07	4.60947433369991e-05	369	306	1695	2191	483.429298761744	316.594477594998	1094.66753691123	2310.93684641481	100	UP_pEhEx_DOWN_CDC5
EHI_151350A	40.0703601226455	-3.09007222544041	0.720653294142968	-4.28787636239873	1.8038944671978e-05	0.000739394046779504	10	4	99	75	13.1010650070933	4.13848990320259	63.936334014284	79.105551566002	99.93	UP_pEhEx_DOWN_CDC5
EHI_151890A	28.2757324447782	-2.31762732208056	0.73851069055242	-3.13824478335843	0.00169962874231042	0.0288383518695274	9	7	64	50	11.790958506384	7.24235733060453	41.3325795647897	52.7370343773347	97.12	UP_pEhEx_DOWN_CDC5
EHI_152800A	529.478908078408	-3.89896563355983	0.55454383174793	-7.03094220932949	2.05143464688706e-12	1.06909051312057e-09	72	38	755	1419	94.327668051072	39.3156540804246	487.595274553378	1496.67703562876	100	UP_pEhEx_DOWN_CDC5
EHI_155420A	462.238526318616	-1.45879405730301	0.372078048283954	-3.92066681716658	8.8304283281197e-05	0.00275328226845989	181	247	787	804	237.129276628389	255.55175152276	508.261564335773	848.011512787541	99.72	UP_pEhEx_DOWN_CDC5
EHI_155680A	285.02403699027	-2.98239012182007	0.425526228998409	-7.00871043564091	2.40524657045417e-12	1.0967924361271e-09	47	64	550	623	61.5750055333387	66.2158384512415	355.201855634911	657.10344834159	100	UP_pEhEx_DOWN_CDC5
EHI_155900A	53.5831731905077	-8.96055950991454	1.58967030750893	-5.63674081826189	1.73298632808831e-08	1.70863084455842e-06	0	0	82	153	0	0	52.9573675673868	161.375325194644	100	UP_pEhEx_DOWN_CDC5
EHI_158570A	4226.61362519905	-3.5772045147795	0.549417480684052	-6.5109040766699	7.46998367029943e-11	1.57456516614886e-08	439	707	4325	12142	575.136753811397	731.478090391058	2793.1782284018	12806.661428192	100	UP_pEhEx_DOWN_CDC5
EHI_159820A	66.6138987792609	-1.72454959265404	0.508222404144649	-3.39329706559572	0.00069056704562499	0.0140736792315082	21	33	144	106	27.512236514896	34.1425417014214	92.9983040207768	111.802512879949	98.59	UP_pEhEx_DOWN_CDC5
EHI_160210A	41.9251749100371	-2.07355708602788	0.622455069128912	-3.33125584297946	0.000864551040621609	0.0168054411822813	11	17	86	76	14.4111715078027	17.588582088611	55.5406537901861	80.1602922535487	98.32	UP_pEhEx_DOWN_CDC5
EHI_166030A	220.026040756412	-1.29683594229414	0.363954323207046	-3.56318323372792	0.000366384746465583	0.00854207471937036	93	128	435	327	121.839904565968	132.431676902483	280.93237672943	344.900204827769	99.15	UP_pEhEx_DOWN_CDC5
EHI_166800A	36.8460636063619	2.36535186650347	0.638375303995464	3.7052684395828	0.000211166971353306	0.00527628158559493	54	51	19	11	70.745751038304	52.765746265833	12.2706095582969	11.6021475630136	99.47	DOWN_pEhEx_UP_CDC5
EHI_167270A	6099.03054208254	-1.97124545589515	0.341226487951615	-5.7769414904703	7.60707238048125e-09	8.3548361976677e-07	1784	2532	11325	11496	2337.22999726545	2619.66410872724	7313.92911830067	12125.2989440368	100	UP_pEhEx_DOWN_CDC5
EHI_169350A	1281.89187743546	-4.12679828396491	1.08225454899582	-3.81314939982834	0.000137207114222631	0.0037633951329636	133	100	1248	3834	174.244164594341	103.462247580065	805.985301513399	4043.87579605402	99.62	UP_pEhEx_DOWN_CDC5
EHI_170060A	386.608755923465	-2.08582455509074	0.344523325305765	-6.05423320246771	1.41088096378721e-09	1.97957452149836e-07	116	138	839	673	151.972354082283	142.777901660489	541.844285232165	709.840482718925	100	UP_pEhEx_DOWN_CDC5
EHI_170120A	169.911973828641	-1.50541108517818	0.388889683528854	-3.87104916622578	0.000108367929930355	0.00316260966708747	63	91	346	265	82.536709544688	94.1506452978589	223.454258272144	279.506282199874	99.68	UP_pEhEx_DOWN_CDC5
EHI_171280A	867.000542962284	-1.45508324175627	0.343893494755305	-4.23120316012847	2.32444603604412e-05	0.000931821883460324	312	500	1594	1434	408.753228221312	517.311237900324	1029.43955978554	1512.49814594196	99.91	UP_pEhEx_DOWN_CDC5
EHI_172280A	86.5322540888874	-4.05474563908616	0.662995425224283	-6.11579731144372	9.60753773355522e-10	1.5931044387277e-07	7	10	135	227	9.17074550496533	10.3462247580065	87.1859100194782	239.426136073099	100	UP_pEhEx_DOWN_CDC5
EHI_174180A	662.259988085323	-1.8324471318654	0.329679524495824	-5.55826794117028	2.72464898784778e-08	2.31151616457412e-06	194	315	1430	1086	254.160661137611	325.906079877204	923.524824650769	1145.44838667571	100	UP_pEhEx_DOWN_CDC5
EHI_177520A	1203.3038319744	-2.17857243645845	0.37737212037871	-5.77300844130232	7.78685391229994e-09	8.3548361976677e-07	328	426	2107	2448	429.714932232661	440.749174691076	1360.74601785956	2582.00520311431	100	UP_pEhEx_DOWN_CDC5
EHI_178340A	1719.10297995868	-3.56895214433231	0.547484209994837	-6.51882205765526	7.08616555424918e-11	1.57456516614886e-08	243	209	1876	4864	318.355879672368	216.236097442335	1211.5612384929	5130.25870422712	100	UP_pEhEx_DOWN_CDC5
EHI_179390A	159.308209649616	-2.49219279581571	0.478329731800134	-5.21019838435852	1.8863881496158e-07	1.3493223470193e-05	46	35	300	329	60.2648990326293	36.2117866530227	193.746466709952	347.009686202862	100	UP_pEhEx_DOWN_CDC5
EHI_181610A	203.212183744695	1.85040729173769	0.378745599567763	4.88562056918796	1.03103587823471e-06	5.94904327329725e-05	279	262	139	82	365.519713697904	271.07108865977	89.7691962422776	86.4887363788288	99.99	DOWN_pEhEx_UP_CDC5
EHI_182550A	124.134469713793	-2.39621322538706	0.491209821349696	-4.87818671622442	1.07065549957969e-06	6.00884809610262e-05	32	36	220	261	41.9234080226987	37.2464091288233	142.080742253965	275.287319449687	99.99	UP_pEhEx_DOWN_CDC5
EHI_186720A	8178.99046623991	-2.05616050809623	0.322381327901075	-6.37803845986755	1.79370475306377e-10	3.27171746958831e-08	2057	3524	17410	14346	2694.8890719591	3646.00960472148	11243.7532847342	15131.3099035449	100	UP_pEhEx_DOWN_CDC5
EHI_186950A	175.874217637227	-1.55877880030764	0.380306321601506	-4.0987454369506	4.15395595236394e-05	0.00142958785983242	64	91	376	268	83.8468160453973	94.1506452978589	242.828904943139	282.670504262514	99.86	UP_pEhEx_DOWN_CDC5
EHI_187780A	55.167743191529	-2.53700713992018	0.614155429642322	-4.13088774839572	3.61365015293296e-05	0.00130520750078212	12	16	99	118	15.721278008512	16.5539596128104	63.936334014284	124.45940113051	99.87	UP_pEhEx_DOWN_CDC5
EHI_188960A	3609.38156373391	-2.44662170395297	0.328632742013583	-7.44485071378508	9.70541068159887e-14	5.90088969441211e-11	798	1152	7493	6979	1045.46498756605	1191.88509212235	4839.14091685889	7361.03525838837	100	UP_pEhEx_DOWN_CDC5
EHI_193940A	59.3480356750672	-6.10304892655689	1.03976062777082	-5.86966727105394	4.36670594689767e-09	5.493014929063e-07	0	3	108	156	0	3.10386742740194	69.7487280155826	164.539547257284	100	UP_pEhEx_DOWN_CDC5
EHI_194430A	52.4637637964583	-2.73724434415882	0.651527324149449	-4.20127328923959	2.65417955717688e-05	0.00104112333597648	8	16	92	117	10.4808520056747	16.5539596128104	59.4155831243852	123.404660442963	99.9	UP_pEhEx_DOWN_CDC5
EHI_195110A	454.737819247724	12.5476455123944	1.51048058133396	8.30705516340574	9.81063462419278e-17	8.94729877726381e-14	958	545	0	0	1255.08202767954	563.869249311353	0	0	100	DOWN_pEhEx_UP_CDC5
EHI_196580A	59.0082696444313	-1.62800226267173	0.531293094811676	-3.06422627843262	0.00218233777225143	0.034364276473103	21	29	118	97	27.512236514896	30.0040517982188	76.206943572581	102.309846692029	96.56	UP_pEhEx_DOWN_CDC5
EHI_197480A	11789.9462190925	-2.31103092524263	0.354224286375255	-6.52420236029325	6.8364359772336e-11	1.57456516614886e-08	2603	4348	22670	23333	3410.20722134639	4498.53852478122	14640.7746677153	24610.264462527	100	UP_pEhEx_DOWN_CDC5
