baseMean	log2FoldChange	lfcSE	stat	pvalue	padj	CDC5_1	CDC5_2	pEhEx_1	pEhEx_2	CDC5_1.1	CDC5_2.1	pEhEx_1.1	pEhEx_2.1	Certeza	DE
EHI_114920A	1052.40133229362	-4.08425064690709	0.413869447387558	-9.86845168854054	5.70382050102981e-23	2.08075371877568e-19	92	110	1963	2567	120.529798065259	113.808472338071	1267.74771383878	2707.51934493236	100	UP_pEhEx_DOWN_CDC5
EHI_083270A	2098.48498208003	-2.7757523511837	0.306979250735736	-9.04214973660621	1.53620468308945e-19	1.86802489463677e-16	353	586	5365	3660	462.467594750395	606.288770819179	3464.83264632963	3860.3509164209	100	UP_pEhEx_DOWN_CDC5
EHI_083410A	2098.48498208003	-2.7757523511837	0.306979250735736	-9.04214973660621	1.53620468308945e-19	1.86802489463677e-16	353	586	5365	3660	462.467594750395	606.288770819179	3464.83264632963	3860.3509164209	100	UP_pEhEx_DOWN_CDC5
EHI_195110A	454.737819247724	12.5476455123944	1.51048058133396	8.30705516340574	9.81063462419278e-17	8.94729877726381e-14	958	545	0	0	1255.08202767954	563.869249311353	0	0	100	DOWN_pEhEx_UP_CDC5
EHI_049000A	3114.13934786433	-2.48064195802321	0.321096491212107	-7.72553430484102	1.11385138572708e-14	8.12665971026474e-12	660	993	6747	5885	864.67029046816	1027.38011847004	4357.35803630681	6207.14894621229	100	UP_pEhEx_DOWN_CDC5
EHI_188960A	3609.38156373391	-2.44662170395297	0.328632742013583	-7.44485071378508	9.70541068159887e-14	5.90088969441211e-11	798	1152	7493	6979	1045.46498756605	1191.88509212235	4839.14091685889	7361.03525838837	100	UP_pEhEx_DOWN_CDC5
EHI_152800A	529.478908078408	-3.89896563355983	0.55454383174793	-7.03094220932949	2.05143464688706e-12	1.06909051312057e-09	72	38	755	1419	94.327668051072	39.3156540804246	487.595274553378	1496.67703562876	100	UP_pEhEx_DOWN_CDC5
EHI_155680A	285.02403699027	-2.98239012182007	0.425526228998409	-7.00871043564091	2.40524657045417e-12	1.0967924361271e-09	47	64	550	623	61.5750055333387	66.2158384512415	355.201855634911	657.10344834159	100	UP_pEhEx_DOWN_CDC5
EHI_090020A	9271.08336551679	-2.6757803696364	0.388841917955235	-6.8814092464806	5.9263325240075e-12	2.34043670430084e-09	1723	2668	16174	20499	2257.31350072218	2760.37276543613	10445.5178418892	21621.1293540197	100	UP_pEhEx_DOWN_CDC5
EHI_094020A	146.532054023667	-10.4212470340608	1.51689878422552	-6.87010045919546	6.41567079029836e-12	2.34043670430084e-09	0	0	594	192	0	0	383.618004085704	202.510212008965	100	UP_pEhEx_DOWN_CDC5
EHI_117850A	3724.40672134369	-2.50914032178576	0.372939244891887	-6.7280136272951	1.71994817811316e-11	5.70397359432438e-09	716	1244	7024	7714	938.036254507883	1287.07035989601	4536.25060723567	8136.26966373519	100	UP_pEhEx_DOWN_CDC5
EHI_103900A	173.626800157159	2.56033752881088	0.382045638809089	6.70165359508343	2.06074091709064e-11	6.26465238795553e-09	233	279	79	47	305.254814665275	288.659670748381	51.0199029002873	49.5728123146946	100	DOWN_pEhEx_UP_CDC5
EHI_022010A	2332.5100172637	-1.88258797751193	0.283718530860647	-6.63540718260872	3.2360795164217e-11	9.08093698146643e-09	743	983	5923	3332	973.409130027035	1017.03389371204	3825.20107441014	3514.39597090558	100	UP_pEhEx_DOWN_CDC5
EHI_134810A	531.23029586688	-2.15855604834639	0.328246135974607	-6.57602881428396	4.83178954906924e-11	1.25902630535747e-08	149	187	1181	923	195.205868605691	193.474402974721	762.71525728151	973.525654605598	100	UP_pEhEx_DOWN_CDC5
EHI_126870A	32107.2624077001	-2.14040049823761	0.32903917739112	-6.5050019733467	7.76923601718186e-11	1.57456516614886e-08	7469	13491	68859	57090	9785.18545379801	13958.0918210265	44470.6265039352	60215.1458520407	100	UP_pEhEx_DOWN_CDC5
EHI_158570A	4226.61362519905	-3.5772045147795	0.549417480684052	-6.5109040766699	7.46998367029943e-11	1.57456516614886e-08	439	707	4325	12142	575.136753811397	731.478090391058	2793.1782284018	12806.661428192	100	UP_pEhEx_DOWN_CDC5
EHI_178340A	1719.10297995868	-3.56895214433231	0.547484209994837	-6.51882205765526	7.08616555424918e-11	1.57456516614886e-08	243	209	1876	4864	318.355879672368	216.236097442335	1211.5612384929	5130.25870422712	100	UP_pEhEx_DOWN_CDC5
EHI_197480A	11789.9462190925	-2.31103092524263	0.354224286375255	-6.52420236029325	6.8364359772336e-11	1.57456516614886e-08	2603	4348	22670	23333	3410.20722134639	4498.53852478122	14640.7746677153	24610.264462527	100	UP_pEhEx_DOWN_CDC5
EHI_000690A	108.285972784421	-9.97789656987514	1.5466168792926	-6.45143390290612	1.10796772193714e-10	2.1272980261193e-08	0	0	184	298	0	0	118.83116624877	314.312724888915	100	UP_pEhEx_DOWN_CDC5
EHI_186720A	8178.99046623991	-2.05616050809623	0.322381327901075	-6.37803845986755	1.79370475306377e-10	3.27171746958831e-08	2057	3524	17410	14346	2694.8890719591	3646.00960472148	11243.7532847342	15131.3099035449	100	UP_pEhEx_DOWN_CDC5
EHI_027610A	491.370176598069	-2.02983561970481	0.320425600112298	-6.33481101071022	2.37632369152959e-10	4.12801372699998e-08	153	180	1143	797	200.446294608528	186.232045644117	738.174038164916	840.628327974715	100	UP_pEhEx_DOWN_CDC5
EHI_172280A	86.5322540888874	-4.05474563908616	0.662995425224283	-6.11579731144372	9.60753773355522e-10	1.5931044387277e-07	7	10	135	227	9.17074550496533	10.3462247580065	87.1859100194782	239.426136073099	100	UP_pEhEx_DOWN_CDC5
EHI_135060A	1014.95046548116	-2.57812753955461	0.422278919043782	-6.10527171328511	1.02625942476431e-09	1.62773668762617e-07	279	210	1817	2184	365.519713697904	217.270719918136	1173.45776670661	2303.55366160198	100	UP_pEhEx_DOWN_CDC5
EHI_035060A	66.3445679261982	-9.27716407268559	1.52663517032	-6.07687039644254	1.22550731044325e-09	1.83251521826453e-07	0	0	228	112	0	0	147.247314699563	118.13095700523	100	UP_pEhEx_DOWN_CDC5
EHI_118270A	21710.5547018028	-3.06307226646308	0.504379839771083	-6.07294745930623	1.2558355388326e-09	1.83251521826453e-07	3612	4396	25137	58145	4732.10468056211	4548.20040361965	16234.0164456268	61327.8972774025	100	UP_pEhEx_DOWN_CDC5
EHI_170060A	386.608755923465	-2.08582455509074	0.344523325305765	-6.05423320246771	1.41088096378721e-09	1.97957452149836e-07	116	138	839	673	151.972354082283	142.777901660489	541.844285232165	709.840482718925	100	UP_pEhEx_DOWN_CDC5
EHI_028990A	276.451657211835	-2.79683200024519	0.469556766299965	-5.95632349690922	2.57975442536219e-09	3.48553486804491e-07	58	61	450	641	75.9861770411413	63.1119710238395	290.619700064927	676.08878071743	100	UP_pEhEx_DOWN_CDC5
EHI_099860A	65.0555008083992	-4.14859238737723	0.69921129974567	-5.93324562816166	2.97004001432611e-09	3.8695378472363e-07	5	7	117	162	6.55053250354667	7.24235733060453	75.5611220168811	170.867991382564	100	UP_pEhEx_DOWN_CDC5
EHI_193940A	59.3480356750672	-6.10304892655689	1.03976062777082	-5.86966727105394	4.36670594689767e-09	5.493014929063e-07	0	3	108	156	0	3.10386742740194	69.7487280155826	164.539547257284	100	UP_pEhEx_DOWN_CDC5
EHI_103510A	1700.9863014791	-2.48695604703056	0.428182521021932	-5.808168070698	6.31600973162559e-09	7.68026783365672e-07	326	582	2698	3823	427.094719231243	602.150280915977	1742.42655727816	4032.27364849101	100	UP_pEhEx_DOWN_CDC5
EHI_103310A	1610.80211732978	-2.46813961115961	0.426944902625356	-5.78093237788437	7.42877487139456e-09	8.3548361976677e-07	237	652	3240	3191	310.495240668112	674.573854222022	2092.46184046748	3365.6775339615	100	UP_pEhEx_DOWN_CDC5
EHI_105140A	6099.03054208254	-1.97124545589515	0.341226487951615	-5.7769414904703	7.60707238048125e-09	8.3548361976677e-07	1784	2532	11325	11496	2337.22999726545	2619.66410872724	7313.92911830067	12125.2989440368	100	UP_pEhEx_DOWN_CDC5
EHI_167270A	6099.03054208254	-1.97124545589515	0.341226487951615	-5.7769414904703	7.60707238048125e-09	8.3548361976677e-07	1784	2532	11325	11496	2337.22999726545	2619.66410872724	7313.92911830067	12125.2989440368	100	UP_pEhEx_DOWN_CDC5
EHI_177520A	1203.3038319744	-2.17857243645845	0.37737212037871	-5.77300844130232	7.78685391229994e-09	8.3548361976677e-07	328	426	2107	2448	429.714932232661	440.749174691076	1360.74601785956	2582.00520311431	100	UP_pEhEx_DOWN_CDC5
EHI_057550A	503.445419946708	2.07776505488516	0.361333419385357	5.75027092268278	8.91005542400127e-09	9.28682348193047e-07	738	640	341	156	966.858597523488	662.158384512415	220.225150493645	164.539547257284	100	DOWN_pEhEx_UP_CDC5
EHI_095830A	168.09047973719	-2.44453377561619	0.42609443043677	-5.73707047311181	9.63281821423577e-09	9.76125579042558e-07	31	61	384	304	40.6133015219893	63.1119710238395	247.995477388738	320.641169014195	100	UP_pEhEx_DOWN_CDC5
EHI_155900A	53.5831731905077	-8.96055950991454	1.58967030750893	-5.63674081826189	1.73298632808831e-08	1.70863084455842e-06	0	0	82	153	0	0	52.9573675673868	161.375325194644	100	UP_pEhEx_DOWN_CDC5
EHI_017660A	188.992050731667	-2.88008638237028	0.512956937191371	-5.61467478759487	1.96932274950296e-08	1.89054983952284e-06	30	49	293	452	39.30319502128	50.6965013142317	189.225715820053	476.742790771105	100	UP_pEhEx_DOWN_CDC5
EHI_048140A	927.087946017166	-2.5803471560864	0.461572011951608	-5.59034579496324	2.26617860114973e-08	2.06675488424856e-06	227	226	1320	2204	297.394175661019	233.824679530946	852.484453523787	2324.64847535291	100	UP_pEhEx_DOWN_CDC5
EHI_073180A	241.304595989495	-2.03503472553384	0.363880858076929	-5.59258526620163	2.23713227207742e-08	2.06675488424856e-06	75	88	540	405	98.2579875532	91.046777870457	348.743640077913	427.169978456411	100	UP_pEhEx_DOWN_CDC5
EHI_118750A	11766.8903416077	-2.15085481036123	0.386336134852411	-5.56731461628073	2.58695064147968e-08	2.30175510734582e-06	2920	4663	19632	24403	3825.51098207125	4824.44460465842	12678.7687814992	25738.836998202	100	UP_pEhEx_DOWN_CDC5
EHI_066770A	662.259988085323	-1.8324471318654	0.329679524495824	-5.55826794117028	2.72464898784778e-08	2.31151616457412e-06	194	315	1430	1086	254.160661137611	325.906079877204	923.524824650769	1145.44838667571	100	UP_pEhEx_DOWN_CDC5
EHI_174180A	662.259988085323	-1.8324471318654	0.329679524495824	-5.55826794117028	2.72464898784778e-08	2.31151616457412e-06	194	315	1430	1086	254.160661137611	325.906079877204	923.524824650769	1145.44838667571	100	UP_pEhEx_DOWN_CDC5
EHI_119540A	2156.89517196881	-2.07157960141672	0.373360425501911	-5.54847128918896	2.88178195430745e-08	2.38925922029854e-06	716	696	3831	4262	938.036254507883	720.097243157251	2474.14237988608	4495.30481032401	100	UP_pEhEx_DOWN_CDC5
EHI_092930A	362.961601149988	-2.17915202423881	0.398097452212941	-5.47391602765944	4.40197717794318e-08	3.56853616558594e-06	71	163	814	630	93.0175615503627	168.643463555506	525.698746339669	664.486633154417	100	UP_pEhEx_DOWN_CDC5
EHI_035220A	58.3650820881089	-3.40077073212545	0.63082546324419	-5.39098519364781	7.00724487956783e-08	5.55704985231814e-06	4	14	166	101	5.24042600283733	14.4847146612091	107.206378246173	106.528809442216	100	UP_pEhEx_DOWN_CDC5
EHI_035670A	143.978848946019	-2.58970437611974	0.484434422098028	-5.34583063875609	9.00033364653002e-08	6.98579088139181e-06	40	29	284	294	52.4042600283733	30.0040517982188	183.413321818754	310.093762138728	100	UP_pEhEx_DOWN_CDC5
EHI_023400A	2258.43712472244	2.2421199503622	0.420034997980989	5.33793603185342	9.40106127607578e-08	7.14480656981759e-06	2623	3888	1723	438	3436.40935136058	4022.61218591292	1112.75054047082	461.976421145452	100	DOWN_pEhEx_UP_CDC5
EHI_010020A	496.336319751625	-2.73999839271671	0.514108583731528	-5.32961027965944	9.84237411832037e-08	7.32754709870055e-06	96	128	610	1264	125.770224068096	132.431676902483	393.951148976902	1333.19222905902	100	UP_pEhEx_DOWN_CDC5
EHI_017750A	479.540699042168	-2.03600878375167	0.38848434748899	-5.24090300397334	1.59792697524332e-07	1.16584752113753e-05	176	141	950	880	230.578744124843	145.881769087891	613.530477914847	928.17180504109	100	UP_pEhEx_DOWN_CDC5
EHI_179390A	159.308209649616	-2.49219279581571	0.478329731800134	-5.21019838435852	1.8863881496158e-07	1.3493223470193e-05	46	35	300	329	60.2648990326293	36.2117866530227	193.746466709952	347.009686202862	100	UP_pEhEx_DOWN_CDC5
EHI_083100A	43.3842187240971	-4.56979365293588	0.879776927942716	-5.19426403193131	2.05531276416145e-07	1.44188095455018e-05	3	3	70	115	3.930319502128	3.10386742740194	45.2075088989887	121.29517906787	100	UP_pEhEx_DOWN_CDC5
EHI_118220A	28.3296470956289	8.54992376125386	1.66901964389323	5.12272206773428	3.01156091772525e-07	2.0728630618607e-05	17	88	0	0	22.2718105120587	91.046777870457	0	0	100	DOWN_pEhEx_UP_CDC5
EHI_015310A	6736.74843679364	-1.64011199545894	0.324229443992544	-5.05849183609819	4.22585337888784e-07	2.8547987270709e-05	2271	3450	12746	11539	2975.2518631109	3569.44754151223	8231.64154895015	12170.6527936013	100	UP_pEhEx_DOWN_CDC5
EHI_111760A	6554.83332587844	-1.44986719536533	0.288150145154066	-5.03163791428989	4.86307083627242e-07	3.22554225649487e-05	2672	3407	13331	10035	3500.60456989534	3524.95877505281	8609.44715903455	10584.3227995311	100	UP_pEhEx_DOWN_CDC5
EHI_118670A	78.9785792047457	-2.99341402716195	0.59724094053008	-5.01207104875488	5.38473134092549e-07	3.50776784494575e-05	10	21	138	182	13.1010650070933	21.7270719918136	89.1233746865777	191.962805133498	100	UP_pEhEx_DOWN_CDC5
EHI_131470A	2732.63966867448	-1.46689645157034	0.292974290118852	-5.00691187262631	5.53102347999072e-07	3.53985502719406e-05	1205	1281	5832	4039	1578.67833335475	1325.35139150063	3766.43131284146	4260.09763700109	100	UP_pEhEx_DOWN_CDC5
EHI_065340A	306.479722748331	-2.05064371073266	0.410140663581405	-4.99985466650918	5.73735441079933e-07	3.60859808458551e-05	62	151	696	511	81.2266030439787	156.227993845898	449.491802767088	538.97249133636	100	UP_pEhEx_DOWN_CDC5
EHI_143440A	153.142442191003	-2.29301193531802	0.460529140717173	-4.97908108865197	6.38868734742667e-07	3.95015787176483e-05	47	41	291	304	61.5750055333387	42.4195215078266	187.934072708653	320.641169014195	100	UP_pEhEx_DOWN_CDC5
EHI_098440A	991.143962861452	1.49592238329026	0.302480123792825	4.94552291414309	7.59397366594634e-07	4.60947433369991e-05	1090	1448	726	540	1428.01608577317	1498.13334495934	468.866449438083	569.559971275214	100	DOWN_pEhEx_UP_CDC5
EHI_148190A	1051.40703992069	-2.09025415084998	0.422903569591206	-4.94262593449021	7.70772846369777e-07	4.60947433369991e-05	369	306	1695	2191	483.429298761744	316.594477594998	1094.66753691123	2310.93684641481	100	UP_pEhEx_DOWN_CDC5
EHI_030070A	11372.6525001904	-1.58987253929044	0.323161968118681	-4.91973900439474	8.66596903437378e-07	5.09894436087025e-05	3730	6240	22124	18829	4886.69724764581	6456.04424899604	14288.1560983032	19859.7124058167	99.99	UP_pEhEx_DOWN_CDC5
EHI_087570A	3190.84360970881	-1.84644899697843	0.378121470985808	-4.88321647581799	1.04369180233285e-06	5.94904327329725e-05	978	1445	5229	6267	1281.28415769373	1495.02947753194	3377.00091475446	6610.05988885513	99.99	UP_pEhEx_DOWN_CDC5
EHI_181610A	203.212183744695	1.85040729173769	0.378745599567763	4.88562056918796	1.03103587823471e-06	5.94904327329725e-05	279	262	139	82	365.519713697904	271.07108865977	89.7691962422776	86.4887363788288	99.99	DOWN_pEhEx_UP_CDC5
EHI_182550A	124.134469713793	-2.39621322538706	0.491209821349696	-4.87818671622442	1.07065549957969e-06	6.00884809610262e-05	32	36	220	261	41.9234080226987	37.2464091288233	142.080742253965	275.287319449687	99.99	UP_pEhEx_DOWN_CDC5
EHI_140540A	5953.11632205099	-1.33683312625888	0.276307573324226	-4.83820660496415	1.31015914840986e-06	7.24160692939267e-05	2646	3177	12921	8262	3466.5418008769	3286.99560561866	8344.66032119762	8714.26756051078	99.99	UP_pEhEx_DOWN_CDC5
EHI_140550A	2176.41573242968	-1.62156579579599	0.337979503056576	-4.79782288905415	1.60399510410108e-06	8.73339423844889e-05	687	1193	4183	3669	900.043165987312	1234.30461363017	2701.47156749243	3869.84358260882	99.99	UP_pEhEx_DOWN_CDC5
EHI_147570A	1731.3624839079	-1.61376143257411	0.342499049821643	-4.71172528336787	2.45628357195486e-06	0.000131772389271931	650	825	3071	3069	851.569225461067	853.563542535534	1983.3179975542	3236.9991700808	99.99	UP_pEhEx_DOWN_CDC5
EHI_001940A	703.836314039011	-1.74871981773032	0.377746572191628	-4.62934662142534	3.66821308129331e-06	0.000193936830732724	298	247	1316	1251	390.411737211381	255.55175152276	849.901167300988	1319.48060012091	99.98	UP_pEhEx_DOWN_CDC5
EHI_049690A	2123.4425037674	-1.29330289569728	0.28186926569708	-4.58830760600615	4.46853867764467e-06	0.000232874701372111	927	1205	4559	2928	1214.46872615755	1246.72008333978	2944.30047243557	3088.28073313672	99.98	UP_pEhEx_DOWN_CDC5
EHI_126210A	100.265981733218	-2.22495661204592	0.48862349524668	-4.55351949648402	5.27557798174895e-06	0.000271060682780566	22	40	202	190	28.8223430156053	41.3848990320259	130.455954251367	200.400730633872	99.97	UP_pEhEx_DOWN_CDC5
EHI_048300A	37.4437679467848	-6.98462916396747	1.54163273497028	-4.5306699874287	5.87969233975882e-06	0.000297904411881113	1	0	78	93	1.31010650070933	0	50.3740813445874	98.0908839418425	99.97	UP_pEhEx_DOWN_CDC5
EHI_144610A	1011.52382989741	-1.71886546785608	0.379840211412982	-4.52523302222796	6.03289963093179e-06	0.000301479696625194	352	465	1654	1930	461.157488249685	481.099451247301	1068.18885312753	2035.64952696512	99.97	UP_pEhEx_DOWN_CDC5
EHI_010030A	380.816367425661	-2.30924798804125	0.511236940877579	-4.51698185987351	6.27272767583034e-06	0.000309228521100393	146	63	704	770	191.275549103563	65.1812159754408	454.658375212687	812.150329410954	99.97	UP_pEhEx_DOWN_CDC5
EHI_023000A	77.3958540306836	-2.33783106002022	0.518305281047151	-4.51052911384004	6.46661250166219e-06	0.000314536032080849	20	24	157	149	26.2021300141867	24.8309394192155	101.393984244875	157.156362444457	99.97	UP_pEhEx_DOWN_CDC5
EHI_092170A	89.6407937720168	-2.07368449496685	0.462664398919315	-4.48204897504657	7.39297713019718e-06	0.000345763853473838	24	36	230	134	31.442556017024	37.2464091288233	148.538957810963	141.335252131257	99.97	UP_pEhEx_DOWN_CDC5
EHI_092470A	10001.6445711984	-1.39453934157549	0.310788618981053	-4.48709912913674	7.21994867607171e-06	0.000345763853473838	4043	5535	18512	16144	5296.76058236783	5726.63540355658	11955.4486391154	17027.7336597538	99.97	UP_pEhEx_DOWN_CDC5
EHI_126980A	47.1125446377452	-3.51529105209429	0.784202771952792	-4.48263023011337	7.37286205160367e-06	0.000345763853473838	6	7	61	127	7.860639004256	7.24235733060453	39.3951148976902	133.95206731843	99.97	UP_pEhEx_DOWN_CDC5
EHI_038300A	48.7638918674975	-2.65552816556664	0.596872939421073	-4.44906778340852	8.62437972246059e-06	0.000393271715344203	11	12	138	75	14.4111715078027	12.4154697096078	89.1233746865777	79.105551566002	99.96	UP_pEhEx_DOWN_CDC5
EHI_050520A	673.893528650212	-1.62744810369523	0.365702067841865	-4.45020208198265	8.57895260809311e-06	0.000393271715344203	219	359	1211	1190	286.913323655344	371.429468812433	782.089903952505	1255.14141818057	99.96	UP_pEhEx_DOWN_CDC5
EHI_089770A	17.4632058512065	-7.34809588831378	1.6605615225084	-4.42506693592054	9.6412384238717e-06	0.000434212811978814	0	0	51	35	0	0	32.9368993406918	36.9159240641343	99.96	UP_pEhEx_DOWN_CDC5
EHI_202460A	522.660320064001	-1.93110855389394	0.437356525479617	-4.4154104063641	1.00818530378783e-05	0.000448519510758293	159	218	764	1103	208.306933612784	225.547699724541	493.407668554677	1163.378978364	99.96	UP_pEhEx_DOWN_CDC5
EHI_000130A	160.896419587886	-2.39542174703577	0.542910764104737	-4.4121831899683	1.02333470509435e-05	0.000449774096889661	51	35	236	368	66.815431536176	36.2117866530227	152.413887145162	388.144573017183	99.96	UP_pEhEx_DOWN_CDC5
EHI_140640A	18.6145162118191	-7.43237250603904	1.69032101711376	-4.39701833603767	1.09748076940206e-05	0.000476620219854611	0	0	32	51	0	0	20.6662897823948	53.7917750648814	99.95	UP_pEhEx_DOWN_CDC5
EHI_134490A	416.896108587434	-1.53622590856862	0.350730013124579	-4.3800811196131	1.18635136689969e-05	0.000509154092523538	157	214	789	693	205.686720611365	221.409209821339	509.553207447173	730.935296469858	99.95	UP_pEhEx_DOWN_CDC5
EHI_148470A	409.233325070307	-2.07179259232718	0.47452199733126	-4.36606227736346	1.26506424484732e-05	0.000536622600605001	103	173	564	909	134.940969573061	178.989688313512	364.243357414709	958.759284979944	99.95	UP_pEhEx_DOWN_CDC5
EHI_138470A	430.995881447291	-2.09456875117047	0.483191109000478	-4.33486608539478	1.4584888176049e-05	0.00061155944903709	143	135	574	973	187.345229601435	139.674034233087	370.701572971707	1026.26268898293	99.94	UP_pEhEx_DOWN_CDC5
EHI_013220A	982.760590294942	-1.537858562059	0.355821760572568	-4.32199132392681	1.54627270716695e-05	0.000641000322243754	371	503	1690	1738	486.049511763163	520.415105327726	1091.43842913273	1833.13931495615	99.94	UP_pEhEx_DOWN_CDC5
EHI_151350A	40.0703601226455	-3.09007222544041	0.720653294142968	-4.28787636239873	1.8038944671978e-05	0.000739394046779504	10	4	99	75	13.1010650070933	4.13848990320259	63.936334014284	79.105551566002	99.93	UP_pEhEx_DOWN_CDC5
EHI_007940A	419.834412804055	-1.49199300417251	0.349257108032452	-4.27190447913196	1.93810598516901e-05	0.000785578959321838	139	249	884	634	182.104803598597	257.620996474361	570.906255238657	668.705595904604	99.92	UP_pEhEx_DOWN_CDC5
EHI_171280A	867.000542962284	-1.45508324175627	0.343893494755305	-4.23120316012847	2.32444603604412e-05	0.000931821883460324	312	500	1594	1434	408.753228221312	517.311237900324	1029.43955978554	1512.49814594196	99.91	UP_pEhEx_DOWN_CDC5
EHI_044820A	132.391764853147	-2.09898990069102	0.498153174083566	-4.21354316280822	2.5139551783475e-05	0.000996837879414313	27	62	238	262	35.372875519152	64.1465934996402	153.705530256562	276.342060137234	99.9	UP_pEhEx_DOWN_CDC5
EHI_194430A	52.4637637964583	-2.73724434415882	0.651527324149449	-4.20127328923959	2.65417955717688e-05	0.00104112333597648	8	16	92	117	10.4808520056747	16.5539596128104	59.4155831243852	123.404660442963	99.9	UP_pEhEx_DOWN_CDC5
EHI_167310A	3721.40465779748	-1.7173045237016	0.410147245646295	-4.18704390174687	2.82611176902884e-05	0.00109677188653375	1298	1711	5302	7576	1700.51823792071	1770.23905609491	3424.14588832055	7990.71544885375	99.89	UP_pEhEx_DOWN_CDC5
EHI_017030A	77.5957862568663	-2.2358058874357	0.534403344653326	-4.18374231711835	2.86749130331824e-05	0.0011011166604742	20	27	142	156	26.2021300141867	27.9348068466175	91.7066609093771	164.539547257284	99.89	UP_pEhEx_DOWN_CDC5
EHI_007510A	35429.8318842384	1.32099802921701	0.316505196651112	4.17370091611217	2.99691127916436e-05	0.00112982022989945	41255	45584	37214	15620	54048.4436867635	47162.2309368967	24033.6033738138	16475.0495394794	99.89	DOWN_pEhEx_UP_CDC5
EHI_058090A	1911.20516658086	-1.50302719704386	0.360166187012594	-4.17314909406336	3.00418208059886e-05	0.00112982022989945	841	862	3209	3393	1101.79956709655	891.844574140158	2072.44137224078	3578.73515284593	99.89	UP_pEhEx_DOWN_CDC5
EHI_007620A	8526.68344143108	1.33382902101741	0.320873408944984	4.15686991765061	3.22637572887402e-05	0.0012010019039727	10224	10657	8869	3753	13394.5288632522	11025.9717246075	5727.79137750187	3958.44180036274	99.88	DOWN_pEhEx_UP_CDC5
EHI_105280A	61.4406816364598	-2.23757572297035	0.538585593832507	-4.15454061265926	3.25941723726641e-05	0.00120104586682302	17	20	136	109	22.2718105120587	20.692449516013	87.8317315751781	114.96673494259	99.88	UP_pEhEx_DOWN_CDC5
EHI_086080A	265.528475115403	-1.98195674728549	0.477819170237286	-4.14792220726776	3.35506354497245e-05	0.00122392718120595	87	97	372	576	113.979265561712	100.358380152663	240.24561872034	607.530636026895	99.88	UP_pEhEx_DOWN_CDC5
EHI_187780A	55.167743191529	-2.53700713992018	0.614155429642322	-4.13088774839572	3.61365015293296e-05	0.00130520750078212	12	16	99	118	15.721278008512	16.5539596128104	63.936334014284	124.45940113051	99.87	UP_pEhEx_DOWN_CDC5
EHI_005020A	922.920994382771	-1.46609340789602	0.355204871751193	-4.12745861470887	3.66794417089174e-05	0.00131182944464834	375	473	1570	1609	491.289937766	489.376431053706	1013.93984244875	1697.07776626263	99.87	UP_pEhEx_DOWN_CDC5
EHI_057850A	557.809679978898	-1.28927676943009	0.312856187525863	-4.1209885590756	3.77250161719243e-05	0.0013361248446134	236	327	1149	798	309.185134167403	338.321549586812	742.048967499115	841.683068662261	99.87	UP_pEhEx_DOWN_CDC5
EHI_092430A	6563.79686536939	-1.36227621470192	0.330881406419768	-4.11711322628291	3.83647617796315e-05	0.00134571779780861	2451	4002	11807	10693	3211.07103323858	4140.55914815419	7625.215108148	11278.3421719368	99.87	UP_pEhEx_DOWN_CDC5
EHI_020080A	544.114593306198	-1.40630046007455	0.342232339190953	-4.10919804773297	3.97035475785949e-05	0.00137941468158776	261	246	1073	841	341.937796685136	254.517129046959	692.966529265927	887.036918226769	99.86	UP_pEhEx_DOWN_CDC5
EHI_186950A	175.874217637227	-1.55877880030764	0.380306321601506	-4.0987454369506	4.15395595236394e-05	0.00142958785983242	64	91	376	268	83.8468160453973	94.1506452978589	242.828904943139	282.670504262514	99.86	UP_pEhEx_DOWN_CDC5
EHI_198930A	751.955737676754	-1.52143465191324	0.373836294713747	-4.06978849680241	4.70558371204177e-05	0.00160429620388115	303	367	1232	1361	396.962269714928	379.706448618838	795.652156622201	1435.50207575105	99.84	UP_pEhEx_DOWN_CDC5
EHI_098470A	2123.34582699868	-14.2751737634098	3.51002146680009	-4.06697619898713	4.76271052868991e-05	0.0016087377785797	0	0	486	7755	0	0	313.869276070122	8179.51403192461	99.84	UP_pEhEx_DOWN_CDC5
EHI_113900A	432.829620193034	-1.38944122114609	0.344284799061125	-4.03573211752346	5.44322946421675e-05	0.00182173404453786	168	249	824	684	220.097892119168	257.620996474361	532.156961896667	721.442630281938	99.82	UP_pEhEx_DOWN_CDC5
EHI_141800A	1029.80986083731	-1.45857828767141	0.362290970487332	-4.02598575865531	5.67371228705003e-05	0.00188160931119623	505	423	1890	1706	661.603782858213	437.645307263674	1220.6027402727	1799.38761295466	99.81	UP_pEhEx_DOWN_CDC5
EHI_163670A	2356.80806519362	-1.54644514281419	0.384751243004512	-4.01933761340975	5.83619903636212e-05	0.00191805892654496	1009	1046	3643	4428	1321.89745921572	1082.21510968748	2352.72792741451	4670.39176445676	99.81	UP_pEhEx_DOWN_CDC5
EHI_035600A	2989.80926160576	-1.19480774000609	0.298924702949636	-3.99701907609623	6.41451336867244e-05	0.00208929864008188	1435	1697	5632	4443	1880.00282851789	1755.7543414337	3637.26700170149	4686.21287476996	99.79	UP_pEhEx_DOWN_CDC5
EHI_015440A	228.689653066639	-1.58341020098077	0.402603372171877	-3.93292831214735	8.39172703925806e-05	0.00270911683532862	90	107	401	405	117.90958506384	110.704604910669	258.974443835635	427.169978456411	99.73	UP_pEhEx_DOWN_CDC5
EHI_044550A	86265.8602741136	1.12184376738511	0.286121693242096	3.92086232495447	8.82326638263545e-05	0.00275328226845989	98905	103273	80340	53808	129576.083452657	106848.56694336	51885.303784925	56753.4869155125	99.72	DOWN_pEhEx_UP_CDC5
EHI_050000A	30.9673907765396	-3.23746537088033	0.825513394844231	-3.92175995095903	8.79045444828926e-05	0.00275328226845989	6	4	54	73	7.860639004256	4.13848990320259	34.8743640077913	76.9960701909086	99.72	UP_pEhEx_DOWN_CDC5
EHI_077770A	67.580562426759	-2.1438138676443	0.546738925141255	-3.92109244296157	8.81484360807685e-05	0.00275328226845989	19	24	126	132	24.8920235134773	24.8309394192155	81.3735160181797	139.225770756164	99.72	UP_pEhEx_DOWN_CDC5
EHI_155420A	462.238526318616	-1.45879405730301	0.372078048283954	-3.92066681716658	8.8304283281197e-05	0.00275328226845989	181	247	787	804	237.129276628389	255.55175152276	508.261564335773	848.011512787541	99.72	UP_pEhEx_DOWN_CDC5
EHI_032780A	40.6972647472499	-2.84798904269216	0.731322244154233	-3.8943011312145	9.8482247799166e-05	0.00304460372857083	8	9	63	97	10.4808520056747	9.31160228220583	40.6867580090898	102.309846692029	99.7	UP_pEhEx_DOWN_CDC5
EHI_165810.mRNA	598.08081177883	1.28558006843672	0.330298254061417	3.89217942459264	9.9347726448038e-05	0.00304555047128103	648	820	627	275	848.949012459648	848.390430156531	404.930115423799	290.053689075341	99.7	DOWN_pEhEx_UP_CDC5
EHI_056460A	191.993508410085	-1.53580822546158	0.395156913284881	-3.8865781511821	0.000101667205660426	0.00309068305207694	63	110	387	305	82.536709544688	113.808472338071	249.932942055838	321.695909701741	99.69	UP_pEhEx_DOWN_CDC5
EHI_068610A	132.15734018683	1.55159701470631	0.399925694109473	3.87971325063596	0.000104579679557115	0.00315294769441615	149	192	96	69	195.205868605691	198.647515353724	61.9988693471845	72.7771074407218	99.68	DOWN_pEhEx_UP_CDC5
EHI_110570A	208.980166751523	-1.69276229894419	0.436588967005832	-3.87724479286161	0.000105646050565707	0.00315899010216147	69	103	341	397	90.397348548944	106.566115007467	220.225150493645	418.732052956037	99.68	UP_pEhEx_DOWN_CDC5
EHI_098800A	369.842843576644	-1.35268801059317	0.349272548267349	-3.87287239522119	0.000107560149641354	0.00316260966708747	170	187	699	580	222.718105120587	193.474402974721	451.429267434187	611.749598777082	99.68	UP_pEhEx_DOWN_CDC5
EHI_104360A	653.135141746119	-1.55111506587877	0.400695714963983	-3.87105478784118	0.000108365430503912	0.00316260966708747	275	294	1006	1231	360.279287695067	304.17900788539	649.696485034038	1298.38578636998	99.68	UP_pEhEx_DOWN_CDC5
EHI_170120A	169.911973828641	-1.50541108517818	0.388889683528854	-3.87104916622578	0.000108367929930355	0.00316260966708747	63	91	346	265	82.536709544688	94.1506452978589	223.454258272144	279.506282199874	99.68	UP_pEhEx_DOWN_CDC5
EHI_157010A	807.923978733461	1.158128664156	0.299937168310255	3.86123757412431	0.000112814140356822	0.00326623796842608	906	1010	787	466	1186.95648964266	1044.96870055865	508.261564335773	491.509160396759	99.67	DOWN_pEhEx_UP_CDC5
EHI_056690A	163.228260834288	-1.55484798808015	0.404082595134809	-3.84784696693363	0.00011916044630199	0.00342281344968235	64	79	312	271	83.8468160453973	81.7351755882512	201.49632537835	285.834726325154	99.66	UP_pEhEx_DOWN_CDC5
EHI_000140A	210.941838489068	-1.40909253320689	0.366388773429516	-3.84589440341563	0.000120113486894178	0.00342323437648408	78	124	476	290	102.188307055328	128.29318699928	307.411060513123	305.874799388541	99.66	UP_pEhEx_DOWN_CDC5
EHI_174910A	619.087902119579	-1.5702736896033	0.4086098305126	-3.84296600900031	0.000121556309497879	0.00343749935696327	262	271	940	1181	343.247903185845	280.382690941976	607.072262357848	1245.64875199264	99.66	UP_pEhEx_DOWN_CDC5
EHI_161170A	707.497176667046	1.23357975798512	0.321657434231782	3.83507305196066	0.000125526979938494	0.00352248017550483	866	823	678	385	1134.55222961428	851.494297583933	437.867014764491	406.075164705477	99.65	DOWN_pEhEx_UP_CDC5
EHI_036560A	89.9085727389497	-1.74629068527616	0.456273998490459	-3.82728512046183	0.000129564405246305	0.00358068901771606	29	43	225	125	37.9930885205707	44.4887664594279	145.309850032464	131.842585943337	99.64	UP_pEhEx_DOWN_CDC5
EHI_076020A	434.254837357077	-1.33252670697819	0.348065125269407	-3.82838328300429	0.000128987775184303	0.00358068901771606	191	235	789	696	250.230341635483	243.136281813152	509.553207447173	734.099518532499	99.64	UP_pEhEx_DOWN_CDC5
EHI_169350A	1281.89187743546	-4.12679828396491	1.08225454899582	-3.81314939982834	0.000137207114222631	0.0037633951329636	133	100	1248	3834	174.244164594341	103.462247580065	805.985301513399	4043.87579605402	99.62	UP_pEhEx_DOWN_CDC5
EHI_015320A	10262.379288984	1.10348163013258	0.289620652524935	3.81009303208299	0.000138914508244967	0.00378179198565402	11518	12490	9253	6695	15089.8066751701	12922.4347227501	5975.78685489061	7061.48890312511	99.62	DOWN_pEhEx_UP_CDC5
EHI_087410A	92.3423830238939	-1.7510286302125	0.460108419271085	-3.80568700087366	0.000141411123681224	0.00382124280880819	28	46	203	146	36.6829820198613	47.5926338868298	131.101775807067	153.992140381817	99.62	UP_pEhEx_DOWN_CDC5
EHI_112800A	131.157067475903	-1.6650859993159	0.440566901815432	-3.77941691138083	0.000157196035934254	0.00421655249329528	55	52	250	225	72.0558575390133	53.8003687416337	161.45538892496	237.316654698006	99.58	UP_pEhEx_DOWN_CDC5
EHI_024240A	279.380529515457	-1.86770473148502	0.49559836511345	-3.76858533634887	0.000164175358822592	0.00437161831375778	54	163	468	546	70.745751038304	168.643463555506	302.244488067525	575.888415400495	99.56	UP_pEhEx_DOWN_CDC5
EHI_097930A	56.3914276326324	-2.21975301389806	0.590546675938078	-3.75881044520655	0.000170723114868182	0.00451302842781977	17	17	103	113	22.2718105120587	17.588582088611	66.5196202370834	119.185697692776	99.55	UP_pEhEx_DOWN_CDC5
EHI_016370A	2266.86664985299	1.11257647645653	0.298119067050413	3.73198697910988	0.000189975323682971	0.00491510624677643	2600	2701	2381	1260	3406.27690184427	2794.51530713755	1537.70112412132	1328.97326630883	99.51	DOWN_pEhEx_UP_CDC5
EHI_044830A	39629.8692957268	1.06157311750597	0.28434471307439	3.73340198953598	0.000188910725060312	0.00491510624677643	42177	50178	36062	26602	55256.3618804175	51915.2865907249	23289.6169416476	28058.2117701171	99.51	DOWN_pEhEx_UP_CDC5
EHI_108690A	2266.86664985299	1.11257647645653	0.298119067050413	3.73198697910988	0.000189975323682971	0.00491510624677643	2600	2701	2381	1260	3406.27690184427	2794.51530713755	1537.70112412132	1328.97326630883	99.51	DOWN_pEhEx_UP_CDC5
EHI_025230A	637.757724669332	-1.32658571557963	0.356235099314968	-3.72390513492529	0.000196164662163899	0.00500425655646087	260	373	1089	1063	340.627690184427	385.914183473642	703.299674157124	1121.18935086213	99.5	UP_pEhEx_DOWN_CDC5
EHI_160740A	637.757724669332	-1.32658571557963	0.356235099314968	-3.72390513492529	0.000196164662163899	0.00500425655646087	260	373	1089	1063	340.627690184427	385.914183473642	703.299674157124	1121.18935086213	99.5	UP_pEhEx_DOWN_CDC5
EHI_083400A	485.996352608298	1.16285582703087	0.313293181941044	3.71171763083466	0.00020585756268803	0.00521505825476344	496	671	488	270	649.812824351829	694.231681262235	315.160919181521	284.779985637607	99.48	DOWN_pEhEx_UP_CDC5
EHI_040310A	885.933974348848	-1.1518167125828	0.310789025431438	-3.70610484390124	0.000210471200978432	0.00527628158559493	463	477	1757	1241	606.579309828421	493.514920956909	1134.70847336462	1308.93319324545	99.47	UP_pEhEx_DOWN_CDC5
EHI_166800A	36.8460636063619	2.36535186650347	0.638375303995464	3.7052684395828	0.000211166971353306	0.00527628158559493	54	51	19	11	70.745751038304	52.765746265833	12.2706095582969	11.6021475630136	99.47	DOWN_pEhEx_UP_CDC5
EHI_058320A	45.9369988483809	-2.46613903238246	0.66635927661082	-3.7009149852697	0.000214823446011807	0.00533112878266034	12	12	76	101	15.721278008512	12.4154697096078	49.0824382331877	106.528809442216	99.47	UP_pEhEx_DOWN_CDC5
EHI_141890A	74.6891955476994	-1.82426645691137	0.498082527754272	-3.66257869983219	0.000249689006227918	0.0061544965859422	24	33	152	128	31.442556017024	34.1425417014214	98.1648764663755	135.006808005977	99.38	UP_pEhEx_DOWN_CDC5
EHI_056380A	370.249173786324	-1.40090951272395	0.383885472179424	-3.64929025516543	0.000262965847911256	0.00643825109516954	141	214	624	637	184.725016600016	221.409209821339	402.992650756699	671.869817967244	99.36	UP_pEhEx_DOWN_CDC5
EHI_141940A	12390.1861333868	-1.19502174939209	0.328895131032101	-3.6334431149589	0.000279664125756909	0.00680143153840802	4985	8249	21731	19399	6530.88090603603	8534.60080287954	14034.3482269132	20460.9145977183	99.32	UP_pEhEx_DOWN_CDC5
EHI_160910A	25.0750622367491	-3.25221037259581	0.896861217610966	-3.62621363120033	0.000287607443686975	0.0069482910898681	5	3	44	59	6.55053250354667	3.10386742740194	28.4161484507929	62.2297005652549	99.31	UP_pEhEx_DOWN_CDC5
EHI_035650A	88.785025972797	-1.65152714147617	0.459212293279742	-3.59643495099139	0.000322608209128917	0.007742597019094	33	41	187	141	43.233514523408	42.4195215078266	120.76863091587	148.718436944084	99.23	UP_pEhEx_DOWN_CDC5
EHI_156690A	44716.3078214305	1.01908447925655	0.283711077006057	3.59197987618509	0.000328175197214339	0.00782472627083601	50016	52427	46465	27579	65526.286739478	54242.1525388006	30008.098585593	29088.6934218503	99.22	DOWN_pEhEx_UP_CDC5
EHI_141810A	287.984680111852	-1.30023802901269	0.362467348693946	-3.58718663542455	0.000334265075400989	0.00791817529261564	137	148	537	448	179.484590597179	153.124126418496	346.806175410813	472.523828020919	99.21	UP_pEhEx_DOWN_CDC5
EHI_067520A	2176.15092386654	-1.21849276735616	0.342052789543117	-3.56229448964212	0.000367627667472902	0.00854207471937036	924	1358	3611	3562	1210.53840665542	1405.01732213728	2332.06163763212	3756.98632904132	99.15	UP_pEhEx_DOWN_CDC5
EHI_160980A	11727.8748720433	-1.51192555058636	0.424030943895985	-3.56560192681889	0.000363022037477712	0.00854207471937036	2712	8336	23229	18708	3553.00882992371	8624.6129582742	15001.7889173516	19732.0887826235	99.15	UP_pEhEx_DOWN_CDC5
EHI_166030A	220.026040756412	-1.29683594229414	0.363954323207046	-3.56318323372792	0.000366384746465583	0.00854207471937036	93	128	435	327	121.839904565968	132.431676902483	280.93237672943	344.900204827769	99.15	UP_pEhEx_DOWN_CDC5
EHI_115360A	53.3355976760457	-2.02971069047542	0.570424923236859	-3.55824335121594	0.000373343342766669	0.00861997793932158	17	19	107	97	22.2718105120587	19.6578270402123	69.1029064598827	102.309846692029	99.14	UP_pEhEx_DOWN_CDC5
EHI_025360A	268.513875961921	-1.22121282571169	0.343819216604165	-3.55190392722482	0.000382454475436824	0.008665800785053	126	152	545	379	165.073419089376	157.262616321698	351.972747856412	399.746720580197	99.13	UP_pEhEx_DOWN_CDC5
EHI_048990A	67479.0638267156	1.05909656963192	0.297987575660924	3.5541635159885	0.000379183380017129	0.008665800785053	77714	77874	61717	45200	101813.616596125	80570.1906804996	39858.168953127	47674.2790771105	99.13	DOWN_pEhEx_UP_CDC5
EHI_176820A	825.680971064219	-1.57337235020786	0.442780199223218	-3.5533936543867	0.000380294922393461	0.008665800785053	371	333	1125	1655	486.049511763163	344.529284441616	726.549250162319	1745.59583788978	99.13	UP_pEhEx_DOWN_CDC5
EHI_169280A	651.283267581091	-1.15004046208377	0.325408596066341	-3.53414284682668	0.000409099914143151	0.00920557408123295	315	383	1184	978	412.68354772344	396.260408231648	764.652721948609	1031.53639242067	99.08	UP_pEhEx_DOWN_CDC5
EHI_170580A	2986.68705407539	-1.27931317146453	0.362133665894309	-3.53270985812711	0.00041132362259895	0.00920557408123295	936	2183	6302	4164	1226.25968466394	2258.58086467281	4069.96744402038	4391.94022294443	99.08	UP_pEhEx_DOWN_CDC5
EHI_046600A	72.4261408568304	-1.8815999788262	0.537418550900925	-3.50118166868617	0.000463199974017319	0.0103033750317999	25	28	126	139	32.7526625177333	28.9694293224181	81.3735160181797	146.60895556899	98.97	UP_pEhEx_DOWN_CDC5
EHI_031240A	118.413005430762	-1.68678296026462	0.482419531205778	-3.49650636251939	0.00047139325227271	0.0104220762684294	42	55	191	226	55.024473029792	56.9042361690356	123.351917138669	238.371395385553	98.96	UP_pEhEx_DOWN_CDC5
EHI_188170A	308.272491373378	-1.44056381524571	0.413055859738623	-3.48757627154179	0.000487419877645121	0.0107114922509	150	131	510	542	196.5159751064	135.535544329885	329.368993406918	571.669452650308	98.93	UP_pEhEx_DOWN_CDC5
EHI_006170A	169.559738077829	-1.65017188103735	0.473648378722681	-3.48395973715243	0.000494053804596981	0.0107922651447293	60	82	250	335	78.60639004256	84.8390430156531	161.45538892496	353.338130328142	98.92	UP_pEhEx_DOWN_CDC5
EHI_014250A	250.418322917908	1.58386313826984	0.455997633729686	3.47340209929412	0.000513904808559999	0.0111590758430171	315	326	117	167	412.68354772344	337.286927111011	75.5611220168811	176.141694820298	98.88	DOWN_pEhEx_UP_CDC5
EHI_073540A	34.679443383734	2.52311081712385	0.727149016441204	3.46986760632972	0.000520714966142521	0.011173930567576	28	79	20	7	36.6829820198613	81.7351755882512	12.9164311139968	7.38318481282685	98.88	DOWN_pEhEx_UP_CDC5
EHI_131940A	5295.37065482928	-1.05814731170888	0.304919103220288	-3.47025588273628	0.000519962754883306	0.011173930567576	2639	3300	9329	7855	3457.37105537193	3414.25417014214	6024.8692931238	8284.98810067928	98.88	UP_pEhEx_DOWN_CDC5
EHI_096360A	250.267873804498	-1.46317412414016	0.423600079538801	-3.45414034325301	0.000552050010122173	0.0117770668826064	106	123	390	458	138.871289075189	127.25856452348	251.870406722937	483.071234896386	98.82	UP_pEhEx_DOWN_CDC5
EHI_030390A	98.9136387914661	-1.9595840811201	0.569134696303676	-3.44309368915107	0.000575100043893321	0.0121950692835565	21	51	147	209	27.512236514896	52.765746265833	94.9357686878763	220.440803697259	98.78	UP_pEhEx_DOWN_CDC5
EHI_193350A	392.982310019437	-1.69638543100108	0.492909061842888	-3.44157890840683	0.000578329765914274	0.0121950692835565	154	163	469	852	201.756401109237	168.643463555506	302.890309623224	898.639065789783	98.78	UP_pEhEx_DOWN_CDC5
EHI_103370A	49.592623972037	-2.60275807685219	0.76131197283564	-3.41877990852785	0.000629025834553768	0.01318785197961	2	24	134	80	2.62021300141867	24.8309394192155	86.5400884637784	84.3792550037355	98.68	UP_pEhEx_DOWN_CDC5
EHI_050740A	344.404284007093	-1.10944060368321	0.325277882529177	-3.41074712813803	0.00064785144805887	0.0135049261858215	168	209	734	443	220.097892119168	216.236097442335	474.033021883682	467.250124583185	98.65	UP_pEhEx_DOWN_CDC5
EHI_044770A	6496.75818265677	-1.10396605286392	0.323914721762365	-3.40819968557597	0.000653930217507536	0.0135541899628835	3029	4139	10867	10162	3968.31259064857	4282.30242733888	7018.14284579015	10718.2748668495	98.64	UP_pEhEx_DOWN_CDC5
EHI_025830A	1285.32370723711	-1.05437765573487	0.309782487225266	-3.40360639873149	0.000665025070811956	0.0136292778557417	618	832	2317	1872	809.645817438368	860.805899866139	1496.36854455653	1974.47456708741	98.64	UP_pEhEx_DOWN_CDC5
EHI_193440A	1532.78716322844	1.00505163985046	0.295264559917046	3.4039020468045	0.000664305710497585	0.0136292778557417	1652	1864	1701	891	2164.29593917182	1928.53629489241	1098.54246624543	939.773952604104	98.64	DOWN_pEhEx_UP_CDC5
EHI_159820A	66.6138987792609	-1.72454959265404	0.508222404144649	-3.39329706559572	0.00069056704562499	0.0140736792315082	21	33	144	106	27.512236514896	34.1425417014214	92.9983040207768	111.802512879949	98.59	UP_pEhEx_DOWN_CDC5
EHI_153690A	1164.00897542103	-1.11129372490328	0.328102297531518	-3.38703426725174	0.000706525624692616	0.0143189193271037	546	732	1996	1796	715.318149387296	757.343652286074	1289.05982517688	1894.31427483386	98.57	UP_pEhEx_DOWN_CDC5
EHI_135080A	28857.9405683841	-1.09939916586792	0.326439430751981	-3.36785039520305	0.00075756692327871	0.0152685311387886	14561	17063	47527	45516	19076.4607568286	17653.7633045864	30693.9610777462	48007.5771343753	98.47	UP_pEhEx_DOWN_CDC5
EHI_148150A	136.45727936446	-1.39288537349695	0.414536362620262	-3.36010420097431	0.000779130804361592	0.0156168635951159	49	83	278	205	64.1952185347573	85.8736654914538	179.538392484555	216.221840947072	98.44	UP_pEhEx_DOWN_CDC5
EHI_037810A	47.3869196304704	-1.99813321732116	0.598106143358819	-3.34076691822646	0.000835473296545834	0.0164746301935092	13	20	93	87	17.0313845092213	20.692449516013	60.061404680085	91.7624398165623	98.35	UP_pEhEx_DOWN_CDC5
EHI_052110A	47.3869196304704	-1.99813321732116	0.598106143358819	-3.34076691822646	0.000835473296545834	0.0164746301935092	13	20	93	87	17.0313845092213	20.692449516013	60.061404680085	91.7624398165623	98.35	UP_pEhEx_DOWN_CDC5
EHI_174670A	296.861763406438	-1.3296860880714	0.397748191426402	-3.34303490684115	0.000828674751557896	0.0164746301935092	149	138	502	498	195.205868605691	142.777901660489	324.202420961319	525.260862398253	98.35	UP_pEhEx_DOWN_CDC5
EHI_014110A	7493.34090869282	-1.13903839758784	0.342126508435701	-3.32929010030777	0.000870676640200429	0.0168054411822813	2849	5438	13354	11368	3732.49342052089	5626.27702340392	8624.30105481565	11990.2921360308	98.32	UP_pEhEx_DOWN_CDC5
EHI_040400A	265.87675114131	-1.29717887491326	0.389125996741101	-3.33357032369213	0.000857389944556513	0.0168054411822813	116	150	446	444	151.972354082283	155.193371370097	288.036413842128	468.304865270732	98.32	UP_pEhEx_DOWN_CDC5
EHI_081130A	90.3490782299538	-2.08394121896595	0.625703450339725	-3.33055733963826	0.000866723108068867	0.0168054411822813	11	52	160	180	14.4111715078027	53.8003687416337	103.331448911974	189.853323758405	98.32	UP_pEhEx_DOWN_CDC5
EHI_160210A	41.9251749100371	-2.07355708602788	0.622455069128912	-3.33125584297946	0.000864551040621609	0.0168054411822813	11	17	86	76	14.4111715078027	17.588582088611	55.5406537901861	80.1602922535487	98.32	UP_pEhEx_DOWN_CDC5
EHI_005070A	91.9246024839505	-1.55809937157228	0.469848420565469	-3.31617454347742	0.000912588126184024	0.0174299554152844	33	48	174	154	43.233514523408	49.6618788384311	112.372950691772	162.430065882191	98.26	UP_pEhEx_DOWN_CDC5
EHI_050960A	2882.47818409082	-1.0112139624058	0.307587258566709	-3.28756778521271	0.00101056857306623	0.0189933230970881	1617	1648	5271	4079	2118.44221164699	1705.05784011947	3404.12542009385	4302.28726450296	98.1	UP_pEhEx_DOWN_CDC5
EHI_129750A	1718.41439186208	-1.10090861570943	0.33500337950356	-3.28626122321771	0.00101526809318316	0.0189933230970881	891	984	2858	2695	1167.30489213202	1018.06851618784	1845.75800619014	2842.52615293834	98.1	UP_pEhEx_DOWN_CDC5
EHI_069280A	69.2719978971547	-1.60142441984252	0.491799703843737	-3.25625332290023	0.00112892979220499	0.0208111677963079	28	31	156	102	36.6829820198613	32.0732967498201	100.748162689175	107.583550129763	97.92	UP_pEhEx_DOWN_CDC5
EHI_158150A	456.136314696219	-1.36978190571402	0.420682219727433	-3.25609650581746	0.00112955351526013	0.0208111677963079	170	276	663	842	222.718105120587	285.555803320979	428.179691428993	888.091658914316	97.92	UP_pEhEx_DOWN_CDC5
EHI_167620A	34.8121485194973	2.08622588947783	0.642321895590648	3.24794453341722	0.00116241928296451	0.0213090730867062	37	62	20	13	48.4739405262453	64.1465934996402	12.9164311139968	13.711628938107	97.87	DOWN_pEhEx_UP_CDC5
EHI_006810A	394.749401330909	-1.12642835398223	0.347322652263209	-3.24317560816218	0.00118205330422396	0.0214632053947991	196	231	699	599	256.780874139029	238.99779190995	451.429267434187	631.789671840469	97.85	UP_pEhEx_DOWN_CDC5
EHI_099340A	1407.55573847041	-1.04592057784683	0.322652570361285	-3.24163101095298	0.00118847793030411	0.0214632053947991	703	885	2397	2129	921.004869998661	915.640891083573	1548.03426901251	2245.54292378691	97.85	UP_pEhEx_DOWN_CDC5
EHI_140600A	349.817825039617	-1.41182408578826	0.435469922974661	-3.24207025859376	0.00118664764051184	0.0214632053947991	92	252	665	558	120.529798065259	260.724863901763	429.471334540393	588.545303651055	97.85	UP_pEhEx_DOWN_CDC5
EHI_075530A	40.592894184867	-2.81722698242869	0.870097203902201	-3.23783017551835	0.00120442481315509	0.0216440478738413	15	1	92	78	19.65159751064	1.03462247580065	59.4155831243852	82.2697736286421	97.84	UP_pEhEx_DOWN_CDC5
EHI_122900A	731.842383542637	1.50171973531299	0.46450820702456	3.23292400995961	0.00122530151195581	0.0218962099049543	889	964	308	537	1164.6846791306	997.376066671824	198.91303915555	566.395749212574	97.81	DOWN_pEhEx_UP_CDC5
EHI_035510A	78.8816773259153	-1.52206602190161	0.472073711564976	-3.22421262742168	0.00126319569193361	0.0223487052746331	33	37	168	119	43.233514523408	38.281031604624	108.498021357573	125.514141818057	97.77	UP_pEhEx_DOWN_CDC5
EHI_086200A	89.3795149023117	-1.7550305547223	0.544517437389045	-3.22309339281705	0.00126814199337968	0.0223487052746331	20	53	157	166	26.2021300141867	54.8349912174343	101.393984244875	175.086954132751	97.77	UP_pEhEx_DOWN_CDC5
EHI_050640A	20.9789950990142	2.79570126889201	0.875775620622731	3.19225747218688	0.00141165437759886	0.0247582460071185	28	35	4	8	36.6829820198613	36.2117866530227	2.58328622279936	8.43792550037355	97.52	DOWN_pEhEx_UP_CDC5
EHI_130260A	14306.2756464476	-1.28219924714799	0.402083633134669	-3.18888694163422	0.00142821723916365	0.0249288827199473	4054	10981	26518	22211	5311.17175387564	11361.1894067669	17125.8960140483	23426.8454110996	97.51	UP_pEhEx_DOWN_CDC5
EHI_194075A	190.403990513977	-1.17799343095788	0.371287107565676	-3.17272915475393	0.00151013331665027	0.0262331730435247	80	124	397	258	104.808520056747	128.29318699928	256.391157612836	272.123097387047	97.38	UP_pEhEx_DOWN_CDC5
EHI_041580A	63.0465262714563	1.75156076440515	0.552662966381071	3.1693109018588	0.00152800850983692	0.0263314891037385	80	86	30	37	104.808520056747	88.9775329188557	19.3746466709952	39.0254054392277	97.37	DOWN_pEhEx_UP_CDC5
EHI_170050A	566.594488051387	-1.07373848656345	0.33883753610216	-3.16888883951664	0.00153022908168656	0.0263314891037385	251	387	1005	842	328.836731678043	400.398898134851	649.050663478338	888.091658914316	97.37	UP_pEhEx_DOWN_CDC5
EHI_005010A	111.585632273059	-1.46640417757753	0.464625676526253	-3.15609801968117	0.00159895116913746	0.0273848538263542	38	66	198	190	49.7840470269547	68.2850834028427	127.872668028568	200.400730633872	97.26	UP_pEhEx_DOWN_CDC5
EHI_107170A	324.583743454057	1.87688039650773	0.597357561099682	3.14197144010793	0.00167814404143382	0.0286068666502364	287	624	355	45	376.000565703579	645.604424899604	229.266652273443	47.4633309396012	97.14	DOWN_pEhEx_UP_CDC5
EHI_151890A	28.2757324447782	-2.31762732208056	0.73851069055242	-3.13824478335843	0.00169962874231042	0.0288383518695274	9	7	64	50	11.790958506384	7.24235733060453	41.3325795647897	52.7370343773347	97.12	UP_pEhEx_DOWN_CDC5
EHI_197840A	1090.44456205258	-1.02930412637151	0.328502132982929	-3.13332554959392	0.00172837625668467	0.0291903545573411	594	634	1876	1627	778.203261421344	655.950649657611	1211.5612384929	1716.06309863847	97.08	UP_pEhEx_DOWN_CDC5
EHI_013340A	66.6323621685706	-1.57320766738456	0.504301129683483	-3.11957989935886	0.00181109135171623	0.0303067029865174	25	33	136	106	32.7526625177333	34.1425417014214	87.8317315751781	111.802512879949	96.97	UP_pEhEx_DOWN_CDC5
EHI_202700A	263.246554302362	1.0819684570013	0.346691219222329	3.12084182411162	0.00180334869609652	0.0303067029865174	289	325	241	173	378.620778704997	336.252304635211	155.642994923661	182.470138945578	96.97	DOWN_pEhEx_UP_CDC5
EHI_007930A	112.47993467141	-1.39164285814712	0.446620825836934	-3.11593812388681	0.00183360742557282	0.0304045449476802	48	59	201	186	62.885112034048	61.0427260722382	129.810132695668	196.181767883685	96.96	UP_pEhEx_DOWN_CDC5
EHI_062500A	82.2652271790639	-1.56846007447997	0.503335844397065	-3.1161302973739	0.00183241287192102	0.0304045449476802	39	31	157	137	51.094153527664	32.0732967498201	101.393984244875	144.499474193897	96.96	UP_pEhEx_DOWN_CDC5
EHI_152670A	255.455659941235	-1.09490956159874	0.351845465958775	-3.11190470684375	0.00185884491207821	0.0306835576437163	111	174	523	340	145.421821578736	180.024310789313	337.764673631016	358.611833765876	96.93	UP_pEhEx_DOWN_CDC5
EHI_125780A	3211.03881525477	-1.065823981213	0.343593131711735	-3.10199443132988	0.0019222157428856	0.0314450360091779	1523	2084	5036	5158	1995.29220058031	2156.15323956855	3252.35735450439	5440.35246636584	96.86	UP_pEhEx_DOWN_CDC5
EHI_169310A	100.610117034262	1.35193499495642	0.435684314381427	3.10301507382898	0.00191559883111689	0.0314450360091779	116	133	98	47	151.972354082283	137.604789281486	63.2905124585842	49.5728123146946	96.86	DOWN_pEhEx_UP_CDC5
EHI_162230A	38.1191201649395	-2.37934411821364	0.76845791807023	-3.09625818442825	0.00195979637949138	0.031916683894574	5	17	55	88	6.55053250354667	17.588582088611	35.5201855634911	92.817180504109	96.81	UP_pEhEx_DOWN_CDC5
EHI_096790A	404.404355255319	-1.29839204132946	0.420308657295501	-3.08913941883575	0.00200737214058453	0.0325461936393438	190	211	576	738	248.920235134773	218.305342393937	371.993216083107	778.39862740946	96.75	UP_pEhEx_DOWN_CDC5
EHI_127380A	154.120953836952	-1.34462034124223	0.436457432490601	-3.08075940778299	0.00206473411624741	0.0332043946081221	72	77	254	264	94.327668051072	79.6659306366499	164.038675147759	278.451541512327	96.68	UP_pEhEx_DOWN_CDC5
EHI_188760A	5224.03946044519	1.14953137019847	0.373715089621102	3.075956529783	0.00209828433900256	0.0335725494240409	6125	6167	6579	2126	8024.40231684467	6380.51680826259	4248.86001494924	2242.37870172427	96.64	DOWN_pEhEx_UP_CDC5
EHI_052720A	22.5512184712633	-2.57423153429012	0.838187897434974	-3.07118671382371	0.00213209778039065	0.0339645969557428	6	5	46	45	7.860639004256	5.17311237900324	29.7077915621926	47.4633309396012	96.6	UP_pEhEx_DOWN_CDC5
EHI_145610A	310.372638745237	1.25293684245788	0.408236305244555	3.06914604693795	0.00214671618385149	0.0340487853856097	242	538	238	203	317.045773171659	556.626891980748	153.705530256562	214.112359571979	96.6	DOWN_pEhEx_UP_CDC5
EHI_096340A	1543.56196885327	-1.00239911737765	0.327175082825023	-3.06380030142375	0.00218544740728067	0.034364276473103	783	995	2553	2342	1025.81339005541	1029.44936342164	1648.78243170169	2470.20269023436	96.56	UP_pEhEx_DOWN_CDC5
EHI_196580A	59.0082696444313	-1.62800226267173	0.531293094811676	-3.06422627843262	0.00218233777225143	0.034364276473103	21	29	118	97	27.512236514896	30.0040517982188	76.206943572581	102.309846692029	96.56	UP_pEhEx_DOWN_CDC5
EHI_083140A	37.8473123305814	-8.4642173236673	2.76557023883604	-3.06056856007739	0.00220917175702975	0.0344404212377971	0	0	27	127	0	0	17.4371820038956	133.95206731843	96.56	UP_pEhEx_DOWN_CDC5
EHI_068170A	420.329756871785	-1.2580045312512	0.411686752691305	-3.05573235725291	0.00224511567265659	0.0348518381866011	206	218	613	749	269.881939146123	225.547699724541	395.888613644001	790.000774972473	96.51	UP_pEhEx_DOWN_CDC5
EHI_115270A	207.7640620416	1.23935849305547	0.408242644764778	3.03583789922183	0.00239868284755763	0.0369214980079757	246	252	144	147	322.286199174496	260.724863901763	92.9983040207768	155.046881069364	96.31	DOWN_pEhEx_UP_CDC5
EHI_115400A	207.7640620416	1.23935849305547	0.408242644764778	3.03583789922183	0.00239868284755763	0.0369214980079757	246	252	144	147	322.286199174496	260.724863901763	92.9983040207768	155.046881069364	96.31	DOWN_pEhEx_UP_CDC5
EHI_111050A	1585.24229816716	-1.10517685817437	0.365643194920455	-3.0225555227817	0.00250650096892626	0.0384189728346344	623	1155	2574	2529	816.196349941915	1194.98895954975	1662.34468437139	2667.43919880559	96.16	UP_pEhEx_DOWN_CDC5
EHI_109880A	19.7112368108872	-2.7087181768985	0.897137333981667	-3.01929044115988	0.0025336750730577	0.0386729986046631	4	5	39	41	5.24042600283733	5.17311237900324	25.1870406722937	43.2443681894144	96.13	UP_pEhEx_DOWN_CDC5
EHI_134840A	43.9805487396906	-1.97612917394564	0.656304704271895	-3.01099346246186	0.00260394458891816	0.039579957751556	12	19	69	91	15.721278008512	19.6578270402123	44.5616873432889	95.9814025667491	96.04	UP_pEhEx_DOWN_CDC5
EHI_009810A	675.283940362399	-1.1489629615901	0.382296206829426	-3.00542600492697	0.00265209115959535	0.040144516805825	417	284	1317	958	546.314410795792	293.832783127384	850.546988856688	1010.44157866973	95.99	UP_pEhEx_DOWN_CDC5
EHI_174220A	284.205229648918	-1.10125104598463	0.366856509021183	-3.0018577261254	0.00268337555128427	0.0404502231863018	119	198	519	418	155.902673584411	204.855250208528	335.181387408216	440.881607394518	95.95	UP_pEhEx_DOWN_CDC5
EHI_154240A	184.482851887757	-1.22008579045918	0.406845402079715	-2.99889290679541	0.00270962531358418	0.0406778318681279	86	105	310	300	112.669159061003	108.635359959068	200.20468226695	316.422206264008	95.93	UP_pEhEx_DOWN_CDC5
EHI_170300A	33.1863934449675	-2.10142994761523	0.703537547713636	-2.98694782452547	0.00281777808151454	0.0419561405770001	13	8	70	59	17.0313845092213	8.27697980640518	45.2075088989887	62.2297005652549	95.8	UP_pEhEx_DOWN_CDC5
EHI_100810A	123.850121876065	1.68577560708794	0.566138253100004	2.97767479561245	0.00290443977038972	0.0428963412242174	144	184	141	24	188.655336102144	190.370535547319	91.0608393536773	25.3137765011206	95.71	DOWN_pEhEx_UP_CDC5
EHI_180800A	178.891063920561	1.41311577299859	0.476195755770091	2.96751022216343	0.00300222299475185	0.044122787353746	240	200	206	58	314.42556017024	206.92449516013	133.039240474167	61.1749598777082	95.59	DOWN_pEhEx_UP_CDC5
EHI_134720A	1541.5947073671	-1.01787843028647	0.344316758138472	-2.95622680635579	0.00311427987821356	0.0450829087131868	636	1164	2663	2284	833.227734451136	1204.30056183195	1719.82280282867	2409.02773035665	95.49	UP_pEhEx_DOWN_CDC5
EHI_012570A	111.897540863391	-1.32312167813094	0.44917733997219	-2.94565544693965	0.00322271168360064	0.0458109351641678	50	60	195	184	65.5053250354667	62.0773485480389	125.935203361469	194.072286508592	95.42	UP_pEhEx_DOWN_CDC5
EHI_024510A	193.247921211419	-1.20414790725678	0.408611395335868	-2.94692688701696	0.00320949078505753	0.0458109351641678	77	128	331	309	100.878200554619	132.431676902483	213.766934936647	325.914872451928	95.42	UP_pEhEx_DOWN_CDC5
EHI_098560A	209.25287991407	-1.07702309697822	0.365686409748066	-2.94520952452189	0.0032273602898002	0.0458109351641678	101	132	393	298	132.320756571643	136.570166805685	253.807871390037	314.312724888915	95.42	UP_pEhEx_DOWN_CDC5
EHI_045280A	37.153581963842	-1.88197579228468	0.641219659842431	-2.93499390325484	0.00333554241665878	0.0468002259075816	14	13	78	63	18.3414910099307	13.4500921854084	50.3740813445874	66.4486633154417	95.32	UP_pEhEx_DOWN_CDC5
EHI_099720A	71.8488651093354	-1.66399697721286	0.566831961360083	-2.9356089469976	0.00332893690149518	0.0468002259075816	28	31	105	143	36.6829820198613	32.0732967498201	67.8112633484831	150.827918319177	95.32	UP_pEhEx_DOWN_CDC5
EHI_146780A	105.522080254586	-1.82300567743742	0.621753781553149	-2.93203794094107	0.00336745604427684	0.0470669718372488	12	74	251	159	15.721278008512	76.5620632092479	162.10121048066	167.703769319924	95.29	UP_pEhEx_DOWN_CDC5
EHI_153260A	50.4828740810029	-1.78444190192679	0.609250570507272	-2.92891297654598	0.00340149639803592	0.0473612933589123	23	15	95	90	30.1324495163147	15.5193371370097	61.3530477914847	94.9266618792024	95.26	UP_pEhEx_DOWN_CDC5
EHI_201200A	184.75310950547	-1.15190695191764	0.393824668409396	-2.92492330805491	0.00344541123265859	0.0477903428773329	92	105	324	285	120.529798065259	108.635359959068	209.246184046748	300.601095950808	95.22	UP_pEhEx_DOWN_CDC5
EHI_006840A	343.680266784121	-1.21486963237179	0.415656121302583	-2.92277575165892	0.00346926275335417	0.0478914150647747	184	167	521	592	241.059596130517	172.781953458708	336.473030519616	624.406487027642	95.21	UP_pEhEx_DOWN_CDC5
EHI_161940A	335.73443624647	-1.10705695414258	0.378881655169704	-2.92190698345297	0.00347895421934356	0.0478914150647747	186	176	566	523	243.679809131936	182.093555740914	365.535000526109	551.629379586921	95.21	UP_pEhEx_DOWN_CDC5
EHI_030170A	91.194075035828	-1.45468955190631	0.498533922704823	-2.91793494014171	0.00352357859782562	0.0480375047786744	42	41	151	161	55.024473029792	42.4195215078266	97.5190549106756	169.813250695018	95.2	UP_pEhEx_DOWN_CDC5
EHI_190440A	106.946338080773	-1.32310144857073	0.453482890162534	-2.91764359201405	0.00352687219535206	0.0480375047786744	44	62	188	175	57.6446860312107	64.1465934996402	121.41445247157	184.579620320671	95.2	UP_pEhEx_DOWN_CDC5
EHI_197160A	1062.37598300026	-1.33067558608789	0.456109253694148	-2.91744921926139	0.00352907107474911	0.0480375047786744	393	670	1283	2098	514.871854778768	693.197058786434	828.589055962893	2212.84596247296	95.2	UP_pEhEx_DOWN_CDC5
EHI_004860A	341.9941056101	-1.00463332108509	0.345120808703701	-2.91096130905166	0.00360318632991515	0.0488640287417489	200	187	709	431	262.021300141867	193.474402974721	457.887482991186	454.593236332625	95.11	UP_pEhEx_DOWN_CDC5
EHI_109900A	281.702199579759	-1.06100759666349	0.364841564541806	-2.90813246017071	0.00363594293919349	0.0491256290451032	125	194	501	416	163.763312588667	200.716760305326	323.556599405619	438.772126019424	95.09	UP_pEhEx_DOWN_CDC5
EHI_169580A	130.665502205229	-1.22604613799783	0.42195479519186	-2.9056338545468	0.00366510048803981	0.0492899012133841	56	80	236	203	73.3659640397227	82.7697980640518	152.413887145162	214.112359571979	95.07	UP_pEhEx_DOWN_CDC5
EHI_169300A	73.7603581834084	-1.65983715749642	0.572501770902205	-2.89926990947239	0.00374032758294682	0.0499806411083883	23	39	106	148	30.1324495163147	40.3502765562253	68.4570849041829	156.101621756911	95	UP_pEhEx_DOWN_CDC5
