edgeR_U2AF84_1	edgeR_U2AF84_2	edgeR_pEhEx_1	edgeR_pEhEx_2	NOISeq_U2AF84_1	NOISeq_U2AF84_2	NOISeq_pEhEx_1	NOISeq_pEhEx_2	DESeq2_U2AF84_1	DESeq2_U2AF84_2	DESeq2_pEhEx_1	DESeq2_pEhEx_2
EHI_000130A	9.11768026830199	10.6095534887493	22.3421551021147	54.1854734144517	67.68880802828	78.7643356899009	168.080791054341	404.115401663288	66.2642961009377	77.4766476388664	160.438802855515	406.949848216789
EHI_000690A	0	3.27647975387848	17.4193073677504	43.8784540149636	0	24.3242801395282	131.046040483045	327.245624172989	0	23.9266117708264	125.087880192435	329.540909697291
EHI_001940A	51.9244164432113	76.2951714117416	124.585915738911	184.20116098228	385.482025381391	566.408237534728	937.264072150477	1373.77273771949	377.369550676526	557.148245520672	894.650273550244	1383.40831554131
EHI_004400A	12.6720302034028	14.3541017788962	22.0581446559014	33.4241914811971	94.0759704799824	106.563512992219	165.944170829074	249.277707004257	92.0961403436761	104.821346805525	158.399326548029	251.026129198943
EHI_004430A	0	0	7.47894175028416	8.98183119098249	0	0	56.2643325986988	66.9865203844038	0	0	53.7062094304478	67.4563607098481
EHI_004560A	0.463610861100101	0	1.60939252854216	1.91416074561922	3.44180379804813	0	12.1075146098466	14.275815819627	3.36937098818327	0	11.5570324090837	14.3759457250496
EHI_005010A	8.80860636090192	10.9215991795949	18.7446894500793	27.9761955128963	65.3942721629146	81.0809337984274	141.016934867625	208.646538902241	64.0180487754821	79.7553725694213	134.605436294034	210.109975981494
EHI_005020A	73.8686638686161	95.4859813987441	148.632133518305	236.914203053948	548.394071822336	708.879021209108	1118.16458455642	1766.90674259845	536.853110783868	697.289828749798	1067.32593425067	1779.2997439696
EHI_005030A	0.309073907400067	0.780114227113923	1.42005223106661	3.53383522268163	2.29453586536542	5.79149527131624	10.6831011263352	26.3553522823884	2.24624732545551	5.69681232638724	10.1973815374268	26.5402074923993
EHI_005070A	8.80860636090192	9.82943926163543	16.4726058803727	22.6754426788738	65.3942721629146	72.9728404185846	123.923973065489	169.113510478659	64.0180487754821	71.7798353124792	118.289625834151	170.299664742895
EHI_005100A	5.09971947210111	5.30477674437467	10.2243760636796	12.6629095479425	37.8598417785295	39.3821678449504	76.9183281096136	94.440012345225	37.063080870016	38.7383238194332	73.4211470694729	95.1024101810974
EHI_006170A	13.2901780182029	18.2546729144658	23.6675371844435	49.3264499832645	98.6650422107132	135.5209893488	178.05168543892	367.876792275005	96.5886349945871	133.305408437461	169.956358957113	370.45706291474
EHI_006850A	3.09073907400067	2.49636552676455	5.77487907300422	15.4605290992322	22.9453586536542	18.532784868212	43.4446112470966	115.304666235449	22.4624732545551	18.2297994444392	41.4693515855356	116.113407779247
EHI_006960A	0.927221722200202	1.09215991795949	2.36675371844435	3.23934895412483	6.88360759609627	8.10809337984274	17.805168543892	24.1590729255227	6.73874197636654	7.97553725694213	16.9956358957113	24.3285235346993
EHI_007930A	10.1994389442022	9.51739357078986	19.0286998962926	27.3872229757827	75.719683557059	70.6562423100581	143.153555092892	204.25398018851	74.1261617400319	69.5011103819243	136.644912601519	205.686608066094
EHI_008470A	17.4626757681038	22.9353582771493	32.8505416120076	49.9154225203781	129.641276393146	170.269960976697	247.135739389221	372.269350988736	126.912973888237	167.486282395785	235.899426232473	374.88043083014
EHI_010020A	21.6351735180047	21.0630841320759	57.7487907300422	186.115321727899	160.61751057558	156.370372325538	434.446112470966	1388.04855353912	157.237312781886	153.813932812455	414.693515855356	1397.78426126636
EHI_010030A	19.1625822588042	21.0630841320759	66.647784711393	113.377213394369	142.261223652656	156.370372325538	501.393546196	845.567552393294	139.267334178242	153.813932812455	478.597106823231	851.498323714476
EHI_012420A	5.09971947210111	5.14875389895189	10.6977268073685	11.4849644737153	37.8598417785295	38.2238687906872	80.479361818392	85.6548949177622	37.063080870016	37.5989613541558	76.8202742486151	86.2556743502976
EHI_012570A	10.1994389442022	8.73727934367593	18.460679003866	27.0927367072259	75.719683557059	64.8647470387419	138.880314642358	202.057700831644	74.1261617400319	63.804298055537	132.565959986548	203.474924108394
EHI_013340A	6.18147814800135	5.14875389895189	12.8751402283373	15.6077722335106	45.8907173073085	38.2238687906872	96.8601168787727	116.402805913882	44.9249465091103	37.5989613541558	92.4562592726696	117.219249758097
EHI_014400A	43.5794209434095	43.9984424092252	80.469626427108	96.5914960866313	323.529557016525	326.640333302236	605.375730492329	720.379629051949	316.720872889227	321.30021520824	577.851620454185	725.43233812558
EHI_015310A	495.445473562308	782.298546949842	1206.66571581167	1699.03852643847	3678.14099218077	5807.71145807593	9077.78713041792	12671.4337494366	3600.73446270519	5712.76340090112	8665.05500506946	12760.3105939498
EHI_015440A	19.9352670273043	24.6516095768	37.9627296438474	59.6334693827526	147.99756331607	183.011250573593	285.594903444028	444.746569765304	144.882952491881	180.019269513837	272.60999976721	447.866001434238
EHI_017030A	4.63610861100101	7.64511942571644	13.4431611207639	22.9699289474306	34.4180379804814	56.7566536588991	101.133357329307	171.309789835524	33.6937098818327	55.8287607985949	96.5352118876403	172.511348700595
EHI_017450A	4.32703470360094	3.90057113556961	1.23071193359106	1.17794507422721	32.1235021151159	28.9574763565812	9.25868764282386	8.78511742746279	31.4474625563772	28.4840616319362	8.83773066576988	8.84673583079976
EHI_017660A	5.56333033320121	17.3185358419291	27.7383535801678	66.5538966938374	41.3016455765776	128.571195023221	208.676575334415	496.359134651648	40.4324518581992	126.469233645797	199.188852697737	499.840574440186
EHI_017750A	36.4707210732079	41.5020768824607	89.9366413008855	129.573958164993	270.75523211312	308.107548434024	676.596404667897	966.362917020907	265.057184403751	303.070415763801	645.83416403703	973.140941387973
EHI_019860A	1.23629562960027	1.56022845422785	3.88147609824874	3.97556462551684	9.17814346146169	11.5829905426325	29.2004764119829	29.6497713176869	8.98498930182205	11.3936246527745	27.8728428689666	29.8577334289492
EHI_020080A	46.2065491563101	52.4236760620556	101.581069595632	123.831475928136	343.033111872131	389.188482232451	764.197833903846	923.535469562026	335.813975155599	382.825788333222	729.45269264393	930.013104212824
EHI_020990A	0.309073907400067	0.780114227113923	1.60939252854216	4.56453716263044	2.29453586536542	5.79149527131624	12.1075146098466	34.0423300314183	2.24624732545551	5.69681232638724	11.5570324090837	34.281101344349
EHI_022010A	181.88999450494	293.791017931103	560.731290973836	490.614123415634	1350.33435676755	2181.0771191777	4218.4005314189	3659.00140853825	1321.91655103057	2145.41952211743	4026.60605641192	3684.6654735281
EHI_023000A	4.48157165730098	9.51739357078986	14.8632133518305	21.9392270074818	33.2707700477986	70.6562423100581	111.816458455642	163.622812086495	32.5705862191049	69.5011103819243	106.732593425067	164.770454848645
EHI_023400A	357.134900000778	272.727933799027	163.116666275185	64.4924928139398	2651.33619242975	2024.70674685216	1227.13221604504	480.985179153588	2595.53878456385	1991.60558930498	1171.33922593242	484.358786736287
EHI_025230A	42.3431253138092	86.1246106733771	103.095791975436	156.519451737941	314.351413555063	639.381077953313	775.593141771937	1167.32247817412	307.735883587405	628.928080833151	740.329899617185	1175.51002351752
EHI_027520A	3.86342384250084	5.61682243522024	10.6030566586307	13.2518820850561	28.6816983170678	41.6987659534769	79.7671550766363	98.8325710589564	28.0780915681939	41.0170487499881	76.1404488127867	99.5257780964972
EHI_027610A	32.7618341844071	59.9127726423493	108.207980007276	117.352778019886	243.220801728735	444.786836837087	814.052305826744	875.217323710981	238.102216498284	437.51518666654	777.040473151921	881.356057143425
EHI_028920A	2.3180543055005	2.65238837218734	0.757361189902193	0	17.2090189902407	19.6910839224752	5.69765393404545	0	16.8468549409164	19.3691619097166	5.43860348662762	0
EHI_028930A	6.18147814800135	5.46079958979746	1.98807312349326	1.91416074561922	45.8907173073085	40.5404668992137	14.9563415768693	14.275815819627	44.9249465091103	39.8776862847107	14.2763341523975	14.3759457250496
EHI_028990A	12.5174932497027	21.6871755137671	42.6015669319984	94.3828490724553	92.9287025472996	161.003568542591	320.493033790057	703.907533875456	90.9730166809483	158.371382673565	305.921446122804	708.84470844283
EHI_029380A	1.08175867590024	1.71625129965063	0	0	8.03087552877898	12.7412895968957	0	0	7.8618656390943	12.5329871180519	0	0
EHI_030070A	780.25707923147	1625.28998076915	2094.48237067452	2772.44097532802	5792.55579211501	12066.0012482603	15756.8619546027	20676.8720052121	5670.65137311244	11868.7388007952	15040.4579422687	20821.8986197661
EHI_030170A	8.19045854610178	7.80114227113923	14.2951924594039	23.7061446188226	60.8052004321837	57.9149527131624	107.543218005108	176.800488227689	59.5255541245711	56.9681232638724	102.653640810096	178.040558594845
EHI_031240A	8.80860636090192	11.2336448704405	18.0819984089149	33.2769483469187	65.3942721629146	83.3975319069539	136.031487675335	248.179567325824	64.0180487754821	82.0340974999762	129.846658243234	249.920287220093
EHI_032670A	0.927221722200202	0.624091381691138	2.36675371844435	6.92042731108487	6.88360759609627	4.63319621705299	17.805168543892	51.6125648863439	6.73874197636654	4.55744986110979	16.9956358957113	51.9745730059486
EHI_032780A	3.55434993510077	2.80841121761012	5.96421937047977	14.2825840250049	26.3871624517024	20.8493829767385	44.8690247306079	106.519548807986	25.8318442427384	20.508524374994	42.8290024571925	107.266671948447
EHI_033240A	0	0	1.13604178485329	2.65037641701123	0	0	8.54648090106818	19.7665142117913	0	0	8.15790522994143	19.9051556192994
EHI_033850A	1.69990649070037	2.18431983591898	4.63883728815093	4.85902343118725	12.6199472595098	16.2161867596855	34.8981303460284	36.238609388284	12.3543602900053	15.9510745138843	33.3114463555942	36.492785302049
EHI_035060A	0	6.55295950775695	21.5847939122125	16.491231039181	0	48.6485602790564	162.383137120295	122.991643984479	0	47.8532235416528	155.000199368887	123.854301631197
EHI_035510A	5.87240424060128	7.0210280440253	15.9045849879461	17.5219329791298	43.596181441943	52.1234574418462	119.650732614955	130.678621733509	42.6786991836548	51.2713109374851	114.21067321918	131.595195483146
EHI_035670A	4.32703470360094	7.48909658029366	26.8863222415279	43.28948147785	32.1235021151159	55.5983546046359	202.266714658614	322.853065459258	31.4474625563772	54.6893983333175	193.070423775281	325.117541781891
EHI_039020A	3.09073907400067	25.5877466493367	23.478196886968	200.103419484348	22.9453586536542	189.961044899173	176.627271955409	1492.37182299024	22.4624732545551	186.855444305501	168.596708085456	1502.83924925711
EHI_041880A	0	0	2.36675371844435	2.35589014845442	0	0	17.805168543892	17.5702348549256	0	0	16.9956358957113	17.6934716615995
EHI_044220A	5.25425642580114	2.49636552676455	0.852031338639967	0.441729402835204	39.0071097112122	18.532784868212	6.40986067580113	3.29441903529855	38.1862045327437	18.2297994444392	6.11842892245607	3.31752593654991
EHI_044820A	9.89036503680215	13.5739875517823	22.5314953995903	38.5777011809412	73.4251476916935	100.772017720903	169.505204537852	287.712595749406	71.8799144145764	99.1245344791379	161.798453727172	289.730598458692
EHI_045280A	3.86342384250084	3.58852544472404	7.38427160154639	9.27631745953929	28.6816983170678	26.6408782480547	55.5521258569432	69.1827997412695	28.0780915681939	26.2053367013813	53.0263839946193	69.6680446675481
EHI_047920A	0	0.624091381691138	2.46142386718213	2.35589014845442	0	4.63319621705299	18.5173752856477	17.5702348549256	0	4.55744986110979	17.6754613315398	17.6934716615995
EHI_048140A	27.9711886197061	70.5223261310986	124.964596333862	324.523867949597	207.655495815571	523.551172526988	940.1128991175	2420.299851266	203.285382953724	514.991834305406	897.369575293557	2437.27572138533
EHI_048300A	2.3180543055005	3.27647975387848	7.38427160154639	13.6936114878913	17.2090189902407	24.3242801395282	55.5521258569432	102.126990094255	16.8468549409164	23.9266117708264	53.0263839946193	102.843304033047
EHI_048650A	1.08175867590024	1.40420560880506	0.0946701487377742	0	8.03087552877898	10.4246914883692	0.712206741755682	0	7.8618656390943	10.254262187497	0.679825435828453	0
EHI_049000A	146.964642968732	412.212357606997	638.739493533762	866.525845228392	1091.05180398126	3060.2261013635	4805.25888662558	6462.55200757732	1068.0906032541	3010.19563326302	4586.78221553457	6507.88004553207
EHI_049660A	6.64508900910145	6.24091381691138	12.9698103770751	20.7612819332546	49.3325211053566	46.3319621705299	97.5723236205284	154.837694659032	48.2943174972935	45.5744986110979	93.136084708498	155.923719017846
EHI_050000A	0	1.40420560880506	5.11218803183981	10.7487488023233	0	10.4246914883692	38.4591640548068	80.164196525598	0	10.254262187497	36.7105735347364	80.7264644560478
EHI_050640A	4.63610861100101	5.61682243522024	0.378680594951097	1.17794507422721	34.4180379804814	41.6987659534769	2.84882696702273	8.78511742746279	33.6937098818327	41.0170487499881	2.71930174331381	8.84673583079976
EHI_051690A	0.618147814800135	2.34034268134177	7.28960145280861	11.3377213394369	4.58907173073085	17.3744858139487	54.8399191151875	84.5567552393294	4.49249465091103	17.0904369791617	52.3465585587909	85.1498323714476
EHI_052120A	0	0	3.02944475960877	2.20864701417602	0	0	22.7906157361818	16.4720951764927	0	0	21.7544139465105	16.5876296827495
EHI_052720A	0.927221722200202	1.71625129965063	4.35482684193761	6.62594104252806	6.88360759609627	12.7412895968957	32.7615101207614	49.4162855294782	6.73874197636654	12.5329871180519	31.2719700481088	49.7628890482486
EHI_054940A	10.8175867590024	10.141484952481	3.59746565203542	3.97556462551684	80.3087552877898	75.2894385271111	27.0638561867159	29.6497713176869	78.618656390943	74.0585602430341	25.8333665614812	29.8577334289492
EHI_055430A	3.70888688880081	5.14875389895189	9.46701487377742	16.1967447706242	27.5344303843851	38.2238687906872	71.2206741755682	120.795364627613	26.9549679054662	37.5989613541558	67.9825435828453	121.642617673497
EHI_056380A	21.4806365643047	48.2110592356404	59.0741728123711	93.7938765353417	159.470242642897	357.914407767344	444.417006855545	699.514975161725	156.114189119158	352.063001770731	424.211071956954	704.42134052743
EHI_056690A	13.4447149719029	19.1908099870025	29.5370864061855	39.9028893894468	99.8123101433959	142.47078367438	222.208503427773	297.595852855302	97.7117586573148	140.141583229126	212.105535978477	299.683176268342
EHI_057550A	112.966513154725	68.0259606043341	32.282520719581	22.9699289474306	838.652858791062	505.018387658776	242.862498938687	171.309789835524	821.00339745399	496.762034860967	231.820473617502	172.511348700595
EHI_058090A	161.800190523935	169.440810129144	303.796507299517	499.595954606616	1201.1895255188	1257.91277292989	2285.47143429398	3725.98792892266	1175.91047487596	1237.34763729131	2181.5598235735	3752.12183423795
EHI_058320A	2.00898039810044	3.58852544472404	7.19493130407084	14.8715565621185	14.9144831248753	26.6408782480547	54.1277123734318	110.912107521718	14.6006076154608	26.2053367013813	51.6667331229624	111.690039863847
EHI_062500A	4.79064556470104	5.92886812606581	14.8632133518305	20.172309396141	35.5653059131641	44.0153640620034	111.816458455642	150.4451359453	34.8168335445605	43.295773680543	106.732593425067	151.500351102446
EHI_064640A	11.4357345738025	10.9215991795949	21.7741342096881	23.117172081709	84.8978270185207	81.0809337984274	163.807550603807	172.407929513957	83.111151041854	79.7553725694213	156.359850240544	173.617190679445
EHI_066770A	44.3521057119097	91.1173417269062	135.378312695017	159.906043826344	329.265896679938	676.446647689737	1018.45564071062	1192.57969077807	322.336491202866	665.387679722029	972.150373234687	1200.94438903107
EHI_068170A	30.9073907400067	49.9273105352911	58.0328011762556	110.285107574523	229.453586536542	370.655697364239	436.582732696233	822.506619146204	224.624732545551	364.595988888783	416.732992162841	828.275642158627
EHI_068430A	2.00898039810044	1.40420560880506	0.189340297475548	0.441729402835204	14.9144831248753	10.4246914883692	1.42441348351136	3.29441903529855	14.6006076154608	10.254262187497	1.35965087165691	3.31752593654991
EHI_068610A	19.1625822588042	22.3112668954582	9.08833427882632	10.1597762652097	142.261223652656	165.636764759644	68.3718472085454	75.7716378118666	139.267334178242	162.928832534675	65.2632418395314	76.3030965406479
EHI_069950A	2.47259125920054	3.43250259930126	6.2482298166931	9.71804686237449	18.3562869229234	25.4825791937915	47.005644955875	72.4772187765681	17.9699786036441	25.0659742361038	44.8684787646779	72.985570604098
EHI_073180A	8.34499549980182	36.6653686743544	51.1218803183981	59.6334693827526	61.9524683648664	272.200277751863	384.591640548068	444.746569765304	60.6486777872989	267.7501793402	367.105735347364	447.866001434238
EHI_073410A	0	0	1.04137163611552	1.47243134278401	0	0	7.8342741593125	10.9813967843285	0	0	7.47807979411298	11.0584197884997
EHI_073540A	5.40879337950118	8.73727934367593	1.89340297475548	1.03070193994881	40.1543776438949	64.8647470387419	14.2441348351136	7.68697774902994	39.3093281954715	63.804298055537	13.5965087165691	7.74089385194979
EHI_075530A	3.86342384250084	3.58852544472404	8.70965368387522	11.4849644737153	28.6816983170678	26.6408782480547	65.5230202415227	85.6548949177622	28.0780915681939	26.2053367013813	62.5439400962176	86.2556743502976
EHI_076020A	34.3072037214075	49.7712876898683	74.6947473541038	102.481221457767	254.693481055562	369.497398309976	561.931119245233	764.305216189263	249.333453125562	363.456626423506	536.382268868649	769.666017279579
EHI_077770A	5.56333033320121	3.27647975387848	11.9284387409595	19.436093724749	41.3016455765776	24.3242801395282	89.7380494612159	144.954437553136	40.4324518581992	23.9266117708264	85.658004914385	145.971141208196
EHI_079260A	0.927221722200202	0.780114227113923	1.98807312349326	2.06140387989762	6.88360759609627	5.79149527131624	14.9563415768693	15.3739554980599	6.73874197636654	5.69681232638724	14.2763341523975	15.4817877038996
EHI_080590A	0.618147814800135	0.624091381691138	1.42005223106661	2.50313328273282	4.58907173073085	4.63319621705299	10.6831011263352	18.6683745333584	4.49249465091103	4.55744986110979	10.1973815374268	18.7993136404495
EHI_083100A	1.08175867590024	2.34034268134177	6.62691041164419	16.9329604420162	8.03087552877898	17.3744858139487	49.8544719228977	126.286063019778	7.8618656390943	17.0904369791617	47.5877805079917	127.171827567746
EHI_083140A	0	0.468068536268354	2.5560940159199	18.699878053357	0	3.47489716278974	19.2295820274034	139.463739160972	0	3.41808739583234	18.3552867673682	140.441931313946
EHI_083270A	87.7769897016191	275.380322171215	507.905347978158	538.909871458949	651.64818576378	2044.39783077463	3820.98916951923	4019.19122306423	637.934240429366	2010.97475121469	3647.26346321965	4047.38164259089
EHI_083410A	87.7769897016191	275.380322171215	507.905347978158	538.909871458949	651.64818576378	2044.39783077463	3820.98916951923	4019.19122306423	637.934240429366	2010.97475121469	3647.26346321965	4047.38164259089
EHI_086080A	16.8445279533037	24.6516095768	35.217295330452	84.8120453443592	125.052204662416	183.011250573593	264.940907933114	632.528454777321	122.420479237325	180.019269513837	252.895062128184	636.964979817582
EHI_087570A	215.579050411547	422.197819714055	495.030207749821	922.772722522742	1600.43876609238	3134.35724083635	3724.12905264046	6882.04136473867	1566.75750950522	3083.11483104077	3554.80720394698	6930.31168145276
EHI_087650A	1.3908325833003	2.49636552676455	0.473350743688871	0.294486268556803	10.3254113941444	18.532784868212	3.56103370877841	2.1962793568657	10.1081129645498	18.2297994444392	3.39912717914226	2.21168395769994
EHI_089770A	0	0	4.82817758562648	5.15350969974405	0	0	36.3225438295398	38.4348887451497	0	0	34.6710972272511	38.7044692597489
EHI_090020A	433.939765989694	1019.76531768332	1531.19498568476	3018.33700957295	3221.52835497305	7570.64261866459	11519.2318411564	22510.765268195	3153.73124493954	7446.8730730534	10995.4965990894	22668.6547244455
EHI_092110A	12.3629562960027	9.98546210705821	24.6142386718213	43.4367246121284	91.7814346146169	74.1311394728479	185.173752856477	323.951205137691	89.8498930182205	72.9191977777566	176.754613315398	326.223383760741
EHI_092170A	6.95416291650151	7.17705088944809	21.7741342096881	19.7305799933058	51.627056970722	53.2817564961094	163.807550603807	147.150716910002	50.5405648227491	52.4106734027626	156.359850240544	148.182825165896
EHI_092470A	766.503290352167	1263.78504792455	1752.53379343368	2377.09315979051	5690.44894610625	9382.22233953231	13184.3712033812	17728.3669686199	5570.69336712967	9228.83596874732	12584.9284680563	17852.7129065539
EHI_092930A	21.0170257032046	41.5020768824607	77.0615010725482	92.7631745953929	156.028438844849	308.107548434024	579.736287789125	691.827997412695	152.744818130975	303.070415763801	553.37790476436	696.680446675481
EHI_094810A	0.927221722200202	1.24818276338228	2.46142386718213	5.44799596830085	6.88360759609627	9.26639243410598	18.5173752856477	40.6311681020154	6.73874197636654	9.11489972221958	17.6754613315398	40.9161532174489
EHI_095830A	8.03592159240175	18.098650069043	36.3533371153053	44.761912820634	59.657932499501	134.362690294537	273.487388834182	333.834462243586	58.4024304618434	132.166045972184	261.052967358126	336.175961570391
EHI_096200A	0.927221722200202	0.468068536268354	1.79873282601771	4.41729402835204	6.88360759609627	3.47489716278974	13.5319280933579	32.9441903529855	6.73874197636654	3.41808739583234	12.9166832807406	33.1752593654991
EHI_096340A	135.99251925603	152.434319978061	241.692889727537	344.843420480016	1009.59578076079	1131.65817601519	1818.26381170225	2571.84312688973	988.348823200426	1113.15712857607	1735.59433767004	2589.88191446663
EHI_096360A	20.3988778884044	28.7082035577924	36.9213580077319	67.4373554995079	151.439367114118	213.127025984438	277.760629284716	502.947972722245	148.252323480064	209.64269361105	265.131919973097	506.475626313286
EHI_096790A	36.4707210732079	44.3104881000708	54.5300056729579	108.66543309746	270.75523211312	328.956931410762	410.231083251273	810.427082683443	265.057184403751	323.578940138795	391.579451037189	816.111380391277
EHI_097650A	1.23629562960027	0.936137072536707	2.5560940159199	6.18421163969286	9.17814346146169	6.94979432557949	19.2295820274034	46.1218664941797	8.98498930182205	6.83617479166468	18.3552867673682	46.4453631116987
EHI_097930A	4.94518251840108	4.83670820810632	9.75102531999074	16.6384741734594	36.7125738458468	35.9072706821607	73.3572944008352	124.089783662912	35.9399572072882	35.3202364236009	70.0220198903306	124.960143610047
EHI_098470A	0	0	46.0096922865582	1141.870506329	0	0	346.132476493261	8516.07320624675	0	0	330.395161812628	8575.80454598151
EHI_098800A	33.8435928603074	39.1617342011189	66.1744339677041	85.4010178814728	251.251677257514	290.733062620075	497.832512487221	636.921013491053	245.964082137379	285.979978784639	475.197979644088	641.388347732982
EHI_100350A	2.3180543055005	1.40420560880506	3.88147609824874	8.24561551959048	17.2090189902407	10.4246914883692	29.2004764119829	61.4958219922396	16.8468549409164	10.254262187497	27.8728428689666	61.9271508155983
EHI_100490A	2.93620212030064	3.58852544472404	7.19493130407084	8.24561551959048	21.7980907209715	26.6408782480547	54.1277123734318	61.4958219922396	21.3393495918274	26.2053367013813	51.6667331229624	61.9271508155983
EHI_100810A	31.989149415907	31.9846833116708	13.3484909720262	3.53383522268163	237.484462065321	237.451306123966	100.421150587551	26.3553522823884	232.486598184646	233.569305381877	95.8553864518118	26.5402074923993
EHI_103310A	90.4041179145197	185.667186053114	306.731281910388	469.852841482379	671.151740619386	1378.37587457327	2307.54984328841	3504.16371387922	657.027342695738	1355.84133368016	2202.63441208419	3528.74175451025
EHI_103400A	6.02694119430131	2.49636552676455	0.662691041164419	0.588972537113606	44.7434493746258	18.532784868212	4.98544719228977	4.3925587137314	43.8018228463825	18.2297994444392	4.75877805079917	4.42336791539988
EHI_103510A	73.2505160538159	123.258047884	255.420061294515	562.910502346329	543.805000091605	915.056252867966	1921.53378925683	4198.18799064878	532.360616132957	900.096347569183	1834.16902586517	4227.63388514343
EHI_104360A	40.9522927305089	58.3525441881214	95.2381696302008	181.256298296712	304.026002160919	433.203846294455	716.479982206216	1351.80994415084	297.627770622856	426.121562013765	683.904388443423	1361.29147596431
EHI_105140A	389.896734185185	667.30970987325	1072.13943445529	1692.7070716645	2894.55699415848	4954.04505508391	8065.74135038309	12624.213743264	2833.64100106213	4873.05326399164	7699.02306075723	12712.7593888592
EHI_105280A	4.79064556470104	5.77284528064303	12.8751402283373	16.0495016363458	35.5653059131641	42.8570650077402	96.8601168787727	119.697224949181	34.8168335445605	42.1564112152655	92.4562592726696	120.536775694647
EHI_107170A	77.5775507574169	67.8699377589113	33.6079028019098	6.62594104252806	575.928502206721	503.860088604513	252.833393323267	49.4162855294782	563.808078689334	495.62267239569	241.338029719101	49.7628890482486
EHI_109870A	1.69990649070037	2.34034268134177	5.11218803183981	4.85902343118725	12.6199472595098	17.3744858139487	38.4591640548068	36.238609388284	12.3543602900053	17.0904369791617	36.7105735347364	36.492785302049
EHI_110570A	16.3809170922036	16.0703530785468	32.282520719581	58.4555243085254	121.610400864367	119.304802589115	242.862498938687	435.961452337841	119.051108249142	117.354333923577	231.820473617502	439.019265603438
EHI_111760A	539.488505366817	793.376168974859	1262.04775282327	1477.58485248376	4005.11235299535	5889.95069092862	9494.42807434499	11019.8316730736	3920.8247065826	5793.65813593582	9062.7528850291	11097.1242577594
EHI_112800A	9.11768026830199	12.9498961700911	23.6675371844435	33.1297052126403	67.68880802828	96.1388215038496	178.05168543892	247.081427647391	66.2642961009377	94.5670846180281	169.956358957113	248.814445241243
EHI_114920A	24.4168386846053	97.5142783892403	185.837501972251	377.973125692656	181.268333363868	723.93690891453	1398.0618340664	2818.92455453712	177.453538710986	712.101540798405	1334.49733053125	2838.69635970787
EHI_115360A	2.93620212030064	4.83670820810632	10.1297059149418	14.2825840250049	21.7980907209715	35.9072706821607	76.2061213678579	106.519548807986	21.3393495918274	35.3202364236009	72.7413216336444	107.266671948447
EHI_116040A	0.772684768500168	0	2.65076416465768	3.53383522268163	5.73633966341356	0	19.9417887691591	26.3553522823884	5.61561831363878	0	19.0351122031967	26.5402074923993
EHI_117270A	61.8147814800135	41.970145418729	11.2657476997951	0.736215671392007	458.907173073085	311.582445596814	84.7526022689261	5.49069839216425	449.249465091103	306.488503159633	80.8992268635859	5.52920989424985
EHI_117850A	181.42638364384	422.665888250323	664.963124734126	1135.83353782359	1346.8925529695	3137.83213799914	5002.54015409191	8471.049479431	1318.54718004239	3086.5329184366	4775.09386125905	8530.46502484866
EHI_118270A	668.372324752646	1332.27907706516	2379.72352882143	8561.45204261765	4961.93380885273	9890.71562435387	17902.7408675126	63851.331602478	4857.50984129755	9729.01609100412	17088.7719804198	64299.1818602315
EHI_118670A	4.32703470360094	6.39693666233417	13.0644805258128	26.7982504386691	32.1235021151159	47.4902612247932	98.2845303622841	199.861421474779	31.4474625563772	46.7138610763753	93.8159101443265	201.263240150694
EHI_118750A	564.832565773623	1465.99065559248	1858.56436001998	3593.17420579583	4193.26429395531	10883.3779138575	13982.0427541475	26797.9025727968	4105.01698726995	10705.4497237469	13346.3329561842	26985.8618098758
EHI_119540A	129.656504154328	187.69548304361	362.681339814413	627.550238294547	962.557795520795	1393.43376227869	2728.46402766602	4680.2713094808	942.300753028588	1370.65304572877	2604.4112446588	4713.09851385857
EHI_120470A	1.23629562960027	1.24818276338228	2.5560940159199	3.38659208840323	9.17814346146169	9.26639243410598	19.2295820274034	25.2572126039555	8.98498930182205	9.11489972221958	18.3552867673682	25.4343655135493
EHI_123020A	4.94518251840108	2.96443406303291	0	0	36.7125738458468	22.0076820310017	0	0	35.9399572072882	21.6478868402715	0	0
EHI_126130A	2.62712821290057	2.0282969904962	4.54416713941316	9.42356059381769	19.5035548556061	15.0578877054222	34.1859236042727	70.2809394197023	19.0931022663719	14.8117120486068	32.6316209197657	70.773886646398
EHI_126210A	7.26323682390158	10.4535306433266	19.1233700450304	27.9761955128963	53.9215928360874	77.6060366356376	143.865761834648	208.646538902241	52.7868121482046	76.337285173589	137.324738037347	210.109975981494
EHI_126530A	2.78166516660061	2.96443406303291	0.568020892426645	0	20.6508227882888	22.0076820310017	4.27324045053409	0	20.2162259290996	21.6478868402715	4.07895261497072	0
EHI_126870A	1763.26664171738	4545.56957854741	6518.89177193439	8406.11053595394	13090.3271119097	33745.8846469055	49041.8440305545	62692.7942417314	12814.8409917237	33194.1860633932	46812.0996857114	63132.5185725447
EHI_127360A	1.08175867590024	1.09215991795949	3.12411490834655	3.53383522268163	8.03087552877898	8.10809337984274	23.5028224779375	26.3553522823884	7.8618656390943	7.97553725694213	22.4342393823389	26.5402074923993
EHI_134490A	20.0898039810044	58.0404984972759	74.6947473541038	102.039492054932	149.144831248753	430.887248185928	561.931119245233	761.010797153965	146.006076154608	423.84283708321	536.382268868649	766.348491343029
EHI_134600A	0.309073907400067	0.780114227113923	1.42005223106661	3.53383522268163	2.29453586536542	5.79149527131624	10.6831011263352	26.3553522823884	2.24624732545551	5.69681232638724	10.1973815374268	26.5402074923993
EHI_134810A	29.8256320641065	55.2320872796657	111.805445659311	135.905412938965	221.422711007763	410.03786520919	841.11616201346	1013.58292319352	216.762866906457	403.334312708216	802.873839713403	1020.69214647852
EHI_134840A	1.23629562960027	2.80841121761012	6.53224026290642	13.3991252193345	9.17814346146169	20.8493829767385	49.142265181142	99.9307107373893	8.98498930182205	20.508524374994	46.9079550721632	100.631620075347
EHI_135060A	43.5794209434095	98.7624611526226	172.015660256536	321.579005264029	323.529557016525	733.203301348636	1294.07964977007	2398.33705769734	316.720872889227	721.216440520624	1235.2428169003	2415.15888180833
EHI_136740A	6.02694119430131	10.2975077979038	18.8393595988171	67.5845986337863	44.7434493746258	76.4477375813744	141.729141609381	504.046112400678	43.8018228463825	75.1979227083115	135.285261729862	507.581468292136
EHI_138470A	14.0628627867031	38.381619974005	54.3406653754824	143.267569652885	104.401381874127	284.941567348759	408.806669767761	1068.48990711516	102.204253308226	280.283166458252	390.219800165532	1075.98424542102
EHI_139050A	1.8544434444004	2.34034268134177	4.44949699067539	9.57080372809609	13.7672151921925	17.3744858139487	33.473716862517	71.3790790981352	13.4774839527331	17.0904369791617	31.9517954839373	71.879728625248
EHI_139060A	1.8544434444004	1.56022845422785	3.59746565203542	6.03696850541446	13.7672151921925	11.5829905426325	27.0638561867159	45.0237268157468	13.4774839527331	11.3936246527745	25.8333665614812	45.3395211328487
EHI_140640A	0	0	3.02944475960877	7.50939984819847	0	0	22.7906157361818	56.0051236000753	0	0	21.7544139465105	56.3979409213484
EHI_141800A	57.0241359153124	90.1812046543695	178.926581114393	251.196787078953	423.341867159921	669.496853364157	1346.07074191824	1873.42629140644	414.432631546542	658.551504930365	1284.87007371578	1886.56641591805
EHI_141810A	19.3171192125042	34.9491173747037	50.8378698721847	65.9649241567238	143.408491585339	259.458988154968	382.455020322801	491.966575937916	140.39045784097	255.217192222148	365.066259039879	495.417206524786
EHI_143440A	8.96314331460195	17.4745586873519	27.5490132826923	44.761912820634	66.5415400955973	129.729494077484	207.252161850903	333.834462243586	65.1411724382099	127.608596111074	197.82920182608	336.175961570391
EHI_144610A	74.7958855908163	96.4221184712809	156.584426012278	284.179249157315	555.277679418432	715.828815534687	1177.9899508639	2119.4095793754	543.591852760234	704.126003541462	1124.43127086026	2134.27501918044
EHI_147570A	132.283632367229	171.157061428795	290.732026773704	451.889179100414	982.061350376401	1270.65406252678	2187.1869039317	3370.19067311041	961.39385529496	1249.88062440936	2087.74391342918	3393.82903309056
EHI_148190A	67.9962596280148	89.2450675818328	160.465902110527	322.609707203978	504.797890380393	662.547059038578	1207.19042727588	2406.02403544637	494.174411600213	651.7153301387	1152.30411372923	2422.89977566028
EHI_148400A	0.309073907400067	0	3.59746565203542	3.82832149123844	2.29453586536542	0	27.0638561867159	28.5516316392541	2.24624732545551	0	25.8333665614812	28.7518914500992
EHI_148470A	25.0349864994055	36.9774143651999	53.3939638881046	133.844009059067	185.857405094599	274.51687586039	401.684602350204	998.20896769546	181.946033361897	270.028904270755	383.421545807247	1005.21035877462
EHI_151350A	1.8544434444004	4.36863967183797	9.37234472503964	11.0432350708801	13.7672151921925	32.4323735193709	70.5084674338125	82.3604758824637	13.4774839527331	31.9021490277685	67.3027181470168	82.9381484137477
EHI_151360A	3.39981298140074	2.80841121761012	5.77487907300422	12.5156664136641	25.2398945190197	20.8493829767385	43.4446112470966	93.3418726667922	24.7087205800106	20.508524374994	41.4693515855356	93.9965682022474
EHI_152290A	3.70888688880081	2.34034268134177	0.568020892426645	0.883458805670409	27.5344303843851	17.3744858139487	4.27324045053409	6.5888380705971	26.9549679054662	17.0904369791617	4.07895261497072	6.63505187309982
EHI_152800A	13.908325833003	41.6580997278835	71.4759622970195	208.938007541052	103.254113941444	309.265847488287	537.71609002554	1558.26020369621	101.081129645498	304.209778229078	513.268204050482	1569.18976798811
EHI_153250A	1.54536953700034	0.780114227113923	3.97614624698652	7.95112925103368	11.4726793268271	5.79149527131624	29.9126831537386	59.2995426353739	11.2312366272776	5.69681232638724	28.552668304795	59.7154668578983
EHI_155380A	1.54536953700034	2.65238837218734	6.43757011416864	7.21491357964167	11.4726793268271	19.6910839224752	48.4300584393863	53.8088442432096	11.2312366272776	19.3691619097166	46.2281296363348	54.1862569636485
EHI_155680A	14.6810106015032	16.8504673056607	52.0685818057758	91.7324726554441	108.990453604858	125.096297860431	391.713707965625	684.141019663665	106.696747959137	123.051146249964	373.903989705649	688.939552823531
EHI_155900A	0	0	7.76295219649748	22.5281995445954	0	0	58.4009528239659	168.015370800226	0	0	55.7456857379331	169.193822764045
EHI_156310A	16.9990649070037	25.5877466493367	25.1822595642479	142.531353981493	126.199472595098	189.961044899173	189.446993307011	1062.999208723	123.543602900053	186.855444305501	180.833565930368	1070.45503552677
EHI_156380A	0.927221722200202	0.780114227113923	2.36675371844435	3.68107835696004	6.88360759609627	5.79149527131624	17.805168543892	27.4534919608212	6.73874197636654	5.69681232638724	16.9956358957113	27.6460494712492
EHI_156660A	551.38785080172	519.556075257873	1188.39437710528	1141.72326319472	4093.45198381191	3857.13585069662	8940.33122925907	8514.97506656831	4007.30522861264	3794.0770093739	8533.84869595457	8574.69870400266
EHI_157010A	155.927786283334	143.697040634385	74.5054070566283	68.6153005737351	1157.59334407686	1066.79342897645	560.506705761721	511.733090149708	1133.23177569231	1049.35283052053	535.022617996992	515.322362144086
EHI_157360A	1.8544434444004	5.30477674437467	9.27767457630187	15.755015367789	13.7672151921925	39.3821678449504	69.7962606920568	117.500945592315	13.4774839527331	38.7383238194332	66.6228927111884	118.325091736947
EHI_158570A	73.2505160538159	261.338266083164	409.448393290873	1787.82613640835	543.805000091605	1940.15091589094	3080.29415809332	13333.6119755317	532.360616132957	1908.43212933972	2940.24500995806	13427.1333071963
EHI_160740A	42.3431253138092	86.1246106733771	103.095791975436	156.519451737941	314.351413555063	639.381077953313	775.593141771937	1167.32247817412	307.735883587405	628.928080833151	740.329899617185	1175.51002351752
EHI_161940A	25.3440604068055	29.9563863211746	53.5833041855802	77.008159227604	188.151940959965	222.393418418544	403.109015833716	574.32705182038	184.192280687352	218.75759333327	384.781196678904	578.355354938534
EHI_162230A	1.8544434444004	2.96443406303291	5.20685818057758	12.9573958164993	13.7672151921925	22.0076820310017	39.1713707965625	96.6362917020907	13.4774839527331	21.6478868402715	37.3903989705649	97.3140941387973
EHI_163670A	182.97175318084	197.368899459822	344.883351851711	651.992598584762	1358.36523229633	1465.24830364301	2594.56916021595	4862.56249610066	1329.77841666966	1441.29351857597	2476.60406272305	4896.66828234766
EHI_164840A	0.154536953700034	0.156022845422785	1.79873282601771	3.09210581984643	1.14726793268271	1.15829905426325	13.5319280933579	23.0609332470898	1.12312366272776	1.13936246527745	12.9166832807406	23.2226815558494
EHI_165810.mRNA	139.39233223743	118.733385366739	59.3581832585844	40.4918619265604	1034.83567527981	881.465580294332	446.553627080812	301.988411569034	1013.05754378044	867.054836076137	426.25054826444	304.106544183742
EHI_166370A	11.8993454349026	11.7017134067088	5.68020892426645	3.53383522268163	88.3396308165688	86.8724290697436	42.7324045053409	26.3553522823884	86.4805220300373	85.4521848958085	40.7895261497072	26.5402074923993
EHI_167270A	389.896734185185	667.30970987325	1072.13943445529	1692.7070716645	2894.55699415848	4954.04505508391	8065.74135038309	12624.213743264	2833.64100106213	4873.05326399164	7699.02306075723	12712.7593888592
EHI_167310A	217.897104717047	407.687695089736	501.941128607679	1115.51398529317	1617.64778508262	3026.63542878987	3776.12014478862	8319.50620380726	1583.60436444614	2977.15412176997	3604.43446076246	8377.85883176737
EHI_169350A	23.6441539161051	54.1399273617062	118.148345624742	564.530176823391	175.531993700455	401.929771829347	888.834013711091	4210.26752711154	171.837920397347	395.358775451274	848.422143913909	4239.79814691078
EHI_170060A	21.1715626569046	37.9135514377366	79.4282547909925	99.0946293693642	157.175706777532	281.466670185969	597.541456333017	739.048003585307	153.867941793703	276.86507906242	570.373540660072	744.231651766029
EHI_170120A	13.2901780182029	19.5028556778481	32.7558714632699	39.0194305837764	98.6650422107132	144.787381782906	246.423532647466	291.007014784705	96.5886349945871	142.420308159681	235.219600796645	293.048124395242
EHI_172280A	2.62712821290057	2.49636552676455	12.7804700795995	33.4241914811971	19.5035548556061	18.532784868212	96.147910137017	249.277707004257	19.0931022663719	18.2297994444392	91.7764338368411	251.026129198943
EHI_172960A	21.7897104717047	27.3039979489873	37.2053684539452	77.8916180332744	161.764778508262	202.702334496068	279.897249509983	580.915889890977	158.360436444614	199.388431423553	267.171396280582	584.990406811634
EHI_174180A	44.3521057119097	91.1173417269062	135.378312695017	159.906043826344	329.265896679938	676.446647689737	1018.45564071062	1192.57969077807	322.336491202866	665.387679722029	972.150373234687	1200.94438903107
EHI_174880A	0.463610861100101	0.780114227113923	2.27208356970658	4.12280775979524	3.44180379804813	5.79149527131624	17.0929618021364	30.7479109961198	3.36937098818327	5.69681232638724	16.3158104598829	30.9635754077991
EHI_174910A	50.9971947210111	57.7284528064303	88.9899398135077	173.894141582792	378.598417785295	428.570650077402	669.474337250341	1296.90296022919	370.63080870016	421.564112152656	639.035909678745	1305.99937702181
EHI_176820A	63.8237618781139	60.5368640240404	106.503917329996	243.687387230754	473.82165619796	449.42003305414	801.232584475142	1817.42116780637	463.850072706564	442.07263652765	764.803615307009	1830.1684749967
EHI_177520A	74.7958855908163	128.718847473797	199.47000339049	360.451192713527	555.277679418432	955.59671976718	1500.61960487922	2688.24593280361	543.591852760234	939.974033853894	1432.39219329055	2707.10116422472
EHI_178340A	33.5345189529073	72.2385774307492	177.601199032064	716.190605130145	248.957141392148	536.292462123884	1336.09984753366	5341.35139589738	243.717834811923	527.524821423458	1275.35251761418	5378.81538512625
EHI_179390A	5.87240424060128	12.7938733246683	28.4010446213323	48.4429911775941	43.596181441943	94.9805224495863	213.662022526704	361.287954204407	42.6786991836548	93.4277221527507	203.947630748536	363.82201104164
EHI_179850A	0.463610861100101	0	1.04137163611552	2.94486268556803	3.44180379804813	0	7.8342741593125	21.962793568657	3.36937098818327	0	7.47807979411298	22.1168395769994
EHI_179990A	0.309073907400067	0	3.97614624698652	6.03696850541446	2.29453586536542	0	29.9126831537386	45.0237268157468	2.24624732545551	0	28.552668304795	45.3395211328487
EHI_180000A	1.54536953700034	2.65238837218734	5.11218803183981	7.80388611675528	11.4726793268271	19.6910839224752	38.4591640548068	58.201402956941	11.2312366272776	19.3691619097166	36.7105735347364	58.6096248790484
EHI_180390A	1.23629562960027	2.96443406303291	1.79873282601771	39.1666737180548	9.17814346146169	22.0076820310017	13.5319280933579	292.105154463138	8.98498930182205	21.6478868402715	12.9166832807406	294.153966374092
EHI_181610A	23.3350800087051	33.7009346113215	13.1591506745506	12.0739370108289	173.237457835089	250.192595720862	98.9967371040397	90.0474536314936	169.591673071891	246.102292499929	94.4957355801549	90.6790422656975
EHI_182550A	6.49055205540141	11.3896677158633	20.8274327223103	38.4304580466628	48.1852531726739	84.5558309612171	156.68548318625	286.614456070974	47.1711938345658	83.1734599652537	149.56159588226	288.624756479842
EHI_182950A	1.54536953700034	2.18431983591898	3.97614624698652	8.54010178814728	11.4726793268271	16.2161867596855	29.9126831537386	63.6921013491053	11.2312366272776	15.9510745138843	28.552668304795	64.1388347732982
EHI_183560A	0.154536953700034	0.468068536268354	1.42005223106661	1.76691761134082	1.14726793268271	3.47489716278974	10.6831011263352	13.1776761411942	1.12312366272776	3.41808739583234	10.1973815374268	13.2701037461996
EHI_186720A	498.381675682608	1093.5641235683	1648.20728952465	2112.35000435795	3699.93908290175	8118.5180713311	12399.5193739664	15753.9118267977	3622.07381229702	7985.79151912963	11835.7608377734	15864.4090285817
EHI_186950A	14.3719366941031	20.282969904962	35.5959759254031	39.4611599866116	106.695917739492	150.578877054222	267.789734900136	294.301433820004	104.450500633681	148.117120486068	255.614363871498	296.365650331792
EHI_187780A	2.16351735180047	2.49636552676455	9.37234472503964	17.3746898448514	16.061751057558	18.532784868212	70.5084674338125	129.580482055076	15.7237312781886	18.2297994444392	67.3027181470168	130.489353504296
EHI_187800A	2.00898039810044	1.71625129965063	4.63883728815093	6.92042731108487	14.9144831248753	12.7412895968957	34.8981303460284	51.6125648863439	14.6006076154608	12.5329871180519	33.3114463555942	51.9745730059486
EHI_188170A	23.7986908698052	28.7082035577924	48.2817758562648	79.8057787788936	176.679261633138	213.127025984438	363.225438295398	595.191705710604	172.961044060075	209.64269361105	346.710972272511	599.366352536683
EHI_188880A	0.927221722200202	0.936137072536707	6.43757011416864	16.1967447706242	6.88360759609627	6.94979432557949	48.4300584393863	120.795364627613	6.73874197636654	6.83617479166468	46.2281296363348	121.642617673497
EHI_188960A	240.459499957252	372.58255486961	709.363424492142	1027.60983412896	1785.1489032543	2766.01814158064	5336.56511597532	7663.91681578285	1747.58041920439	2720.79756708254	5093.9319906626	7717.67117039394
EHI_192030A	2.16351735180047	1.09215991795949	0	0	16.061751057558	8.10809337984274	0	0	15.7237312781886	7.97553725694213	0	0
EHI_193350A	26.7348929901058	40.8779855007696	44.4002997580161	125.451150405198	198.477352354109	303.474352216971	334.024961883415	935.615006024787	194.300393651902	298.512965902691	318.838129403544	942.177365980174
EHI_193940A	0	4.52466251726075	10.2243760636796	22.9699289474306	0	33.5906725736342	76.9183281096136	171.309789835524	0	33.041511493046	73.4211470694729	172.511348700595
EHI_194430A	2.16351735180047	3.58852544472404	8.70965368387522	17.227446710573	16.061751057558	26.6408782480547	65.5230202415227	128.482342376643	15.7237312781886	26.2053367013813	62.5439400962176	129.383511525446
EHI_194730A	9.11768026830199	9.0493250345215	2.934774610871	2.50313328273282	67.68880802828	67.1813451472684	22.0784089944261	18.6683745333584	66.2642961009377	66.0830229860919	21.074588510682	18.7993136404495
EHI_195110A	86.3861571183188	26.3678608764506	0	0	641.322774369636	195.752540170489	0	0	627.826127464816	192.552256631889	0	0
EHI_196370A	1.69990649070037	1.87227414507341	3.97614624698652	9.57080372809609	12.6199472595098	13.899588651159	29.9126831537386	71.3790790981352	12.3543602900053	13.6723495833294	28.552668304795	71.879728625248
EHI_197480A	555.405811597921	1515.76194328235	2146.17227188534	3435.62405211794	4123.28095006167	11252.8753121675	16145.7268356013	25622.8931168737	4036.50644384356	11068.9063501704	15411.642630231	25802.6108925063
EHI_198930A	57.6422837301126	86.2806335187999	116.633623244938	200.397905752904	427.930938890651	640.539377007576	877.438705843	1494.56810234711	418.925126197453	630.067443298428	837.544936940654	1505.05093321481
EHI_199150A	1.54536953700034	2.65238837218734	0	0	11.4726793268271	19.6910839224752	0	0	11.2312366272776	19.3691619097166	0	0
EHI_201200A	15.9173062311035	18.4106957598886	30.6731281910388	41.9642932693444	118.168597066319	136.679288403063	230.754984328841	312.969808353362	115.681737260959	134.444770902739	220.263441208419	315.164963972241
EHI_201940A	11.8993454349026	10.7655763341721	23.2888565894924	28.7124111842883	88.3396308165688	79.9226347441641	175.202858471898	214.137237294406	86.4805220300373	78.6160101041439	167.237057213799	215.639185875744
EHI_202460A	29.2074842493064	55.2320872796657	72.3279936356595	162.409177109077	216.833639277032	410.03786520919	544.125950701341	1211.24806531143	212.270372255546	403.334312708216	519.386632972938	1219.74370267152
