edgeR	NOISeq	DESeq2
EHI_000130A	-1.95029798504781	1.94576257414925	-1.97693572050539
EHI_000690A	-4.21194536813801	4.20312865473806	-4.24806760413409
EHI_001940A	-1.26707593341443	1.25982988027946	-1.28465778234523
EHI_004400A	-1.03184834111178	1.03058466209056	-1.05157412363673
EHI_004430A	-8.95523812708286	10.0449203755847	-8.18262003727146
EHI_004560A	-2.82127534551331	2.90642650526819	-2.93541448064531
EHI_005010A	-1.23698160965743	1.23623638828116	-1.25704993891123
EHI_005020A	-1.18599978194199	1.17881571063764	-1.2048933204702
EHI_005030A	-2.12238080681778	2.17169610739211	-2.19571649884862
EHI_005070A	-1.06352520302182	1.06429005090049	-1.08281742703202
EHI_005100A	-1.12812039851931	1.13196772212819	-1.14802392848472
EHI_006170A	-1.20573458426147	1.20041458542892	-1.22915804589565
EHI_006850A	-1.90851011805754	1.91749499904628	-1.94333079974137
EHI_006960A	-1.43454670081419	1.46646216591364	-1.4818156298493
EHI_007930A	-1.22820037010244	1.22936790962065	-1.24829070959101
EHI_008470A	-1.0310828099451	1.02693915726537	-1.04979439548189
EHI_010020A	-2.51179796760294	2.50318879884654	-2.54132380602288
EHI_010030A	-2.15938654742087	2.15433734346355	-2.18030147087099
EHI_012420A	-1.10901166900138	1.10974158911172	-1.12487276282336
EHI_012570A	-1.25915448424546	1.26083553764675	-1.27974867779479
EHI_013340A	-1.32207470596592	1.32575974163352	-1.34121368778137
EHI_014400A	-1.01434196729778	1.01058771792206	-1.02919405540023
EHI_015310A	-1.1852028765853	1.17710495320415	-1.20184180846544
EHI_015440A	-1.12679565324813	1.12246811296287	-1.14604629441268
EHI_017030A	-1.5596160178475	1.55839474685962	-1.58247672005906
EHI_017450A	1.75338706611407	-1.77521876291079	1.76097100027605
EHI_017660A	-2.03989156368053	2.02874048716489	-2.0645442018515
EHI_017750A	-1.49163531846478	1.48645975552761	-1.5093915479226
EHI_019860A	-1.47820586227697	1.48530728095731	-1.50114910499971
EHI_020080A	-1.19141874983356	1.18678020490795	-1.20636732656102
EHI_020990A	-2.44313240310421	2.48863167976008	-2.5155063273441
EHI_022010A	-1.14421833588283	1.13901795091357	-1.15323988572645
EHI_023000A	-1.38878295928513	1.38469006598573	-1.4080324512954
EHI_023400A	1.46708661461058	-1.46521168931373	1.46849915942157
EHI_025230A	-1.01419920054004	1.00518066784144	-1.03163876805151
EHI_027520A	-1.3229774870129	1.324265129439	-1.34239148648233
EHI_027610A	-1.28286184977855	1.27613808633496	-1.29530698484615
EHI_028920A	2.47546232861165	-2.69182391379707	2.62111571974959
EHI_028930A	1.56532516436901	-1.57991829675026	1.56590690311716
EHI_028990A	-1.99901615296531	1.99036752348822	-2.02299812832728
EHI_029380A	6.41858699356482	-7.86260965242253	5.99835039073576
EHI_030070A	-1.01661305710502	1.00763925185975	-1.03184114984314
EHI_030170A	-1.23956008621244	1.24191426424832	-1.26251622246928
EHI_031240A	-1.35072812512338	1.34870456266163	-1.37361119069977
EHI_032670A	-2.5347070165207	2.57335158764199	-2.59551702893099
EHI_032780A	-1.65244703247003	1.66187312079558	-1.68536180749283
EHI_033240A	-6.81475411085998	7.92068886310994	-6.06382192214592
EHI_033850A	-1.28024901106205	1.28469687313242	-1.30059809599727
EHI_035060A	-2.53339387390329	2.52536657204205	-2.54299797552289
EHI_035510A	-1.36990748673934	1.36908760037584	-1.38556792546627
EHI_035670A	-2.56412842008256	2.56076132746853	-2.58621962006624
EHI_039020A	-2.96096452476045	2.94091435782717	-2.99714999190763
EHI_041880A	-7.16819615196799	8.24479760947042	-6.38059960460528
EHI_044220A	2.49522051869377	-2.57886384359136	2.5416994887785
EHI_044820A	-1.37538123361432	1.37214773615324	-1.39671183574169
EHI_045280A	-1.14784440780741	1.15583164372041	-1.17097956292
EHI_047920A	-2.89210770847716	2.91777850076295	-2.96115750602142
EHI_048140A	-2.18943594115006	2.17634575502187	-2.21442641995258
EHI_048300A	-1.89656020283776	1.90424173911746	-1.92687631493506
EHI_048650A	4.09287007727371	-4.60041552221797	4.43691215730288
EHI_049000A	-1.42854203565873	1.41828971701708	-1.44376583790359
EHI_049660A	-1.3779658797323	1.38174207856644	-1.40139183979297
EHI_050000A	-3.46449004743694	3.47172184986567	-3.51761904097969
EHI_050640A	2.81301612323717	-2.73106278579071	2.76550903253164
EHI_051690A	-2.63609612735597	2.64222135555872	-2.66846674115512
EHI_052120A	-7.33699232071335	8.39629166029329	-6.52965075156234
EHI_052720A	-2.02616341976776	2.04507807176825	-2.06539102060047
EHI_054940A	1.47190308650443	-1.4727498303229	1.46132029607306
EHI_055430A	-1.52222230107583	1.52591801174969	-1.54770508386816
EHI_056380A	-1.13192164541279	1.12274408631064	-1.15002396155727
EHI_056690A	-1.08583205189881	1.08187445168605	-1.10278932268207
EHI_057550A	1.70806587556821	-1.71095033116847	1.70135106918975
EHI_058090A	-1.27774540835006	1.27099641194062	-1.29746270120494
EHI_058320A	-1.9633645343302	1.96788698869973	-1.99385153427302
EHI_062500A	-1.69983890915622	1.70177468847672	-1.72075600153444
EHI_064640A	-1.00329298935746	1.00174646720907	-1.01706253042895
EHI_066770A	-1.12375302001305	1.11593722887803	-1.13728872459955
EHI_068170A	-1.05637185660872	1.04797869801878	-1.07757195679441
EHI_068430A	2.48246123441337	-2.44261889501015	2.47400773546941
EHI_068610A	1.11046596617184	-1.11272376190802	1.09843850103985
EHI_069950A	-1.41713930229129	1.42677313500085	-1.44576256280037
EHI_073180A	-1.29830111055345	1.28819516543837	-1.31111339709091
EHI_073410A	-6.23590518332394	7.33276650707739	-5.47121207096318
EHI_073540A	2.21513564017592	-2.27646236460534	2.24263762127408
EHI_075530A	-1.42511606580398	1.43304604294938	-1.44903766492783
EHI_076020A	-1.0739816435916	1.06774933690391	-1.09046067043308
EHI_077770A	-1.81587723552605	1.82260138067086	-1.84132104766663
EHI_079260A	-1.22585731382509	1.24281432306037	-1.25642172531295
EHI_080590A	-1.593946175452	1.65160148304269	-1.66633059300061
EHI_083100A	-2.76373706751982	2.77024542642167	-2.80155258286217
EHI_083140A	-5.40678301633033	5.4581860768198	-5.53896143606986
EHI_083270A	-1.5272608270967	1.51819894153397	-1.53845824435601
EHI_083410A	-1.5272608270967	1.51819894153397	-1.53845824435601
EHI_086080A	-1.5293931602709	1.52126156986553	-1.55441235658944
EHI_087570A	-1.15234896563322	1.1416313900509	-1.17289561780855
EHI_087650A	2.23675210302741	-2.34328187810389	2.30677860828988
EHI_089770A	-8.23822665546557	9.32402344909423	-7.4604435076557
EHI_090020A	-1.64592415034242	1.63398491266477	-1.66701611674427
EHI_092110A	-1.60058071590676	1.60002907559231	-1.62334986997524
EHI_092170A	-1.55436662319001	1.55112417160294	-1.56552598843639
EHI_092470A	-1.0242748615173	1.01618773365211	-1.04025316943746
EHI_092930A	-1.44079859988613	1.43352131863218	-1.45495328179437
EHI_094810A	-1.8209953875282	1.8520774217365	-1.87251104114804
EHI_095830A	-1.63202761553918	1.62515611170909	-1.64709682462981
EHI_096200A	-2.10010551702273	2.14924204654747	-2.16588292165454
EHI_096340A	-1.02347549735256	1.01736217129304	-1.04085454613895
EHI_096360A	-1.08442616622299	1.07826213184799	-1.10553599762047
EHI_096790A	-1.01234173988493	1.00539645170737	-1.03468988702244
EHI_097650A	-1.96750054932308	2.00042180236859	-2.0197043781506
EHI_097930A	-1.41868845545948	1.42465161669424	-1.44456321996489
EHI_098470A	-15.1322671362909	16.2070510761879	-14.385165509058
EHI_098800A	-1.05222710488512	1.04780810995226	-1.06812794406911
EHI_100350A	-1.67666740829697	1.69780634190933	-1.71620254781366
EHI_100490A	-1.23280568503463	1.23709895685758	-1.25315939774008
EHI_100810A	1.90517708011666	-1.91803964950187	1.91143904200908
EHI_103310A	-1.49180147829512	1.48221500676921	-1.50938446769225
EHI_103400A	2.72539044186928	-2.76654455245906	2.75149804564476
EHI_103510A	-2.05761870613044	2.04687366665159	-2.08089052331998
EHI_104360A	-1.47602283522526	1.46772206964332	-1.49751673561216
EHI_105140A	-1.38684059259891	1.37766145584381	-1.40512563911433
EHI_105280A	-1.44505117251622	1.44709082438847	-1.46451100772573
EHI_107170A	1.84775199549933	-1.84826621555431	1.85596652292433
EHI_109870A	-1.30023939578533	1.29836443429518	-1.31455522601904
EHI_110570A	-1.47901360816922	1.47592558270485	-1.50117525522859
EHI_111760A	-1.03939549957535	1.03280224549405	-1.05322134630087
EHI_112800A	-1.35902538933493	1.35623704148646	-1.37736017107862
EHI_114920A	-2.20867817471638	2.19506869252777	-2.22991168843576
EHI_115360A	-1.64043585251894	1.64269501839115	-1.66302779225724
EHI_116040A	-2.93131763586114	2.99007116286351	-3.01163837673757
EHI_117270A	3.0969483547843	-3.10257700330714	3.12263819397689
EHI_117850A	-1.57566015096616	1.56470120463909	-1.59468046625457
EHI_118270A	-2.45118849721816	2.4367399710987	-2.48016097372627
EHI_118670A	-1.88481387028968	1.88399203092837	-1.91097782273102
EHI_118750A	-1.42460914431875	1.4123763760952	-1.44527548855231
EHI_119540A	-1.64131749708466	1.63259589861982	-1.66129511384864
EHI_120470A	-1.2249477792705	1.25250363563475	-1.26683639669452
EHI_123020A	7.90830082291037	-9.35720626462255	7.49642230297051
EHI_126130A	-1.56096897805653	1.57794571924912	-1.59718159155481
EHI_126210A	-1.40445263798743	1.40259683829122	-1.4240629195721
EHI_126530A	3.0388793288488	-3.3111886043485	3.21117516483953
EHI_126870A	-1.24227654582635	1.23258582130223	-1.25678007756411
EHI_127360A	-1.58996981030024	1.61015049631226	-1.62487681990902
EHI_134490A	-1.1768892658099	1.16712155627106	-1.19235048996442
EHI_134600A	-2.12238080681778	2.17169610739211	-2.19571649884862
EHI_134810A	-1.54145796130872	1.534202250125	-1.555775012692
EHI_134840A	-2.28280949458543	2.28883775944564	-2.31604288984291
EHI_135060A	-1.79340138915151	1.78243314462982	-1.81391092552002
EHI_136740A	-2.3996186412962	2.39060108551694	-2.4306478800952
EHI_138470A	-1.91230157465537	1.89955672496997	-1.93753699718528
EHI_139050A	-1.71632952432591	1.73110741425768	-1.75322609364309
EHI_139060A	-1.46478965561821	1.49015486239496	-1.50585161575896
EHI_140640A	-8.30299981065495	9.39716486132748	-7.54329690416834
EHI_141800A	-1.54630278771928	1.53874823709491	-1.56299623962455
EHI_141810A	-1.10445280891426	1.0976817646591	-1.11987255046709
EHI_143440A	-1.44806149999628	1.44158127578364	-1.46758185539494
EHI_144610A	-1.3633458890974	1.35533795128098	-1.3842140726197
EHI_147570A	-1.29075982753531	1.28332562171238	-1.30926746747402
EHI_148190A	-1.61846711676592	1.609736024377	-1.64082936918842
EHI_148400A	-4.4361424472418	4.55559260858682	-4.59346458434398
EHI_148470A	-1.59233747365276	1.58290543762742	-1.61766861507983
EHI_151350A	-1.70638535354227	1.70521853497864	-1.72547202838898
EHI_151360A	-1.53991306890579	1.55110044404987	-1.5725015018606
EHI_152290A	2.08384553302031	-2.06369335435825	2.06969561228351
EHI_152800A	-2.33406641717653	2.32017002438057	-2.36055557337858
EHI_153250A	-2.32416292343266	2.35364811163379	-2.37107130798508
EHI_155380A	-1.68990691685203	1.69440494065766	-1.71235299492362
EHI_155680A	-2.18592910495139	2.18111349689467	-2.20758172119793
EHI_155900A	-9.83381165648028	10.9195136121656	-9.07193621025122
EHI_156310A	-1.97555895896401	1.96249226861795	-2.01067435426549
EHI_156380A	-1.77699946554595	1.81885025787327	-1.83341427438868
EHI_156660A	-1.12151289242634	1.11830624191639	-1.13290923407774
EHI_157010A	1.06519588473093	-1.06875086129433	1.05486548651721
EHI_157360A	-1.79644836824631	1.79408637489736	-1.8203829498388
EHI_158570A	-2.71507587684204	2.69771846759238	-2.74536190818781
EHI_160740A	-1.01419920054004	1.00518066784144	-1.03163876805151
EHI_161940A	-1.2372083753277	1.23274314425258	-1.25500252548893
EHI_162230A	-1.89521806916655	1.90266950569988	-1.92982771179351
EHI_163670A	-1.38971745990312	1.38189555725079	-1.41146403980052
EHI_164840A	-3.81097171314018	3.96981243451667	-3.98751446246875
EHI_165810.mRNA	1.36724776578777	-1.37072683150635	1.36127435913587
EHI_166370A	1.32987613598001	-1.35754278236534	1.33719141000785
EHI_167270A	-1.38684059259891	1.37766145584381	-1.40512563911433
EHI_167310A	-1.37026210072894	1.35871110019272	-1.39337714367535
EHI_169350A	-3.13288807623425	3.11740718208187	-3.1651211831951
EHI_170060A	-1.59415971823145	1.58727858330894	-1.60908955659792
EHI_170120A	-1.12774533554212	1.12334408270251	-1.14251905060683
EHI_172280A	-3.15888016465155	3.16337720176629	-3.19354487776435
EHI_172960A	-1.22610739907479	1.21969007425148	-1.24936231743671
EHI_174180A	-1.12375302001305	1.11593722887803	-1.13728872459955
EHI_174880A	-2.30594520021196	2.35218372616402	-2.37233690455432
EHI_174910A	-1.27228148537765	1.26507757098509	-1.29447399013832
EHI_176820A	-1.49247015335056	1.48489425549663	-1.51716506659902
EHI_177520A	-1.4595458792147	1.44994630021038	-1.47989106774831
EHI_178340A	-3.07837917831155	3.06365009501556	-3.1089025879668
EHI_179390A	-2.03751666990622	2.03068964685836	-2.05840173247868
EHI_179850A	-2.98226046021535	3.07921938062031	-3.1159011668024
EHI_179990A	-4.85391286924697	4.98454632953007	-5.02537609426284
EHI_180000A	-1.60069748070314	1.6123966885449	-1.63219402660678
EHI_180390A	-3.2732620233802	3.26580279235225	-3.32433172266718
EHI_181610A	1.1731205814206	-1.18150691698474	1.1655474140341
EHI_182550A	-1.72315223359231	1.71828431156174	-1.74560274975259
EHI_182950A	-1.72010735980169	1.73640708012416	-1.75866438636037
EHI_183560A	-2.2795186676858	2.34572710159613	-2.36649060213236
EHI_186720A	-1.2401158781673	1.23114275989833	-1.25476060808199
EHI_186950A	-1.11329259197646	1.10883274679421	-1.12681876058484
EHI_187780A	-2.50333895382754	2.51258109315137	-2.5353415602727
EHI_187800A	-1.60722674513828	1.62801852659975	-1.6435573883651
EHI_188170A	-1.28373506148495	1.27861224794082	-1.30368191067037
EHI_188880A	-3.56894789930743	3.592988223176	-3.61991022777794
EHI_188960A	-1.50235227904408	1.49423711791312	-1.51948364458747
EHI_192030A	6.63671435964435	-8.07579494839464	6.2155937531373
EHI_193350A	-1.32700919996592	1.31677123980057	-1.35365066071826
EHI_193940A	-2.8653641846725	2.85412580771336	-2.89577063985829
EHI_194430A	-2.15819181031186	2.16234844027715	-2.18794048772038
EHI_194730A	1.72068009486158	-1.74287420569886	1.72509711242658
EHI_195110A	11.7356483760532	-13.1879034864009	11.3286116716681
EHI_196370A	-1.89609053181667	1.91336754598813	-1.93637207857107
EHI_197480A	-1.43025057044089	1.41897737920541	-1.44804878043826
EHI_198930A	-1.13835862670645	1.13013195837795	-1.15815192024239
EHI_199150A	6.99827054954822	-8.44818387732322	6.58366572364468
EHI_201200A	-1.07731354048579	1.07479473167811	-1.09488051667984
EHI_201940A	-1.19331599258435	1.19341762819615	-1.21032165576962
EHI_202460A	-1.47376221755017	1.46321272923289	-1.49713118958193
