edgeR	limma	NOISeq	DESeq2
EHI_000140A	1	1	1	1
EHI_000690A	1	1	1	1
EHI_001940A	1	1	1	1
EHI_005020A	1	1	1	1
EHI_005070A	1	1	1	1
EHI_007510A	1	1	1	1
EHI_007940A	1	1	1	1
EHI_010020A	1	1	1	1
EHI_010030A	1	1	1	1
EHI_013220A	1	1	1	1
EHI_013340A	1	1	1	1
EHI_015310A	1	1	1	1
EHI_015440A	1	1	1	1
EHI_017030A	1	1	1	1
EHI_017660A	1	1	1	1
EHI_017750A	1	1	1	1
EHI_020080A	1	1	1	1
EHI_022010A	1	1	1	1
EHI_023000A	1	1	1	1
EHI_023400A	1	1	1	1
EHI_025360A	1	1	1	1
EHI_027610A	1	1	1	1
EHI_028990A	1	1	1	1
EHI_030070A	1	1	1	1
EHI_035060A	1	1	1	1
EHI_035220A	1	1	1	1
EHI_035510A	1	1	1	1
EHI_035600A	1	1	1	1
EHI_035650A	1	1	1	1
EHI_035670A	1	1	1	1
EHI_036560A	1	1	1	1
EHI_037810A	1	1	1	1
EHI_038300A	1	1	1	1
EHI_044550A	1	1	1	1
EHI_044820A	1	1	1	1
EHI_044830A	1	1	1	1
EHI_045280A	1	1	1	1
EHI_048140A	1	1	1	1
EHI_048300A	1	1	1	1
EHI_049000A	1	1	1	1
EHI_049690A	1	1	1	1
EHI_050520A	1	1	1	1
EHI_052110A	1	1	1	1
EHI_056460A	1	1	1	1
EHI_056690A	1	1	1	1
EHI_057550A	1	1	1	1
EHI_057850A	1	1	1	1
EHI_065340A	1	1	1	1
EHI_066770A	1	1	1	1
EHI_068610A	1	1	1	1
EHI_069280A	1	1	1	1
EHI_073180A	1	1	1	1
EHI_076020A	1	1	1	1
EHI_077770A	1	1	1	1
EHI_083270A	1	1	1	1
EHI_083410A	1	1	1	1
EHI_087410A	1	1	1	1
EHI_087570A	1	1	1	1
EHI_089770A	1	1	1	1
EHI_090020A	1	1	1	1
EHI_092170A	1	1	1	1
EHI_092430A	1	1	1	1
EHI_092470A	1	1	1	1
EHI_092930A	1	1	1	1
EHI_094020A	1	1	1	1
EHI_095830A	1	1	1	1
EHI_097930A	1	1	1	1
EHI_098440A	1	1	1	1
EHI_098800A	1	1	1	1
EHI_099860A	1	1	1	1
EHI_103310A	1	1	1	1
EHI_103510A	1	1	1	1
EHI_103900A	1	1	1	1
EHI_105140A	1	1	1	1
EHI_105280A	1	1	1	1
EHI_111760A	1	1	1	1
EHI_112800A	1	1	1	1
EHI_113900A	1	1	1	1
EHI_114920A	1	1	1	1
EHI_115360A	1	1	1	1
EHI_117850A	1	1	1	1
EHI_118270A	1	1	1	1
EHI_118670A	1	1	1	1
EHI_118750A	1	1	1	1
EHI_119540A	1	1	1	1
EHI_126210A	1	1	1	1
EHI_126870A	1	1	1	1
EHI_131470A	1	1	1	1
EHI_134490A	1	1	1	1
EHI_134810A	1	1	1	1
EHI_135060A	1	1	1	1
EHI_140540A	1	1	1	1
EHI_140550A	1	1	1	1
EHI_140640A	1	1	1	1
EHI_141810A	1	1	1	1
EHI_141890A	1	1	1	1
EHI_143440A	1	1	1	1
EHI_144610A	1	1	1	1
EHI_147570A	1	1	1	1
EHI_148150A	1	1	1	1
EHI_148190A	1	1	1	1
EHI_151350A	1	1	1	1
EHI_151890A	1	1	1	1
EHI_152800A	1	1	1	1
EHI_155420A	1	1	1	1
EHI_155680A	1	1	1	1
EHI_155900A	1	1	1	1
EHI_158570A	1	1	1	1
EHI_159820A	1	1	1	1
EHI_160210A	1	1	1	1
EHI_166030A	1	1	1	1
EHI_166800A	1	1	1	1
EHI_167270A	1	1	1	1
EHI_169350A	1	1	1	1
EHI_170060A	1	1	1	1
EHI_170120A	1	1	1	1
EHI_171280A	1	1	1	1
EHI_172280A	1	1	1	1
EHI_174180A	1	1	1	1
EHI_177520A	1	1	1	1
EHI_178340A	1	1	1	1
EHI_179390A	1	1	1	1
EHI_181610A	1	1	1	1
EHI_182550A	1	1	1	1
EHI_186720A	1	1	1	1
EHI_186950A	1	1	1	1
EHI_187780A	1	1	1	1
EHI_188960A	1	1	1	1
EHI_193940A	1	1	1	1
EHI_194430A	1	1	1	1
EHI_195110A	1	1	1	1
EHI_196580A	1	1	1	1
EHI_197480A	1	1	1	1
EHI_000130A	1	0	1	1
EHI_005010A	1	0	1	1
EHI_006170A	1	0	1	1
EHI_006810A	1	0	1	1
EHI_006840A	1	0	1	1
EHI_007620A	1	0	1	1
EHI_007930A	1	0	1	1
EHI_009810A	1	0	1	1
EHI_012570A	1	0	1	1
EHI_014110A	1	0	1	1
EHI_014250A	1	0	1	1
EHI_015320A	1	0	1	1
EHI_016370A	1	0	1	1
EHI_024240A	1	0	1	1
EHI_024510A	1	0	1	1
EHI_025230A	1	0	1	1
EHI_025830A	1	0	1	1
EHI_025840A	1	1	1	0
EHI_030170A	1	0	1	1
EHI_030390A	1	0	1	1
EHI_031240A	1	0	1	1
EHI_032780A	1	0	1	1
EHI_040310A	1	0	1	1
EHI_040400A	1	0	1	1
EHI_041580A	1	1	0	1
EHI_041880A	1	1	1	0
EHI_044770A	1	0	1	1
EHI_046600A	1	0	1	1
EHI_048990A	1	0	1	1
EHI_050000A	1	0	1	1
EHI_050640A	1	1	0	1
EHI_050740A	1	0	1	1
EHI_052720A	1	0	1	1
EHI_056380A	1	0	1	1
EHI_058090A	1	0	1	1
EHI_058320A	1	0	1	1
EHI_062500A	1	0	1	1
EHI_067520A	1	0	1	1
EHI_068170A	1	0	1	1
EHI_075530A	1	0	1	1
EHI_081130A	1	0	1	1
EHI_083100A	1	0	1	1
EHI_083140A	1	0	1	1
EHI_083400A	1	0	1	1
EHI_086080A	1	0	1	1
EHI_086200A	1	0	1	1
EHI_096360A	1	0	1	1
EHI_096790A	1	0	1	1
EHI_098470A	1	0	1	1
EHI_098560A	1	0	1	1
EHI_099340A	1	0	1	1
EHI_099720A	1	0	1	1
EHI_103370A	1	0	1	1
EHI_104360A	1	0	1	1
EHI_108690A	1	0	1	1
EHI_109880A	1	0	1	1
EHI_109900A	1	0	1	1
EHI_110570A	1	0	1	1
EHI_111050A	1	0	1	1
EHI_116040A	1	1	1	0
EHI_118220A	1	0	1	1
EHI_122900A	1	0	1	1
EHI_125780A	1	0	1	1
EHI_126980A	1	0	1	1
EHI_127380A	1	0	1	1
EHI_129750A	1	0	1	1
EHI_130260A	1	0	1	1
EHI_131940A	1	0	1	1
EHI_134720A	1	0	1	1
EHI_134840A	1	0	1	1
EHI_135080A	1	0	1	1
EHI_138470A	1	0	1	1
EHI_140600A	1	0	1	1
EHI_141800A	1	0	1	1
EHI_141940A	1	0	1	1
EHI_146780A	1	0	1	1
EHI_148470A	1	0	1	1
EHI_152670A	1	0	1	1
EHI_153260A	1	0	1	1
EHI_153690A	1	0	1	1
EHI_154240A	1	0	1	1
EHI_156380A	1	1	1	0
EHI_156690A	1	0	1	1
EHI_157010A	1	0	1	1
EHI_158150A	1	0	1	1
EHI_160740A	1	0	1	1
EHI_160910A	1	0	1	1
EHI_160980A	1	0	1	1
EHI_161170A	1	0	1	1
EHI_161940A	1	0	1	1
EHI_162230A	1	0	1	1
EHI_163670A	1	0	1	1
EHI_165810.mRNA	1	0	1	1
EHI_167310A	1	0	1	1
EHI_167620A	1	1	0	1
EHI_169280A	1	0	1	1
EHI_169300A	1	0	1	1
EHI_169580A	1	0	1	1
EHI_170050A	1	0	1	1
EHI_170300A	1	0	1	1
EHI_170580A	1	0	1	1
EHI_174220A	1	0	1	1
EHI_174670A	1	0	1	1
EHI_174910A	1	0	1	1
EHI_176820A	1	0	1	1
EHI_188170A	1	0	1	1
EHI_190440A	1	0	1	1
EHI_193350A	1	0	1	1
EHI_194075A	1	0	1	1
EHI_197840A	1	0	1	1
EHI_198930A	1	0	1	1
EHI_201200A	1	0	1	1
EHI_202460A	1	0	1	1
EHI_000620A	1	0	1	0
EHI_001060A	1	0	1	0
EHI_004230A	1	0	1	0
EHI_004860A	1	0	0	1
EHI_004880A	1	0	1	0
EHI_006940A	1	0	1	0
EHI_006960A	1	0	1	0
EHI_007260A	1	0	1	0
EHI_008470A	1	0	1	0
EHI_009940A	1	0	1	0
EHI_020990A	1	0	1	0
EHI_026360A	1	0	1	0
EHI_027520A	1	0	1	0
EHI_029210A	1	0	1	0
EHI_032670A	1	0	1	0
EHI_038540A	1	0	1	0
EHI_039020A	1	0	1	0
EHI_044610A	1	0	1	0
EHI_047920A	1	0	1	0
EHI_048860A	1	0	1	0
EHI_049660A	1	0	1	0
EHI_050130A	1	0	1	0
EHI_050500A	1	0	1	0
EHI_050960A	1	0	0	1
EHI_051690A	1	0	1	0
EHI_062490A	1	0	1	0
EHI_063340A	1	0	1	0
EHI_067580A	1	0	1	0
EHI_068330A	1	0	1	0
EHI_068560A	1	0	1	0
EHI_069950A	1	0	1	0
EHI_070720A	1	0	1	0
EHI_072640A	1	0	1	0
EHI_073540A	1	0	0	1
EHI_074380A	1	0	1	0
EHI_077520A	1	0	1	0
EHI_086530A	1	0	1	0
EHI_087380A	1	0	1	0
EHI_087650A	1	0	1	0
EHI_092320A	1	0	1	0
EHI_093840A	1	0	1	0
EHI_095070A	1	0	1	0
EHI_096200A	1	0	1	0
EHI_096340A	1	0	0	1
EHI_097170A	1	0	1	0
EHI_099200A	1	0	1	0
EHI_100350A	1	0	1	0
EHI_103400A	1	0	1	0
EHI_105120A	1	0	1	0
EHI_109930A	1	0	1	0
EHI_115270A	1	0	0	1
EHI_115400A	1	0	0	1
EHI_117270A	1	0	1	0
EHI_125600A	1	0	1	0
EHI_126860A	1	0	1	0
EHI_127360A	1	0	1	0
EHI_131150A	1	0	1	0
EHI_136980A	1	0	1	0
EHI_137750A	1	0	1	0
EHI_140770A	1	0	1	0
EHI_145610A	1	0	0	1
EHI_148260A	1	1	0	0
EHI_148400A	1	0	1	0
EHI_150460A	1	0	1	0
EHI_150530A	1	0	1	0
EHI_153280A	1	0	1	0
EHI_153650A	1	0	1	0
EHI_155310A	1	0	1	0
EHI_155700A	1	0	1	0
EHI_156310A	1	0	1	0
EHI_157360A	1	0	1	0
EHI_158130A	1	0	1	0
EHI_161860A	1	0	1	0
EHI_161870A	1	0	1	0
EHI_165770A	1	0	1	0
EHI_166490A	1	0	1	0
EHI_169310A	1	0	0	1
EHI_179990A	1	0	1	0
EHI_180000A	1	0	1	0
EHI_180800A	1	0	0	1
EHI_182950A	1	0	1	0
EHI_187040A	1	0	1	0
EHI_187760A	1	0	1	0
EHI_187800A	1	0	1	0
EHI_188760A	0	0	1	1
EHI_188880A	1	0	1	0
EHI_192060A	1	0	1	0
EHI_192540A	1	0	1	0
EHI_193360A	1	0	1	0
EHI_193440A	0	0	1	1
EHI_194050A	1	0	1	0
EHI_194190A	1	0	1	0
EHI_196370A	1	0	1	0
EHI_196530A	1	0	1	0
EHI_197160A	0	0	1	1
EHI_197410A	1	0	1	0
EHI_198330A	1	0	1	0
EHI_200240A	1	0	1	0
EHI_202700A	1	0	0	1
EHI_001130A	0	0	1	0
EHI_004530A	1	0	0	0
EHI_005100A	1	0	0	0
EHI_006970A	0	0	1	0
EHI_009490A	0	0	1	0
EHI_009500A	0	0	1	0
EHI_009950A	0	0	1	0
EHI_011400A	1	0	0	0
EHI_014010A	1	0	0	0
EHI_017570A	1	0	0	0
EHI_017650A	0	0	1	0
EHI_022500A	0	0	1	0
EHI_025400A	1	0	0	0
EHI_028930A	1	0	0	0
EHI_030150A	1	0	0	0
EHI_035160A	1	0	0	0
EHI_035400A	1	0	0	0
EHI_037120A	0	0	1	0
EHI_037820A	1	0	0	0
EHI_040340A	0	0	1	0
EHI_044220A	1	0	0	0
EHI_048440A	1	0	0	0
EHI_048580A	1	0	0	0
EHI_049670A	0	0	1	0
EHI_054940A	1	0	0	0
EHI_056680A	1	0	0	0
EHI_058110A	1	0	0	0
EHI_058800A	1	0	0	0
EHI_063140A	1	0	0	0
EHI_065830A	1	0	0	0
EHI_066730A	1	0	0	0
EHI_068140A	1	0	0	0
EHI_069510A	1	0	0	0
EHI_079890A	1	0	0	0
EHI_079930A	1	0	0	0
EHI_080100A	1	0	0	0
EHI_080710A	1	0	0	0
EHI_082270A	0	0	1	0
EHI_085470A	1	0	0	0
EHI_086030A	1	0	0	0
EHI_086040A	1	0	0	0
EHI_086540A	1	0	0	0
EHI_087610A	1	0	0	0
EHI_087730A	1	0	0	0
EHI_091470A	0	0	1	0
EHI_091550A	1	0	0	0
EHI_095200A	1	0	0	0
EHI_096730A	1	0	0	0
EHI_098180A	1	0	0	0
EHI_098250A	0	0	1	0
EHI_100810A	0	0	0	1
EHI_101290A	1	0	0	0
EHI_105350A	1	0	0	0
EHI_106270A	1	0	0	0
EHI_107170A	0	0	0	1
EHI_109000A	1	0	0	0
EHI_109010A	1	0	0	0
EHI_110730A	1	0	0	0
EHI_111800A	0	0	1	0
EHI_113950A	0	0	1	0
EHI_114000A	1	0	0	0
EHI_114010A	0	0	1	0
EHI_118080A	0	0	1	0
EHI_118290A	1	0	0	0
EHI_122790A	1	0	0	0
EHI_124510A	1	0	0	0
EHI_124880A	1	0	0	0
EHI_125310A	1	0	0	0
EHI_125340A	0	0	1	0
EHI_126130A	1	0	0	0
EHI_126240A	0	0	1	0
EHI_126270A	1	0	0	0
EHI_126530A	1	0	0	0
EHI_130480A	1	0	0	0
EHI_135440A	1	0	0	0
EHI_135580A	1	0	0	0
EHI_136420A	0	0	1	0
EHI_136740A	0	0	1	0
EHI_137010A	1	0	0	0
EHI_137270A	1	0	0	0
EHI_137810A	0	0	1	0
EHI_137880A	0	0	1	0
EHI_138360A	0	0	1	0
EHI_139050A	1	0	0	0
EHI_139300A	1	0	0	0
EHI_140480A	1	0	0	0
EHI_146960A	1	0	0	0
EHI_148170A	1	0	0	0
EHI_153620A	1	0	0	0
EHI_154290A	1	0	0	0
EHI_159330A	1	0	0	0
EHI_159490A	1	0	0	0
EHI_159680A	1	0	0	0
EHI_159780A	1	0	0	0
EHI_161900A	1	0	0	0
EHI_164800A	0	0	1	0
EHI_164840A	0	0	1	0
EHI_165180A	1	0	0	0
EHI_166370A	1	0	0	0
EHI_166860A	1	0	0	0
EHI_168290A	1	0	0	0
EHI_170470A	1	0	0	0
EHI_177420A	1	0	0	0
EHI_179080A	1	0	0	0
EHI_180390A	0	0	1	0
EHI_182530A	1	0	0	0
EHI_192420A	1	0	0	0
EHI_193300A	1	0	0	0
EHI_193390A	0	0	1	0
EHI_198550A	1	0	0	0
EHI_201940A	0	0	1	0
