edgeR	NOISeq	DESeq2
EHI_000130A	-1.96565294172358	1.91546401359034	-1.96289197376101
EHI_000690A	-4.72680190211694	4.69117005105176	-4.73996458383196
EHI_001060A	-2.42110858520996	2.4179438273029	-2.44486399600727
EHI_001940A	-1.5997882054458	1.54694513215916	-1.58268729061111
EHI_004430A	-9.05340158806055	10.2152382526605	-8.36596271140048
EHI_004860A	-1.0729037629002	1.01846852643213	-1.0437925182077
EHI_005020A	-1.19721262087825	1.14367284342278	-1.18215864898636
EHI_005030A	-3.49819711543483	3.5702366462308	-3.60513246361055
EHI_005070A	-1.53286283763891	1.48377173900741	-1.51625515547941
EHI_006770A	7.84357452142505	-9.24784521351433	7.37620105096049
EHI_006960A	-2.53374616777407	2.52946413157257	-2.55706339300114
EHI_010020A	-2.2093159351585	2.15688329552066	-2.21123029172273
EHI_010030A	-2.2896422232864	2.23787481151678	-2.27685463045756
EHI_012420A	-2.01643137005713	1.96757920971056	-1.99701124613951
EHI_014110A	-1.07675120049913	1.02635684802599	-1.05545619708291
EHI_015310A	-1.58815783268113	1.53633920333489	-1.56906105722894
EHI_015320A	1.15495935413035	-1.21139213480349	1.17868816238307
EHI_017660A	-2.67052543461188	2.62325956232748	-2.66696393908739
EHI_017750A	-1.94225387574639	1.8878719278537	-1.92537978736806
EHI_018630A	7.57014724213905	-8.97721171744275	7.09909668199574
EHI_020080A	-1.62573314361269	1.57082549516231	-1.60414361914681
EHI_022010A	-2.00584006128518	1.95454301839248	-1.97348531931411
EHI_023400A	1.8166635179128	-1.87520249812715	1.86743021289142
EHI_025830A	-1.11571654888271	1.06328949163036	-1.09378932152401
EHI_027610A	-1.41362712641764	1.36278485985994	-1.38734765134567
EHI_028990A	-2.39551605855461	2.34505129259802	-2.38950282937045
EHI_030070A	-1.46370928917809	1.41308650992023	-1.442493581662
EHI_032670A	-3.25001063609373	3.25273776126423	-3.29398398814346
EHI_032780A	-2.09798086779858	2.05851590102912	-2.10223472114726
EHI_033240A	-6.90857987199921	8.09053300329467	-6.24780145907433
EHI_035060A	-10.2721329103091	11.4284190354283	-9.57118031351798
EHI_035510A	-1.41332723719897	1.36141176248474	-1.3902925181721
EHI_035600A	-1.32230364678153	1.2695739869323	-1.29977705365931
EHI_035670A	-2.43260832345093	2.38311373144298	-2.42088394042349
EHI_036560A	-1.66420546023805	1.61087270929065	-1.63370792273284
EHI_038300A	-2.28470680532041	2.23589787440133	-2.25773388667403
EHI_040310A	-1.62806824523732	1.57266368188343	-1.60357314292473
EHI_044610A	-2.94910933343009	2.96560980925929	-3.00376716785838
EHI_044770A	-1.13010408001819	1.07742485641177	-1.11216798794891
EHI_044820A	-1.67264453451727	1.62287117803332	-1.66106219068561
EHI_045280A	-1.74499994237355	1.70123260702495	-1.73142517464854
EHI_046600A	-1.91230876469294	1.86660942481784	-1.90255615909671
EHI_047920A	-2.80001310767146	2.78380969445506	-2.82125748144518
EHI_048140A	-2.81104278910345	2.75793777504426	-2.80846834043385
EHI_049000A	-1.76438375071399	1.71403655957664	-1.74381019984655
EHI_049690A	-1.48560447467928	1.43168607747755	-1.45779423609143
EHI_049990A	-9.11439830192789	10.2777857885031	-8.42988672580578
EHI_050000A	-2.6992884970104	2.66714094833884	-2.70981044326872
EHI_050740A	-1.24326533436188	1.18938041839106	-1.21390423849833
EHI_056460A	-1.4778037730699	1.42612767117022	-1.45601690088461
EHI_056690A	-1.92085032378457	1.87036425894418	-1.90260703781996
EHI_057550A	1.62379164627488	-1.68293026712911	1.66084489483246
EHI_057850A	-1.10062857284118	1.04700981872102	-1.07497268042165
EHI_058090A	-1.59763994961295	1.54288531147316	-1.58378031539234
EHI_058320A	-2.3496490312922	2.31205366006407	-2.35096637199193
EHI_059870A	1.03548225599304	-1.09305521125818	1.07391120660559
EHI_062500A	-2.09839829269928	2.05135815917335	-2.0836984877819
EHI_069280A	-1.77819086199966	1.72732786639256	-1.75350178793094
EHI_069950A	-2.12798168582898	2.09230544208569	-2.12448546909602
EHI_072640A	-2.56862274311948	2.56498126503881	-2.59077556124041
EHI_073540A	2.6487539968867	-2.74235367860305	2.70547553193134
EHI_076020A	-1.55472419091913	1.50254904603777	-1.53561598168131
EHI_079890A	-1.64137570953742	1.59756414275471	-1.63067721298838
EHI_079930A	1.71953678414524	-1.80368949122639	1.77141035555924
EHI_083140A	-6.14284196236401	6.21449304757913	-6.31248062822927
EHI_083270A	-2.06710839550498	2.01557896257319	-2.04023432307351
EHI_083380A	6.44563207418979	-7.8412535029009	5.96773235984342
EHI_083410A	-2.06710839550498	2.01557896257319	-2.04023432307351
EHI_085680A	-6.35350098878772	7.53147661314398	-5.68429177268341
EHI_089770A	-8.33664652611553	9.49443111733205	-7.6429972501488
EHI_092170A	-2.3030530089085	2.25175809220206	-2.27570527954371
EHI_092430A	-1.12346764040462	1.0727956659742	-1.10396525115713
EHI_092470A	-1.31832845436518	1.26685963516348	-1.29807501077803
EHI_092930A	-2.24911698478059	2.19450834551073	-2.22787855856719
EHI_093840A	-1.74962347263588	1.71780583221828	-1.74478789841307
EHI_094810A	-2.25746874576226	2.24634466315241	-2.28061121944691
EHI_095830A	-2.31206143926226	2.26213730950119	-2.29138325014476
EHI_096340A	-1.18777175687796	1.13227537692197	-1.17033694362465
EHI_098440A	1.27418048581656	-1.33174739012565	1.29708626986014
EHI_098470A	-15.215653970642	16.3760865221328	-14.5756650444923
EHI_098800A	-1.102945623653	1.04864604735707	-1.082635591492
EHI_099860A	-2.88639686836276	2.84544479398125	-2.8881425275262
EHI_103310A	-2.03369637121285	1.9824717185879	-2.01684455402658
EHI_103370A	-2.05631189189582	2.00667802332467	-2.03070684510628
EHI_103400A	3.27511464368341	-3.37518250975403	3.34300365090762
EHI_103510A	-2.11405420476586	2.06202996515574	-2.10671523560835
EHI_104360A	-1.45112850846795	1.39763385759085	-1.44088266378747
EHI_105140A	-1.67549812935602	1.62297822731618	-1.65971872223219
EHI_108640A	2.06775007106441	-2.17424211864895	2.1387973598881
EHI_109930A	3.91592523695955	-3.81526279641142	3.95527963787996
EHI_110570A	-1.55156272634823	1.50061621565989	-1.54034570891173
EHI_111760A	-1.46993613490987	1.41708859717247	-1.44612501115701
EHI_112800A	-1.81095628474838	1.76021122932814	-1.79476097730615
EHI_112830A	1.12386021046538	-1.17889713439769	1.1449742989872
EHI_114010A	3.48110859444989	-3.53941954826258	3.45301052977915
EHI_114920A	-2.31430360062297	2.26456365183973	-2.30442379130231
EHI_116040A	-2.88885045714958	2.89456932931529	-2.92265649311594
EHI_117270A	3.05310282981512	-3.12342211304561	3.1276628926799
EHI_117850A	-2.09635539335124	2.04519534665839	-2.08222471798011
EHI_118230A	-2.10946544042149	2.06110140772656	-2.10380038185454
EHI_118270A	-2.7031533609316	2.65035375676694	-2.70638213436956
EHI_118670A	-2.02181528734346	1.97570814387724	-2.01743061150434
EHI_118750A	-1.3872162372749	1.33679985503065	-1.37588674919407
EHI_119540A	-1.754026448735	1.70115552149664	-1.74085419611453
EHI_120650A	2.75194492957517	-3.0103573772912	2.91824283759983
EHI_120950A	-2.83873231168615	2.82443022264071	-2.85527458635806
EHI_123020A	7.75523224534059	-9.1621221355707	7.28550221621579
EHI_125340A	-2.13006344236859	2.13430174744217	-2.16025652194972
EHI_126210A	-1.85686829320034	1.80803234612738	-1.8417501299314
EHI_126860A	-1.63148821087777	1.58331676257716	-1.61168478214506
EHI_126870A	-1.56870440097069	1.51848179410677	-1.54660119759175
EHI_126980A	-3.17259764871085	3.13804322670129	-3.19012232167325
EHI_127400A	-1.54791617405995	1.49354128319079	-1.51966535654748
EHI_131470A	-1.07659168111253	1.02352187338138	-1.05054217991608
EHI_131940A	-1.214849653811	1.16261769128195	-1.19391532195797
EHI_134600A	-3.49819711543483	3.5702366462308	-3.60513246361055
EHI_134810A	-1.8575150784852	1.80425737253509	-1.83539193665469
EHI_134840A	-1.81241350981255	1.77314041848972	-1.81133827073437
EHI_135060A	-1.89741424534339	1.84543602457652	-1.88609356865801
EHI_135080A	-1.23043380836415	1.17807904871143	-1.21301023078876
EHI_137810A	-1.75026956709317	1.72618300148002	-1.75240059724732
EHI_138470A	-2.10760011103971	2.05522191434243	-2.10543360078023
EHI_140540A	-1.29629971232958	1.24290794629533	-1.26812038580147
EHI_140550A	-1.16076423200868	1.10988680466263	-1.14050969820586
EHI_140770A	-2.51408718580643	2.51320122347518	-2.5496317185909
EHI_141800A	-1.72736600842736	1.67430814251315	-1.70886347451512
EHI_143440A	-2.2425514202323	2.19292328060733	-2.23015330843322
EHI_144610A	-1.99500641797984	1.94122258042691	-1.98363828661378
EHI_146540A	2.21239388087073	-2.29594710666664	2.26859121848967
EHI_148190A	-1.81497533602557	1.76153023270976	-1.80597402507296
EHI_148470A	-1.43892742486557	1.38687160101615	-1.43500766693419
EHI_151890A	-1.73300014186221	1.6915043880831	-1.71958866494291
EHI_152800A	-2.81498589941594	2.76289291831289	-2.8151572176496
EHI_153690A	-1.2464788051261	1.19408918701876	-1.22752670035395
EHI_155680A	-2.92944668294752	2.8778837275643	-2.91918383912351
EHI_155900A	-9.92440443382428	11.0892229171084	-9.25941382908657
EHI_156380A	-3.40835487826156	3.44690022469079	-3.47721738932215
EHI_156660A	-1.21561395721434	1.15973234817032	-1.18733104274505
EHI_157010A	1.65605760319401	-1.71378905429518	1.68536541440792
EHI_157360A	-1.92365957194204	1.88085403195958	-1.91656957158624
EHI_158270A	0.988428840406384	-1.04356613498522	1.01421678471042
EHI_158570A	-2.63926101823889	2.5887151110135	-2.64527272038503
EHI_159450A	3.49859644380999	-3.86493408791585	3.73018905876519
EHI_159910A	-3.55667164533637	3.61105508572707	-3.67231926325932
EHI_161170A	1.18029948585552	-1.2373472736956	1.21113282040653
EHI_163670A	-1.45291917774834	1.39862254876862	-1.44245812760583
EHI_165810.mRNA	1.87460812015703	-1.93273748096426	1.91229650581692
EHI_167270A	-1.67549812935602	1.62297822731618	-1.65971872223219
EHI_167310A	-1.36049450382261	1.30872135234953	-1.35308400877629
EHI_169350A	-3.78842212051353	3.73236230895666	-3.79881172665042
EHI_170060A	-1.59443285546428	1.54290539109048	-1.57249485287818
EHI_170160A	-3.16251342885062	3.23248003938505	-3.25824170638296
EHI_172280A	-3.55823836592775	3.51867985202639	-3.5660304457613
EHI_174910A	-1.38164601956132	1.32837272487356	-1.37198383748759
EHI_175700A	1.63531456266447	-1.73344924664153	1.70729793516307
EHI_176820A	-1.5109115884228	1.45612749776694	-1.50554461864379
EHI_177520A	-1.83161359976762	1.77913126210625	-1.81954865259663
EHI_178340A	-3.322315372531	3.26722391934691	-3.32900941601702
EHI_178640A	7.16147946128495	-8.5636125463048	6.6897936495852
EHI_179390A	-2.75247435731108	2.70381414573715	-2.7424220525755
EHI_179850A	-6.98150262615619	8.16357255654133	-6.32363490413663
EHI_180000A	-2.1804684363855	2.14886737077269	-2.17984304607804
EHI_181610A	1.96547875735049	-2.02498485414373	1.99705829502192
EHI_182550A	-1.89152303845942	1.84261937495448	-1.88183931053088
EHI_182850A	-1.08504922696699	1.03236405670033	-1.05965779626791
EHI_183200A	-7.95302018358758	9.12666784362772	-7.28512689525212
EHI_186720A	-1.48639188920058	1.43513922176992	-1.4645169846254
EHI_186950A	-1.32208018822313	1.26883038729146	-1.29774714161522
EHI_187780A	-2.72260642882732	2.68383106516719	-2.72232917844623
EHI_188170A	-1.67706626356497	1.62272322907524	-1.664321793647
EHI_188960A	-2.11398798909702	2.05949078425483	-2.09664619635416
EHI_193940A	-4.22396669444814	4.19270587072517	-4.24013484810307
EHI_194430A	-2.99583568858303	2.96044873258139	-2.99940326760655
EHI_194540A	-1.06929426298175	1.01466510343109	-1.0491505116686
EHI_195110A	13.2875020027189	-14.7053228550335	12.82306095417
EHI_196370A	-2.54537072374618	2.52040016892739	-2.56106705107627
EHI_198930A	-1.09603466317107	1.04360287391251	-1.08259381892784
EHI_199650A	-1.59392541480332	1.55619512894603	-1.58344524401881
EHI_201200A	-1.43452194461476	1.38273641881537	-1.41632365962333
EHI_202460A	-1.95446521615728	1.90209076283874	-1.94826807701831
