edgeR_EhMyb10_1	edgeR_EhMyb10_2	edgeR_pEhEx_1	edgeR_pEhEx_2	NOISeq_EhMyb10_1	NOISeq_EhMyb10_2	NOISeq_pEhEx_1	NOISeq_pEhEx_2	DESeq2_EhMyb10_1	DESeq2_EhMyb10_2	DESeq2_pEhEx_1	DESeq2_pEhEx_2
EHI_000130A	10.2638793702953	8.85269061471458	22.1877535402919	52.7206609841653	84.8169200583264	71.4129879701467	177.145821533798	435.664131152723	82.7825328588612	71.2096876843345	168.616586394098	432.98982849101
EHI_000690A	2.23699934993616	0	17.2989264890411	42.6922743839164	18.4857389870711	0	138.113691365334	352.793236639977	18.0423469051364	0	131.463779222517	350.627632854133
EHI_001060A	0.394764591165205	0.390559880060937	2.06834990629839	2.29220265148545	3.26218923301256	3.15057299868294	16.5135935328116	18.9419187457706	3.18394357149466	3.14160386842652	15.7184953418227	18.8256447170004
EHI_001940A	66.4520395128095	33.4579630585536	123.724930758577	179.221594813018	549.135187557114	269.899086887172	987.813140417278	1481.02127193494	535.963834534935	269.130731395205	940.251812265394	1471.93009631047
EHI_004430A	0	0	7.42725648170787	8.73902260878827	0	0	59.2988131405509	72.2160652182503	0	0	56.4436878183633	71.7727704835641
EHI_004860A	34.607695825483	26.4278852174568	66.6572765257073	61.7462089243892	285.985256094101	213.188772910879	532.188082489248	510.247936214195	279.125719767699	212.581861763528	506.564236243286	507.115804564199
EHI_005020A	100.796558944182	64.0518203299937	147.60497058584	230.509629140005	832.945650829206	516.693971784002	1178.47008393247	1904.84670387155	812.966925254971	515.223034421949	1121.72898575735	1893.15389685336
EHI_005030A	0.263176394110137	0.130186626686979	1.41023857247618	3.43830397722817	2.17479282200837	1.05019099956098	11.2592683178261	28.4128781186559	2.12262904766311	1.04720128947551	10.7171559148791	28.2384670755006
EHI_005070A	7.36893903508383	5.85839820091406	16.3587674407237	22.0624505205474	60.8941990162344	47.2585949802441	130.607512486783	182.315967928042	59.433613334567	47.1240580263978	124.319008612598	181.196830401129
EHI_006770A	5.13193968514766	1.82261277361771	0	0	42.4084600291632	14.7026739938537	0	0	41.3912664294306	14.6608180526571	0	0
EHI_006960A	0.78952918233041	0.130186626686979	2.35039762079363	3.15177864579249	6.52437846602511	1.05019099956098	18.7654471963769	26.0451382754345	6.36788714298932	1.04720128947551	17.8619265247985	25.8852614858756
EHI_010020A	32.3706964755468	19.1374341229859	57.3497019473645	181.08400946735	267.49951710703	154.378076935464	457.876911591596	1496.41158091588	261.083372862562	153.9385895529	435.831007205084	1487.22593264303
EHI_010030A	24.2122282581326	11.8469830285151	66.1871970015486	110.312252602737	200.08093962477	95.5673809600492	528.434993049973	911.579839640209	195.281872385006	95.2953173422711	502.991850938326	905.984152005646
EHI_012420A	1.97382295582602	3.38485229386146	10.6237972459872	11.1744879259916	16.3109461650628	27.3049659885855	84.8198213276235	92.3418538856316	15.9197178574733	27.2272335263632	80.7359078920893	91.7750179953771
EHI_014110A	1280.35315734581	86.964666626902	1255.48839312312	1628.60998388041	10580.3670790707	701.527587706735	10023.7512744167	13458.23326887	10326.590316881	699.530461369639	9541.12667248638	13375.6205714288
EHI_015310A	764.264248495837	184.083890135388	1198.32672298542	1653.10789971816	6315.59835511231	1484.97007337923	9567.37559860078	13660.6750254654	6164.11475441367	1480.74262331837	9106.72461940328	13576.8196493417
EHI_015320A	1593.13830174571	2479.79486513358	869.929167408138	959.143546980942	13165.1083480277	20004.0381596376	6945.46731632301	7926.00912518338	12849.3349400286	19947.0901619295	6611.05624535843	7877.35571126987
EHI_017660A	13.9483488878372	0.520746506747916	27.5466601157013	64.7547249044639	115.264019566444	4.20076399824392	219.931041141537	535.109204568019	112.499339526145	4.18880515790203	209.341778870639	531.824463255262
EHI_017750A	26.0544630169035	29.9429241380052	89.3151095901579	126.0711458317	215.304489378829	241.543929899025	713.086993462321	1041.80553101738	210.140275718648	240.856296579367	678.753207942344	1035.41045943502
EHI_018630A	1.44747016760575	4.29615868067031	0	0	11.961360521046	34.6563029855124	0	0	11.6744597621471	34.5576425526917	0	0
EHI_020080A	32.8970492637671	38.7956147527198	100.879065884463	120.483901868704	271.849102751046	312.956917869172	805.412993668495	995.634604074566	265.328630957889	312.065984263701	766.633886444353	989.522950437335
EHI_022010A	218.304818914358	39.1861746327807	556.856204318426	477.351202171844	1803.99064585594	316.107490867855	4445.90974976561	3944.65457880672	1760.72079503655	315.207588132128	4231.84763225527	3920.44051231534
EHI_023400A	209.225233317559	582.845527677605	161.989404025097	62.7490475844141	1728.96029349665	4701.70510503451	1293.31462077429	518.53502566547	1687.49009289217	4688.32017298184	1231.04397608911	515.352024127887
EHI_025830A	165.801128289386	58.4537953824536	217.834851495153	268.187710223797	1370.11947786527	471.53575880288	1739.18164616021	2216.20449325516	1337.25630002776	470.193378974503	1655.44335031833	2202.60043188905
EHI_027610A	72.3735083802876	10.8054900150193	107.460179222685	114.180344577119	598.068026052302	87.1658529635614	857.956245818351	943.544327523697	583.722988107355	86.9177070264671	816.647280713789	937.752427465584
EHI_028990A	18.5539357847646	6.89989121440989	42.3071571742853	91.8313687251357	153.32289395159	55.660122976732	337.778049534784	758.860619752434	149.645347860249	55.5016683422019	321.514677446373	754.20239147483
EHI_030070A	1586.55889189296	145.548648636043	2080.00787849753	2697.49273280122	13110.7385274775	1174.11353750918	16606.6701509057	22291.0867540071	12796.269213837	1170.77104163362	15807.0904973857	22154.2540235251
EHI_032670A	0.78952918233041	0.130186626686979	2.35039762079363	6.7333452887385	6.52437846602511	1.05019099956098	18.7654471963769	55.6418863157011	6.36788714298932	1.04720128947551	17.8619265247985	55.3003313561888
EHI_032780A	1.71064656171589	2.86410578711354	5.92300200439994	13.8964785746305	14.1361533430544	23.1042019903416	47.2889269348697	114.835382396234	13.7970888098102	23.0384283684612	45.0120548424923	114.130471096815
EHI_033240A	0	0	1.12819085798094	2.57872798292113	0	0	9.0074146542609	21.3096585889919	0	0	8.57372473190329	21.1788503066255
EHI_035060A	0	0	21.4356263016379	16.0454185603981	0	0	171.140878430957	132.593431220394	0	0	162.900769906163	131.779513019003
EHI_035510A	5.92146886747808	6.37914470766198	15.7946720117332	17.048257220423	48.9328384951883	51.459358978488	126.103805159653	140.880520671669	47.7591535724199	51.3128631842998	120.032146246646	140.015732582691
EHI_035600A	335.681490687479	130.57718656704	529.497576012389	636.516023784365	2773.94824447168	1053.34157255966	4227.47994439978	5259.93406171617	2707.41335029429	1050.34289334393	4023.93480750661	5227.64621735206
EHI_035670A	6.71099804980848	5.98858482760104	26.7005169722156	42.1192237210451	55.4572169612134	48.3087859798051	213.175480150841	348.057756953534	54.1270407154093	48.1712593158733	202.911485321711	345.921221674883
EHI_036560A	7.8952918233041	4.42634530735729	21.1535785871427	17.9078332147301	65.2437846602511	35.7064939850733	168.889024767392	147.983740201333	63.6788714298932	35.6048438421672	160.757338723187	147.075349351566
EHI_038300A	3.55288132048684	1.30186626686979	12.9741948667808	10.744699928838	29.359703097113	10.5019099956098	103.585268524	88.7902441207996	28.655492143452	10.4720128947551	98.5978344168878	88.2452096109395
EHI_040310A	50.003514880926	60.9273412895062	165.185944789376	177.78896815584	413.21063618159	491.489387794539	1318.83562896137	1469.18257271883	403.299519055991	490.090203474537	1255.33619616284	1460.16406836235
EHI_044610A	0.263176394110137	0.520746506747916	1.78630219180316	4.58440530297089	2.17479282200837	4.20076399824392	14.2617398692464	37.8838374915412	2.12262904766311	4.18880515790203	13.5750641588469	37.6512894340009
EHI_044770A	823.873701761783	308.021558741393	1021.67083780657	1455.83520902469	6808.1889292972	2484.75190496128	8156.9645873211	12030.4861434075	6644.89023370936	2477.67825089905	7764.22222179942	11956.6376008849
EHI_044820A	11.0534085526257	7.68101097453177	22.3757853499553	37.5348184180742	91.3412985243516	61.9612689740978	178.647057309508	310.173919461993	89.1504200018505	61.7848760790549	170.045540516082	308.269932240882
EHI_045280A	2.10541115288109	2.73391916042656	7.33324057687612	9.02554794022395	17.398342576067	22.0540109907806	58.5481952526958	74.5838050614717	16.9810323813049	21.9912270789856	55.7292107573714	74.1259760731892
EHI_046600A	5.92146886747808	2.4735459070526	11.8460040087999	19.9135105347798	48.9328384951883	19.9536289916586	94.5778538697394	164.557919103882	47.7591535724199	19.8968245000346	90.0241096849846	163.547788478941
EHI_047920A	0.657940985275342	0	2.44441352562537	2.29220265148545	5.43698205502093	0	19.5160650842319	18.9419187457706	5.30657261915777	0	18.5764035857905	18.8256447170004
EHI_048140A	37.8974007518597	24.735459070526	124.100994377904	315.75091524212	313.170166369205	199.536289916586	990.815611968699	2609.2493072299	305.658582863488	198.968245000346	943.109720509362	2593.23255976681
EHI_049000A	406.870705294271	27.9901247377005	634.325309899784	843.100787749491	3362.22970282494	225.791064905611	5064.41888935819	6967.07448867874	3281.58450768717	225.148277237234	4820.57673051263	6924.30744747172
EHI_049690A	185.539357847646	117.298150644968	428.618510127926	419.473085221837	1533.2289395159	946.222090604443	3422.06695073129	3466.37113047602	1496.45347860249	943.528361817432	3257.30092106226	3445.09298321108
EHI_049990A	0	0	7.42725648170787	9.45533593737747	0	0	59.2988131405509	78.1354148263037	0	0	56.4436878183633	77.6557844576268
EHI_050000A	0.526352788220273	1.82261277361771	5.07685886091424	10.4581745974024	4.34958564401674	14.7026739938537	40.533365944174	86.4225042775783	4.24525809532622	14.6608180526571	38.5817612935648	85.8920040213144
EHI_050740A	34.2129312343178	21.7411666567255	69.0076741465009	63.4653609130033	282.723066861088	175.381896926684	550.953529685625	524.454375273523	275.941776196204	174.88261534241	524.426162768085	521.235038101949
EHI_056460A	19.8698177553153	8.85269061471458	36.3841551698854	43.6951130439413	164.196858061632	71.4129879701467	290.489122599914	361.080326091252	160.258493098565	71.2096876843345	276.502622603881	358.863852417821
EHI_056690A	12.2377023261214	5.72821157422708	29.3329623075045	38.8241824095348	101.127866223389	46.2084039806831	234.192781010783	320.828748756489	98.7022507163345	46.0768567369223	222.916843029486	318.859357394195
EHI_057550A	66.8468041039747	101.155008935783	32.0594235476251	22.3489758519831	552.397376790126	815.998406658882	255.960699758581	184.683707771263	539.14777810643	813.675401922469	243.636677798252	183.550035990754
EHI_057850A	64.4782165569835	39.1861746327807	108.024274651675	114.323607242837	532.824241392051	316.107490867855	862.459953145481	944.728197445308	520.044116677462	315.207588132128	820.93414307974	938.929030260396
EHI_058090A	134.614725587335	125.630094752935	301.69703860507	486.090224780633	1112.40652845728	1013.43431457635	2408.73280212693	4016.87064402497	1085.72475787968	1010.54924434386	2292.75688872314	3992.2132827989
EHI_058320A	2.36858754699123	1.82261277361771	7.14520876721263	14.4695292375019	19.5731353980753	14.7026739938537	57.0469594769857	119.570862082677	19.103661428968	14.6608180526571	54.3002566353875	118.836882276065
EHI_059870A	101.717676323568	149.714620690026	74.2725648170786	48.2795183469122	840.557425706235	1207.71964949513	592.988131405509	398.964163582793	820.396126921791	1204.28148289683	564.436878183633	396.515141851822
EHI_062500A	4.21082230576219	3.77541217392239	14.760497058584	19.6269852033441	34.7966851521339	30.4555389872684	117.847008393247	162.190179260661	33.9620647626097	30.3688373947897	112.172898575735	161.194582889316
EHI_069280A	5.26352788220273	3.25466566717448	14.6664811537522	14.6127919032197	43.4958564401674	26.2547749890245	117.096390505392	120.754732004287	42.4525809532622	26.1800322368877	111.458421514743	120.013485070878
EHI_069950A	1.97382295582602	1.56223952024375	6.20504971889518	9.45533593737747	16.3109461650628	12.6022919947318	49.5407805984349	78.1354148263037	15.9197178574733	12.5664154737061	47.1554860254681	77.6557844576268
EHI_072640A	0.263176394110137	0.260373253373958	1.78630219180316	1.4326266571784	2.17479282200837	2.10038199912196	14.2617398692464	11.8386992161066	2.12262904766311	2.09440257895101	13.5750641588469	11.7660279481253
EHI_073540A	3.68446951754191	14.8412754423156	1.8803180966349	1.00283866002488	30.4470995081172	119.721773949952	15.0123577571015	8.28708945127463	29.7168066672835	119.380947000208	14.2895412198388	8.23621956368769
EHI_076020A	41.5818702694016	17.5751946027422	74.1785489122469	99.7108153396169	343.617265877323	141.775784940732	592.237513517654	823.97346544102	335.375389530771	141.372174079193	563.722401122641	818.915545189519
EHI_079890A	3.28970492637671	3.51503892054844	8.64946324452055	12.7503772488878	27.1849102751046	28.3551569881465	69.0568456826669	105.364423023349	26.5328630957889	28.2744348158387	65.7318896112586	104.717648738315
EHI_079930A	4.86876329103753	7.68101097453177	2.16236581113014	1.57588932289624	40.2336672071549	61.9612689740978	17.2642114206667	13.0225691377173	39.2686373817675	61.7848760790549	16.4329724028146	12.9426307429378
EHI_083140A	0.263176394110137	0	2.53842943045712	18.1943585461657	2.17479282200837	0	20.266682972087	150.351480044554	2.12262904766311	0	19.2908806467824	149.428554941191
EHI_083270A	202.382647070695	43.0917734333901	504.395329422313	524.341356527296	1672.41568012444	347.613220854685	4027.06496834248	4332.96391309502	1632.30173765293	346.623626816393	3833.16943222176	4306.36622901385
EHI_083380A	1.57905836466082	1.04149301349583	0	0	13.0487569320502	8.40152799648784	0	0	12.7357742859786	8.37761031580406	0	0
EHI_083410A	202.382647070695	43.0917734333901	504.395329422313	524.341356527296	1672.41568012444	347.613220854685	4027.06496834248	4332.96391309502	1632.30173765293	346.623626816393	3833.16943222176	4306.36622901385
EHI_085680A	0	0	0.940159048317451	1.57588932289624	0	0	7.50617887855075	13.0225691377173	0	0	7.14477060991941	12.9426307429378
EHI_089770A	0	0	4.794811146419	5.01419330012442	0	0	38.2815122806088	41.4354472563732	0	0	36.438330110589	41.1810978184384
EHI_092170A	5.26352788220273	2.99429241380052	21.6236581113014	19.1971972061906	43.4958564401674	24.1543929899026	172.642114206667	158.638569495829	42.4525809532622	24.0856296579367	164.329724028146	157.664774504879
EHI_092430A	1104.55132608024	108.054900150193	1110.04578834841	1531.90768452087	9127.60547396913	871.658529635614	8862.54540190487	12659.1210717828	8908.67411304207	869.177070264671	8435.83065913185	12581.4136849303
EHI_092470A	1364.04325067284	261.284559760767	1740.42243024527	2312.83247534882	11271.9511964694	2107.73333611889	13895.4383399731	19112.3960144825	11001.5863540379	2101.73298797734	13226.3993530828	18995.0755194534
EHI_092930A	14.7378780701677	20.3091137631687	76.5289465330405	90.2554794022395	121.788398032469	163.829795931513	611.002960714031	745.838050614717	118.867226669134	163.363401158179	581.58432764744	741.259760731892
EHI_093840A	1.18429377349561	0.911306386808854	3.29055666911108	3.86809197438169	9.78656769903767	7.35133699692686	26.2716260749276	31.9644878834879	9.55183071448399	7.33040902632855	25.0066971347179	31.7682754599382
EHI_094810A	0.921117379385478	0.650933133434895	2.44441352562537	5.3007186315601	7.6117748770293	5.2509549978049	19.5160650842319	43.8031870995945	7.42920166682088	5.23600644737754	18.5764035857905	43.5343034080635
EHI_095830A	12.3692905231764	3.64522554723541	36.1021074553901	43.5518503782235	102.215262634393	29.4053479877075	288.237268936349	359.896456169641	99.7635652401661	29.3216361053142	274.359191420905	357.687249623008
EHI_096340A	113.560614058524	139.039317301694	240.022605035445	335.521163111182	938.423102696612	1121.60398753113	1916.32746769401	2772.62335641217	915.914434066631	1118.41097715984	1824.05993671243	2755.60374545094
EHI_098440A	100.401794353017	251.780936012618	68.255546907847	77.3618394876338	829.683461596193	2031.06939315094	544.948586582784	639.289757669757	809.782981683476	2025.28729384563	518.710346280149	635.365509198764
EHI_098470A	0	0	45.6917297482281	1111.00197264185	0	0	364.800293497566	9180.91124209068	0	0	347.235851642083	9124.55467377114
EHI_098800A	33.9497548402076	35.2805758321713	65.7171174773898	83.0923461163475	280.54827403908	284.601760881026	524.681903610697	686.644554534184	273.819147148541	283.791549447862	499.419465633367	682.429620991265
EHI_099860A	2.23699934993616	2.34335928036562	10.9998608653142	23.2085518462902	18.4857389870711	18.9034379920976	87.8222928790438	191.786927300927	18.0423469051364	18.8496232105591	83.5938161360571	190.609652759629
EHI_103310A	156.984719086697	29.0316177511963	304.611531654854	457.151166305629	1297.26391832799	234.192592902099	2432.00195665044	3777.72891985962	1266.14822693104	233.525887553038	2314.90567761389	3754.53951824677
EHI_103370A	3.94764591165205	1.82261277361771	12.5981312474538	11.4610132574272	32.6218923301256	14.7026739938537	100.58279697258	94.7095937288529	31.8394357149466	14.6608180526571	95.7399261729201	94.1282235850021
EHI_103400A	3.42129312343178	8.85269061471458	0.658111333822216	0.573050662871362	28.2723066861088	71.4129879701467	5.25432521498552	4.73547968644265	27.5941776196204	71.2096876843345	5.00133942694359	4.70641117925011
EHI_103510A	141.588900031254	43.482333313451	253.654911236048	547.693171039304	1170.0385382405	350.763793853367	2025.16706143299	4525.93471031756	1141.97442764275	349.765230684819	1927.65911055626	4498.15248456829
EHI_104360A	56.9776893248446	42.0502804198942	94.5800002607356	176.356341498662	470.842645964812	339.211692858197	755.121595182205	1457.34387350272	459.549188819063	338.246016500589	718.763923357893	1448.39804041422
EHI_105140A	629.123170120282	219.755025847621	1064.73012221951	1646.94760509229	5198.84224101101	1772.72240725893	8500.74757995872	13609.7686188362	5074.14473843866	1767.67577663466	8091.45271573373	13526.2257291648
EHI_108640A	2.10541115288109	3.64522554723541	0.752127238653961	0.573050662871362	17.398342576067	29.4053479877075	6.0049431028406	4.73547968644265	16.9810323813049	29.3216361053142	5.71581648793553	4.70641117925011
EHI_109930A	1.84223475877096	4.03578542729635	0	0.429787997153521	15.2235497540586	32.5559209863904	0	3.55160976483198	14.8584033336418	32.4632399737407	0	3.52980838443758
EHI_110570A	20.0014059523704	10.2847435082713	32.0594235476251	56.8752782899827	165.284254472636	82.9650889653174	255.960699758581	469.996358879433	161.319807622396	82.7289018685651	243.636677798252	467.111309540573
EHI_111760A	692.811857494935	278.599381110135	1253.32602731199	1437.64085047853	5725.14210393704	2247.4087390605	10006.487062996	11880.134663363	5587.82096797313	2241.01075947758	9524.69370008356	11807.2090459437
EHI_112800A	7.63211542919396	8.20175748127968	23.5039762079363	32.2340997865141	63.0689918382427	66.1620329723418	187.654471963769	266.370732362399	61.5562423822301	65.9736812369569	178.619265247985	264.735628832819
EHI_112830A	223.305170402451	230.169955982579	92.5116503544372	115.612971234297	1845.3117094741	1856.73768722381	738.608001649394	955.383026739804	1801.05074694215	1851.4518797927	703.04542801607	949.518455413709
EHI_114010A	30.5284617167759	171.976533853499	0.0940159048317451	18.0510958804479	252.275967352971	1387.30231042006	0.750617887855075	149.167610122943	246.224969528921	1383.35290339714	0.714477060991941	148.251952146378
EHI_114920A	107.244380599881	3.77541217392239	184.553221184716	367.755262897696	886.228074968411	30.4555389872684	1473.46291385951	3038.99408877457	864.971336922717	30.3688373947897	1402.51847072718	3020.33937428376
EHI_116040A	0.526352788220273	0.260373253373958	2.63244533528886	3.43830397722817	4.34958564401674	2.10038199912196	21.0173008599421	28.4128781186559	4.24525809532622	2.09440257895101	20.0053577077743	28.2384670755006
EHI_117270A	43.5556932252276	56.240622728775	11.1878926749777	0.716313328589202	359.928212042385	453.682511810344	89.3235286547539	5.91934960805331	351.295107388244	452.390957053419	85.022770258041	5.88301397406263
EHI_117850A	355.156543851629	57.6726756223317	660.367715538178	1105.12820334742	2934.8829133003	465.234612805514	5272.34004429405	9132.37257530464	2864.48789982136	463.91017123765	5018.48687640739	9076.31395918383
EHI_118230A	3.42129312343178	5.98858482760104	14.1964016295935	26.6468558235183	28.2723066861088	48.3087859798051	113.343301066116	220.199805419583	27.5941776196204	48.1712593158733	107.886036209783	218.84811983513
EHI_118270A	1180.60930397807	461.381404978654	2363.27779975558	8330.00769816383	9756.12059952955	3721.87690244411	18868.281847013	68836.1165920519	9522.1139078167	3711.2813699012	17959.8098821544	68413.5695043744
EHI_118670A	4.86876329103753	4.68671856073125	12.9741948667808	26.073805160647	40.2336672071549	37.8068759841953	103.585268524	215.46432573314	39.2686373817675	37.6992464211183	98.5978344168878	214.14170865588
EHI_118750A	1909.4763274661	132.660172594032	1845.72024365682	3496.03883151246	15779.2093200817	1070.14462855264	14736.1303743708	28889.977697065	15400.7350553197	1067.09811397554	14026.6136613938	28712.6380018101
EHI_119540A	200.408824114869	87.355226506963	360.174931410416	610.585481289436	1656.10473395937	704.678160705418	2875.61712837279	5045.65360590464	1616.38201979546	702.672065238065	2737.16162066013	5014.68111149099
EHI_120650A	2.5001757440463	3.38485229386146	0.752127238653961	0	20.6605318090795	27.3049659885855	6.0049431028406	0	20.1649759527995	27.2272335263632	5.71581648793553	0
EHI_120950A	0.526352788220273	0.781119760121874	4.04268390776504	5.58724396299578	4.34958564401674	6.30114599736588	32.2765691777682	46.1709269428158	4.24525809532622	6.28320773685304	30.7225136226535	45.8875089976885
EHI_123020A	2.36858754699123	4.16597205398333	0	0	19.5731353980753	33.6061119859514	0	0	19.103661428968	33.5104412632162	0	0
EHI_125340A	0.394764591165205	0.260373253373958	1.41023857247618	1.57588932289624	3.26218923301256	2.10038199912196	11.2592683178261	13.0225691377173	3.18394357149466	2.09440257895101	10.7171559148791	12.9426307429378
EHI_126210A	8.15846821741424	4.55653193404427	18.9912127760125	27.2199064863897	67.4185774822595	36.7566849846343	151.624813346725	224.935285106026	65.8015004775564	36.6520451316427	144.324366320372	223.55453101438
EHI_126860A	5.13193968514766	2.73391916042656	11.2819085798094	13.1801652460413	42.4084600291632	22.0540109907806	90.074146542609	108.916032788181	41.3912664294306	21.9912270789856	85.7372473190329	108.247457122752
EHI_126870A	4708.22569063034	231.341635622762	6473.84119080914	8178.86558583151	38907.0435857297	1866.18940621986	51686.7971398126	67587.1338247527	37973.833662693	1860.87669139798	49198.1759428441	67172.2535558471
EHI_126980A	0.78952918233041	1.82261277361771	5.73497019473645	18.1943585461657	6.52437846602511	14.7026739938537	45.7876911591596	150.351480044554	6.36788714298932	14.6608180526571	43.5831007205084	149.428554941191
EHI_127400A	1.97382295582602	2.60373253373958	7.23922467204437	6.16029462586714	16.3109461650628	21.0038199912196	57.7975773648408	50.9064066292584	15.9197178574733	20.9440257895101	55.0147336963795	50.5939201769386
EHI_131470A	369.762833724742	164.555896132342	548.300756978738	578.637906834358	3055.58391492176	1327.44142344508	4377.6035219708	4781.65061338546	2982.29381196667	1323.66242989704	4166.830219705	4752.2986882478
EHI_131940A	662.678160369324	199.9666585912	877.07437617535	1125.32823921364	5476.12832581708	1613.09337532567	7002.51427579999	9299.29823425175	5344.77994201571	1608.50118063438	6665.35650199382	9242.2149532524
EHI_134600A	0.263176394110137	0.130186626686979	1.41023857247618	3.43830397722817	2.17479282200837	1.05019099956098	11.2592683178261	28.4128781186559	2.12262904766311	1.04720128947551	10.7171559148791	28.2384670755006
EHI_134810A	41.5818702694016	25.5165788306479	111.032783606291	132.231440457567	343.617265877323	205.837435913952	886.479725556843	1092.71193764664	335.375389530771	205.251452737199	843.797409031482	1086.00437961196
EHI_134840A	2.8949403352115	2.60373253373958	6.48709743339041	13.0369025803235	23.9227210420921	21.0038199912196	51.7926342620002	107.73216286657	23.3489195242942	20.9440257895101	49.2989172084439	107.07085432794
EHI_135060A	98.4279713971911	31.374977031562	170.826899079281	312.885661927764	813.372515431131	253.096030894196	1363.87270223267	2585.57190879768	793.863263826003	252.375510763597	1298.20481982236	2569.70050387056
EHI_135080A	3560.9082005072	1122.46909529513	4468.29390893835	6520.74349281323	29426.0342781843	9054.74679821477	35674.6163560881	53885.0233520309	28720.2323294057	9028.96951785782	33956.951277764	53554.252808687
EHI_137810A	0.394764591165205	0.390559880060937	1.41023857247618	1.28936399146056	3.26218923301256	3.15057299868294	11.2592683178261	10.654829294496	3.18394357149466	3.14160386842652	10.7171559148791	10.5894251533127
EHI_138470A	27.1071685933441	17.7053812294292	53.9651293734217	139.394573743459	224.003660666862	142.825975940293	430.854667628813	1151.90543372717	218.6307919093	142.419375368669	410.109833009374	1144.83451935259
EHI_140540A	649.519340663817	327.028806237691	1214.77950633098	1183.6361441608	5367.38868471666	2638.07979089718	9698.73372897542	9781.13329234728	5238.64848963255	2630.56963916247	9231.75810507687	9721.09229074109
EHI_140550A	364.762482236649	46.2162524738776	393.26852991119	525.630720518757	3014.2628513036	372.817804844148	3139.83462489778	4343.61874238952	2941.96386006107	371.756457763805	2988.65754612929	4316.95565416716
EHI_140770A	0.657940985275342	0.520746506747916	1.97433400146665	5.01419330012442	5.43698205502093	4.20076399824392	15.7629756449566	41.4354472563732	5.30657261915777	4.18880515790203	15.0040182808308	41.1810978184384
EHI_141800A	84.2164461152437	43.2219600600771	177.690060131998	244.406107714636	695.933703042679	348.663411854246	1418.66780804609	2019.68208626779	679.241295252195	347.670828105868	1350.36164527477	2007.28436795017
EHI_143440A	9.21117379385478	5.72821157422708	27.3586283060378	43.5518503782235	76.117748770293	46.2084039806831	218.429805365827	359.896456169641	74.2920166682088	46.0768567369223	207.912824748655	357.687249623008
EHI_144610A	61.9780408129372	46.3464391005646	155.502306591706	276.496944835432	512.163709582971	373.867995843709	1241.52198651229	2284.86894870858	499.879140724662	372.803659053281	1181.74505888067	2270.84339398818
EHI_146540A	3.81605771459698	4.68671856073125	0.940159048317451	0.859575994307043	31.5344959191214	37.8068759841953	7.50617887855075	7.10321952966397	30.7781211911151	37.6992464211183	7.14477060991941	7.05961676887516
EHI_148190A	82.3742113564728	52.0746506747916	159.356958689808	313.888500587788	680.71015328862	420.076399824392	1272.29731991435	2593.85899824896	664.382891918553	418.880515790203	1211.03861838134	2577.93672343425
EHI_148470A	45.5295161810536	22.0015399100995	53.0249703251042	130.225763137517	376.239158207448	177.482278925806	423.348488750262	1076.13775874409	367.214825245718	176.977017921361	402.965062399455	1069.53194048459
EHI_151890A	2.23699934993616	1.69242614693073	6.01701790923169	7.16313328589202	18.4857389870711	13.6524829942927	48.0395448227248	59.1934960805331	18.0423469051364	13.6136167631816	45.7265319034842	58.8301397406263
EHI_152800A	25.1333456375181	13.7997824288198	70.9820081479676	203.289722653616	207.692714501799	111.320245953464	566.716505330582	1679.91141876553	202.711074051827	111.003336684404	539.430181048915	1669.59936583898
EHI_153690A	137.904430513712	49.601104767739	187.655746044163	257.299747629241	1139.59143873239	400.122770832734	1498.23330415873	2126.23037921275	1112.25762097547	398.983691290168	1426.09621373991	2113.1786194833
EHI_155680A	9.73752658207506	8.7225039880276	51.7087476574598	89.2526407422146	80.4673344143097	70.3627969705857	412.839838320291	737.550961163442	78.537274763535	70.162486394859	392.962383545567	733.023541168204
EHI_155900A	0	0	7.7093041962031	21.9191878548296	0	0	61.5506668041161	181.132098006431	0	0	58.5871190013392	180.020227606317
EHI_156380A	0.263176394110137	0.260373253373958	2.35039762079363	3.58156664294601	2.17479282200837	2.10038199912196	18.7654471963769	29.5967480402665	2.12262904766311	2.09440257895101	17.8619265247985	29.4150698703132
EHI_156660A	433.58310929645	552.9026035396	1180.1816533529	1110.85870997613	3582.97117425879	4460.16117513548	9422.50634624475	9179.72737216907	3497.03135602497	4447.46387640248	8968.83054663183	9123.37807097633
EHI_157010A	136.720136740216	306.980065727897	73.9905171025834	66.7604022245136	1129.80487103335	2476.35037696479	590.736277741944	551.683383470568	1102.70579026098	2469.30064058325	562.293447000657	548.296902382637
EHI_157360A	3.28970492637671	3.1244790404875	9.21355867351102	15.3291052318089	27.1849102751046	25.2045839894635	73.5605530097973	126.674081612341	26.5328630957889	25.1328309474122	70.0187519772102	125.89649904494
EHI_158270A	787.555359374584	757.686167318218	381.140478187895	397.697160032725	6508.06751986005	6112.11161744491	3043.00491736447	3286.4229023912	6351.96742513185	6094.71150474745	2896.49000526133	3266.24935839957
EHI_158570A	314.758967355723	29.6825508846312	406.618788397298	1739.49528714602	2601.05221512201	239.443547899904	3246.4223649732	14374.5485881967	2538.66434100508	238.761894000416	3090.11328879014	14286.3111346137
EHI_159450A	1.44747016760575	2.60373253373958	0.282047714495235	0	11.961360521046	21.0038199912196	2.25185366356522	0	11.6744597621471	20.9440257895101	2.14343118297582	0
EHI_159910A	0.263176394110137	0	1.69228628697141	1.71915198861409	2.17479282200837	0	13.5111219813913	14.2064390593279	2.12262904766311	0	12.8605870978549	14.1192335377503
EHI_161170A	105.533734038165	164.035149625594	63.7427834759232	55.1561263013686	872.091921625357	1323.24065944684	508.918927965741	455.789919820105	851.174248112906	1319.47362473914	484.415447352536	452.992076002823
EHI_163670A	201.329941494255	155.442832264253	342.499941302047	634.367083798597	1663.7165088364	1253.92805347581	2734.50096545604	5242.17601289201	1623.81122146228	1250.35833963376	2602.83993319364	5209.99717542987
EHI_165810.mRNA	134.48313739028	226.524730435344	58.9479723295042	39.3972330724061	1111.31913204628	1827.33233923611	470.637415685132	325.564228442932	1084.66344335585	1822.13024368738	447.977117241947	323.565768573445
EHI_167270A	629.123170120282	219.755025847621	1064.73012221951	1646.94760509229	5198.84224101101	1772.72240725893	8500.74757995872	13609.7686188362	5074.14473843866	1767.67577663466	8091.45271573373	13526.2257291648
EHI_167310A	497.008620276993	119.771696552021	498.472327417913	1085.35795547836	4107.09624436281	966.175719596102	3979.77604140761	8968.99852612237	4008.58495651178	963.425186317466	3788.15737737927	8913.9427734997
EHI_169350A	15.6589954495531	32.5466566717448	117.331849230018	549.2690603622	129.400172909498	262.547749890245	936.771124043133	4538.95727945528	126.296428335955	261.800322368877	891.667372117942	4511.09511531123
EHI_170060A	45.2663397869435	12.758289415324	78.8793441538342	96.4157740281066	374.06436538544	102.918717956976	629.768407910408	796.744457243975	365.092196198055	102.6257263686	599.446254172238	791.85368090883
EHI_170160A	0.131588197055068	0.130186626686979	1.41023857247618	1.14610132574272	1.08739641100419	1.05019099956098	11.2592683178261	9.47095937288529	1.06131452383155	1.04720128947551	10.7171559148791	9.41282235850021
EHI_172280A	2.23699934993616	1.56223952024375	12.6921471522856	32.5206251179498	18.4857389870711	12.6022919947318	101.333414860435	268.73847220562	18.0423469051364	12.5664154737061	96.454403233912	267.088834422444
EHI_174910A	58.6883358865605	40.0974810195896	88.3749505418404	169.19320821277	484.978799307867	323.458827864782	705.58081458377	1398.15037742219	473.346277628873	322.537997158456	671.608437332425	1389.56790067359
EHI_175700A	1.57905836466082	1.30186626686979	0.470079524158726	0.429787997153521	13.0487569320502	10.5019099956098	3.75308943927537	3.55160976483198	12.7357742859786	10.4720128947551	3.5723853049597	3.52980838443758
EHI_176820A	56.1881601425142	64.0518203299937	105.767892935713	237.099711763026	464.318267498787	516.693971784002	844.445123836959	1959.30472026564	453.181301676074	515.223034421949	803.786693615933	1947.27762541473
EHI_177520A	110.402497329202	43.742706566825	198.091511480487	350.707005677273	912.325588832511	352.864175852489	1581.55188971064	2898.1135681029	890.442885494674	351.85963326377	1505.40316751002	2880.32364170107
EHI_178340A	39.6080473135756	47.6483053674343	176.373837464354	696.829606051576	327.30631971226	384.369905839319	1408.15915761612	5758.34329871426	319.455671673298	383.275671948036	1340.35896642088	5722.99599396813
EHI_178640A	2.5001757440463	1.82261277361771	0	0	20.6605318090795	14.7026739938537	0	0	20.1649759527995	14.6608180526571	0	0
EHI_179390A	6.84258624686355	4.29615868067031	28.2047714495235	47.1334170211695	56.5446133722176	34.6563029855124	225.185366356522	389.493204209908	55.1883552392408	34.5576425526917	214.343118297582	387.102319493321
EHI_179850A	0	0	1.0341749531492	2.86525331435681	0	0	8.25679676640582	23.6773984322132	0	0	7.85924767091135	23.5320558962505
EHI_180000A	1.71064656171589	1.04149301349583	5.07685886091424	7.59292128304554	14.1361533430544	8.40152799648784	40.533365944174	62.7451058453651	13.7970888098102	8.37761031580406	38.5817612935648	62.3599481250639
EHI_181610A	34.4761076284279	62.6197674364369	13.0682107716126	11.7475385888629	284.897859683097	505.141870788832	104.335886411855	97.0773335720742	278.064405243867	503.703820237719	99.3123114778798	96.4814291746272
EHI_182550A	10.6586439614605	4.9470918141052	20.6834990629839	37.3915557523564	88.079109291339	39.9072579833173	165.135935328116	308.990049540383	85.9664764303559	39.7936490000693	157.184953418227	307.093329446069
EHI_182850A	1862.10457652627	688.687255174119	2593.14668706919	2818.26316000136	15387.7466121202	5555.51038767759	20703.5425828187	23289.0890979249	15018.6618267403	5539.69482132543	19706.7062962797	23146.130179552
EHI_183200A	0	0	2.44441352562537	5.15745596584226	0	0	19.5160650842319	42.6193171779838	0	0	18.5764035857905	42.357700613251
EHI_186720A	1131.13214188537	186.557436042441	1636.81690312068	2055.24620238814	9347.25954899198	1504.92370237088	13068.2574275569	16983.7978954265	9123.05964685604	1500.6394478184	12439.0456318697	16879.5436943805
EHI_186950A	16.4485246318835	13.0186626686979	35.3499802167362	38.3943944123812	135.924551375523	105.019099956098	282.232325833508	317.277138991657	132.664315478944	104.720128947551	268.64337493297	315.329549009757
EHI_187780A	1.84223475877096	2.08298602699167	9.30757457834277	16.9049945547052	15.2235497540586	16.8030559929757	74.3111708976524	139.696650750058	14.8584033336418	16.7552206316081	70.7332290382022	138.839129787878
EHI_188170A	15.2642308583879	23.9543393104042	47.94811146419	77.6483648190695	126.137983676485	193.23514391922	382.815122806088	641.657497512978	123.11248476446	192.685037263493	364.38330110589	637.718714788389
EHI_188960A	218.173230717303	175.491572774048	704.461174904266	999.830144044808	1802.90324944494	1415.6574674082	5624.37983369808	8262.22818292081	1759.65948051272	1411.62733821298	5353.57661801261	8211.51090499662
EHI_193940A	1.71064656171589	0	10.1537177218285	22.3489758519831	14.1361533430544	0	81.0667318883481	184.683707771263	13.7970888098102	0	77.1635225871296	183.550035990754
EHI_194430A	1.84223475877096	1.30186626686979	8.64946324452055	16.7617318889873	15.2235497540586	10.5019099956098	69.0568456826669	138.512780828447	14.8584033336418	10.4720128947551	65.7318896112586	137.662526993066
EHI_194540A	2833.62023538384	2279.82820654238	4701.82941654041	6028.34971074101	23415.9943145641	18390.9447843119	37539.1511895201	49816.062431455	22854.3469561887	18338.5889812951	35731.712297268	49510.2690029163
EHI_195110A	4.07923410870712	299.819801260113	0	0	33.7092887411297	2418.58987198894	0	0	32.9007502387782	2411.70456966209	0	0
EHI_196370A	0.921117379385478	1.30186626686979	3.9486680029333	9.31207327165963	7.6117748770293	10.5019099956098	31.5259512899131	76.951544904693	7.42920166682088	10.4720128947551	30.0080365616615	76.4791816628142
EHI_198930A	103.428322885284	41.9200937932073	115.82759475271	194.980488041981	854.69357904929	338.161501858636	924.761237837452	1611.24696331211	834.193215731602	337.198815211113	880.235739142071	1601.35640373985
EHI_199650A	0.921117379385478	1.17167964018281	3.10252485944759	3.29504131151033	7.6117748770293	9.45171899604882	24.7703902992175	27.2290081970452	7.42920166682088	9.42481160527956	23.5777430127341	27.0618642806881
EHI_201200A	14.7378780701677	11.5866097751411	30.4611531654854	40.8298597295845	121.788398032469	93.4669989609273	243.200195665044	337.402927659038	118.867226669134	93.2009147633201	231.490567761389	335.33179652157
EHI_202460A	38.42375354008	20.8298602699167	71.8281512914533	158.018720286778	317.519752013222	168.030559929757	573.472066321277	1305.80852353656	309.903840958814	167.552206316081	545.860474597843	1297.79288267822
