logFC	logCPM	PValue	FDR	U2AF84_1	U2AF84_2	pEhEx_1	pEhEx_2	U2AF84_1.1	U2AF84_2.1	pEhEx_1.1	pEhEx_2.1	DE	Regulation
EHI_000130A	-1.95029798504781	4.60575732068694	0.000123295962568325	0.00989293367455002	59	68	236	368	9.11768026830199	10.6095534887493	22.3421551021147	54.1854734144517	99.01	UP_pEhEx_DOWN_U2AF84
EHI_001940A	-1.26707593341443	6.77573036420816	0.000647656179336346	0.0300588662056692	336	489	1316	1251	51.9244164432113	76.2951714117416	124.585915738911	184.20116098228	96.99	UP_pEhEx_DOWN_U2AF84
EHI_005020A	-1.18599978194199	7.11924741715371	0.00125344689543113	0.0446151699471501	478	612	1570	1609	73.8686638686161	95.4859813987441	148.632133518305	236.914203053948	95.54	UP_pEhEx_DOWN_U2AF84
EHI_010020A	-2.51179796760294	6.16809865860008	2.58282085289163e-05	0.00394421739277064	140	135	610	1264	21.6351735180047	21.0630841320759	57.7487907300422	186.115321727899	99.61	UP_pEhEx_DOWN_U2AF84
EHI_010030A	-2.15938654742087	5.79208244148916	2.1559769109109e-08	7.85107284327094e-06	124	135	704	770	19.1625822588042	21.0630841320759	66.647784711393	113.377213394369	100	UP_pEhEx_DOWN_U2AF84
EHI_015310A	-1.1852028765853	10.0309206072162	0.00119916653587454	0.0436681106217697	3206	5014	12746	11539	495.445473562308	782.298546949842	1206.66571581167	1699.03852643847	95.63	UP_pEhEx_DOWN_U2AF84
EHI_017750A	-1.49163531846478	6.22321161457452	7.98329933349754e-06	0.00157470579353239	236	266	950	880	36.4707210732079	41.5020768824607	89.9366413008855	129.573958164993	99.84	UP_pEhEx_DOWN_U2AF84
EHI_020080A	-1.19141874983356	6.34612507668666	7.56880317154976e-05	0.00731239065594215	299	336	1073	841	46.2065491563101	52.4236760620556	101.581069595632	123.831475928136	99.27	UP_pEhEx_DOWN_U2AF84
EHI_022010A	-1.14421833588283	8.57797625975999	0.00110035501550499	0.0416726451472049	1177	1883	5923	3332	181.88999450494	293.791017931103	560.731290973836	490.614123415634	95.83	UP_pEhEx_DOWN_U2AF84
EHI_027610A	-1.28286184977855	6.32056262213468	0.000864344804364831	0.0352872752501346	212	384	1143	797	32.7618341844071	59.9127726423493	108.207980007276	117.352778019886	96.47	UP_pEhEx_DOWN_U2AF84
EHI_028990A	-1.99901615296531	5.42952193347159	0.000110645751580376	0.00935351764252682	81	139	450	641	12.5174932497027	21.6871755137671	42.6015669319984	94.3828490724553	99.06	UP_pEhEx_DOWN_U2AF84
EHI_035510A	-1.36990748673934	3.57719700436938	4.40196260574482e-05	0.00544254017589598	38	45	168	119	5.87240424060128	7.0210280440253	15.9045849879461	17.5219329791298	99.46	UP_pEhEx_DOWN_U2AF84
EHI_035670A	-2.56412842008256	4.38292696870833	1.18870399447362e-08	4.68943725819842e-06	28	48	284	294	4.32703470360094	7.48909658029366	26.8863222415279	43.28948147785	100	UP_pEhEx_DOWN_U2AF84
EHI_048140A	-2.18943594115006	7.10099548258706	0.000676405717542621	0.0304962349223502	181	452	1320	2204	27.9711886197061	70.5223261310986	124.964596333862	324.523867949597	96.95	UP_pEhEx_DOWN_U2AF84
EHI_048300A	-1.89656020283776	2.80248245051281	0.000166298574623075	0.0117501112278454	15	21	78	93	2.3180543055005	3.27647975387848	7.38427160154639	13.6936114878913	98.82	UP_pEhEx_DOWN_U2AF84
EHI_051690A	-2.63609612735597	2.52243143058773	1.55285279670936e-05	0.0026254304070079	4	15	77	77	0.618147814800135	2.34034268134177	7.28960145280861	11.3377213394369	99.74	UP_pEhEx_DOWN_U2AF84
EHI_057550A	1.70806587556821	5.88752630200079	1.46714191647533e-05	0.00257238882688674	731	436	341	156	112.966513154725	68.0259606043341	32.282520719581	22.9699289474306	99.74	DOWN_pEhEx_UP_U2AF84
EHI_058090A	-1.27774540835006	8.14956913319478	0.000322262702363868	0.0188771596056708	1047	1086	3209	3393	161.800190523935	169.440810129144	303.796507299517	499.595954606616	98.11	UP_pEhEx_DOWN_U2AF84
EHI_062500A	-1.69983890915622	3.5589154240009	5.78138577305896e-06	0.00124404910225732	31	38	157	137	4.79064556470104	5.92886812606581	14.8632133518305	20.172309396141	99.88	UP_pEhEx_DOWN_U2AF84
EHI_077770A	-1.81587723552605	3.3754441802545	9.38414263249331e-05	0.008381987023061	36	21	126	132	5.56333033320121	3.27647975387848	11.9284387409595	19.436093724749	99.16	UP_pEhEx_DOWN_U2AF84
EHI_083100A	-2.76373706751982	2.81572085852953	4.12943411944756e-05	0.00544254017589598	7	15	70	115	1.08175867590024	2.34034268134177	6.62691041164419	16.9329604420162	99.46	UP_pEhEx_DOWN_U2AF84
EHI_092110A	-1.60058071590676	4.51800899386115	9.26299487036285e-05	0.008381987023061	80	64	260	295	12.3629562960027	9.98546210705821	24.6142386718213	43.4367246121284	99.16	UP_pEhEx_DOWN_U2AF84
EHI_092170A	-1.55436662319001	3.83851259580353	1.66802902425784e-06	0.000394822470041832	45	46	230	134	6.95416291650151	7.17705088944809	21.7741342096881	19.7305799933058	99.96	UP_pEhEx_DOWN_U2AF84
EHI_092930A	-1.44079859988613	5.86903707223288	0.000515963745819058	0.0270925602203436	136	266	814	630	21.0170257032046	41.5020768824607	77.0615010725482	92.7631745953929	97.29	UP_pEhEx_DOWN_U2AF84
EHI_095830A	-1.63202761553918	4.7643312065827	0.000373715556671664	0.0213152945214898	52	116	384	304	8.03592159240175	18.098650069043	36.3533371153053	44.761912820634	97.87	UP_pEhEx_DOWN_U2AF84
EHI_098470A	-15.1322671362909	8.21489707837665	7.35606385707169e-10	4.97480089991106e-07	0	0	486	7755	0	0	46.0096922865582	1141.870506329	100	UP_pEhEx_DOWN_U2AF84
EHI_098800A	-1.05222710488512	5.81937176630726	0.000709371645838708	0.0310941238092634	219	251	699	580	33.8435928603074	39.1617342011189	66.1744339677041	85.4010178814728	96.89	UP_pEhEx_DOWN_U2AF84
EHI_103310A	-1.49180147829512	8.04162336630224	0.0010993150235593	0.0416726451472049	585	1190	3240	3191	90.4041179145197	185.667186053114	306.731281910388	469.852841482379	95.83	UP_pEhEx_DOWN_U2AF84
EHI_103510A	-2.05761870613044	7.98876935235973	4.52957130836161e-05	0.00544254017589598	474	790	2698	3823	73.2505160538159	123.258047884	255.420061294515	562.910502346329	99.46	UP_pEhEx_DOWN_U2AF84
EHI_105140A	-1.38684059259891	9.90061314500213	0.000674091143914577	0.0304962349223502	2523	4277	11325	11496	389.896734185185	667.30970987325	1072.13943445529	1692.7070716645	96.95	UP_pEhEx_DOWN_U2AF84
EHI_110570A	-1.47901360816922	4.95884367044312	0.000210739736255107	0.0134816474517794	106	103	341	397	16.3809170922036	16.0703530785468	32.282520719581	58.4555243085254	98.65	UP_pEhEx_DOWN_U2AF84
EHI_111760A	-1.03939549957535	9.99217599231294	0.00132841626781678	0.0465831304581083	3491	5085	13331	10035	539.488505366817	793.376168974859	1262.04775282327	1477.58485248376	95.34	UP_pEhEx_DOWN_U2AF84
EHI_112800A	-1.35902538933493	4.32513132856273	0.000244750767539595	0.0152453964938479	59	83	250	225	9.11768026830199	12.9498961700911	23.6675371844435	33.1297052126403	98.48	UP_pEhEx_DOWN_U2AF84
EHI_118670A	-1.88481387028968	3.69461252133703	0.000163237679809684	0.0117085935790764	28	41	138	182	4.32703470360094	6.39693666233417	13.0644805258128	26.7982504386691	98.83	UP_pEhEx_DOWN_U2AF84
EHI_119540A	-1.64131749708466	8.35410258259403	4.73903993416058e-05	0.00544254017589598	839	1203	3831	4262	129.656504154328	187.69548304361	362.681339814413	627.550238294547	99.46	UP_pEhEx_DOWN_U2AF84
EHI_126210A	-1.40445263798743	4.04681612572986	0.000300631890016089	0.0182460431709765	47	67	202	190	7.26323682390158	10.4535306433266	19.1233700450304	27.9761955128963	98.18	UP_pEhEx_DOWN_U2AF84
EHI_134810A	-1.54145796130872	6.38472285676239	0.000109129746301573	0.00935351764252682	193	354	1181	923	29.8256320641065	55.2320872796657	111.805445659311	135.905412938965	99.06	UP_pEhEx_DOWN_U2AF84
EHI_134840A	-2.28280949458543	2.65569427340267	0.00013865369862496	0.0105554549689089	8	18	69	91	1.23629562960027	2.80841121761012	6.53224026290642	13.3991252193345	98.94	UP_pEhEx_DOWN_U2AF84
EHI_135060A	-1.79340138915151	7.31560845645926	0.000725594190095182	0.0315134210633999	282	633	1817	2184	43.5794209434095	98.7624611526226	172.015660256536	321.579005264029	96.85	UP_pEhEx_DOWN_U2AF84
EHI_136740A	-2.3996186412962	4.69700582757679	0.000451623403016628	0.0248602929055897	39	66	199	459	6.02694119430131	10.2975077979038	18.8393595988171	67.5845986337863	97.51	UP_pEhEx_DOWN_U2AF84
EHI_141800A	-1.54630278771928	7.17670568291078	4.7724423726035e-05	0.00544254017589598	369	578	1890	1706	57.0241359153124	90.1812046543695	178.926581114393	251.196787078953	99.46	UP_pEhEx_DOWN_U2AF84
EHI_144610A	-1.3633458890974	7.26014704681708	0.000694216018813875	0.0307141928323821	484	618	1654	1930	74.7958855908163	96.4221184712809	156.584426012278	284.179249157315	96.93	UP_pEhEx_DOWN_U2AF84
EHI_147570A	-1.29075982753531	8.03249000765417	0.000322993225192087	0.0188771596056708	856	1097	3071	3069	132.283632367229	171.157061428795	290.732026773704	451.889179100414	98.11	UP_pEhEx_DOWN_U2AF84
EHI_148190A	-1.61846711676592	7.32532081039747	0.000201682236424909	0.0133825189638468	440	572	1695	2191	67.9962596280148	89.2450675818328	160.465902110527	322.609707203978	98.66	UP_pEhEx_DOWN_U2AF84
EHI_152800A	-2.33406641717653	6.39694490803438	0.00123222886959307	0.0441922080958605	90	267	755	1419	13.908325833003	41.6580997278835	71.4759622970195	208.938007541052	95.58	UP_pEhEx_DOWN_U2AF84
EHI_155680A	-2.18592910495139	5.46517597565375	4.93568116674475e-08	1.66896533166926e-05	95	108	550	623	14.6810106015032	16.8504673056607	52.0685818057758	91.7324726554441	100	UP_pEhEx_DOWN_U2AF84
EHI_155900A	-9.83381165648028	2.97977017225621	8.59540341808365e-14	1.0172659945302e-10	0	0	82	153	0	0	7.76295219649748	22.5281995445954	100	UP_pEhEx_DOWN_U2AF84
EHI_156660A	-1.12151289242634	9.73240356178516	3.89560870845653e-05	0.00542406224289212	3568	3330	12553	7754	551.38785080172	519.556075257873	1188.39437710528	1141.72326319472	99.46	UP_pEhEx_DOWN_U2AF84
EHI_157010A	1.06519588473093	6.79258816196819	0.000196570693443249	0.0132937951822906	1009	921	787	466	155.927786283334	143.697040634385	74.5054070566283	68.6153005737351	98.67	DOWN_pEhEx_UP_U2AF84
EHI_161940A	-1.2372083753277	5.54824565616101	0.000234292164559321	0.0147885214269843	164	192	566	523	25.3440604068055	29.9563863211746	53.5833041855802	77.008159227604	98.52	UP_pEhEx_DOWN_U2AF84
EHI_163670A	-1.38971745990312	8.42877043139662	0.000422228176553107	0.0237955736643144	1184	1265	3643	4428	182.97175318084	197.368899459822	344.883351851711	651.992598584762	97.62	UP_pEhEx_DOWN_U2AF84
EHI_165810.mRNA	1.36724776578777	6.48639357389518	4.65360925222327e-05	0.00544254017589598	902	761	627	275	139.39233223743	118.733385366739	59.3581832585844	40.4918619265604	99.46	DOWN_pEhEx_UP_U2AF84
EHI_167270A	-1.38684059259891	9.90061314500213	0.000674091143914577	0.0304962349223502	2523	4277	11325	11496	389.896734185185	667.30970987325	1072.13943445529	1692.7070716645	96.95	UP_pEhEx_DOWN_U2AF84
EHI_170060A	-1.59415971823145	5.90128320481	4.82861612563648e-05	0.00544254017589598	137	243	839	673	21.1715626569046	37.9135514377366	79.4282547909925	99.0946293693642	99.46	UP_pEhEx_DOWN_U2AF84
EHI_172280A	-3.15888016465155	3.71573140330196	1.33076478514479e-07	3.93740030804715e-05	17	16	135	227	2.62712821290057	2.49636552676455	12.7804700795995	33.4241914811971	100	UP_pEhEx_DOWN_U2AF84
EHI_176820A	-1.49247015335056	6.89374429358319	0.00114839367103827	0.0423941945542364	413	388	1125	1655	63.8237618781139	60.5368640240404	106.503917329996	243.687387230754	95.76	UP_pEhEx_DOWN_U2AF84
EHI_177520A	-1.4595458792147	7.5786553896179	0.00114977111694997	0.0423941945542364	484	825	2107	2448	74.7958855908163	128.718847473797	199.47000339049	360.451192713527	95.76	UP_pEhEx_DOWN_U2AF84
EHI_179390A	-2.03751666990622	4.5977964790218	5.86278259085173e-05	0.00590519420959406	38	82	300	329	5.87240424060128	12.7938733246683	28.4010446213323	48.4429911775941	99.41	UP_pEhEx_DOWN_U2AF84
EHI_182550A	-1.72315223359231	4.29237948769204	0.000317871864151291	0.0188771596056708	42	73	220	261	6.49055205540141	11.3896677158633	20.8274327223103	38.4304580466628	98.11	UP_pEhEx_DOWN_U2AF84
EHI_187780A	-2.50333895382754	3.03256378732737	6.21797304982797e-07	0.00017315226128168	14	16	99	118	2.16351735180047	2.49636552676455	9.37234472503964	17.3746898448514	99.98	UP_pEhEx_DOWN_U2AF84
EHI_188170A	-1.28373506148495	5.50630257749435	0.000578616714595328	0.0280055032567651	154	184	510	542	23.7986908698052	28.7082035577924	48.2817758562648	79.8057787788936	97.2	UP_pEhEx_DOWN_U2AF84
EHI_188880A	-3.56894789930743	2.68584710751712	1.07672477426316e-07	3.39814338757453e-05	6	6	68	110	0.927221722200202	0.936137072536707	6.43757011416864	16.1967447706242	100	UP_pEhEx_DOWN_U2AF84
EHI_188960A	-1.50235227904408	9.19928750063517	5.38933717545799e-05	0.0056300150611563	1556	2388	7493	6979	240.459499957252	372.58255486961	709.363424492142	1027.60983412896	99.44	UP_pEhEx_DOWN_U2AF84
EHI_194430A	-2.15819181031186	3.04156435060389	5.44609368423399e-05	0.0056300150611563	14	23	92	117	2.16351735180047	3.58852544472404	8.70965368387522	17.227446710573	99.44	UP_pEhEx_DOWN_U2AF84
EHI_194730A	1.72068009486158	2.59928530702842	3.34480492556236e-06	0.000754014596076772	59	58	31	17	9.11768026830199	9.0493250345215	2.934774610871	2.50313328273282	99.92	DOWN_pEhEx_UP_U2AF84
EHI_195110A	11.7356483760532	4.8174293147877	1.6634468035123e-19	7.87475716782723e-16	559	169	0	0	86.3861571183188	26.3678608764506	0	0	100	DOWN_pEhEx_UP_U2AF84
EHI_201940A	-1.19331599258435	4.24804326277374	0.000203536410096529	0.0133825189638468	77	69	246	195	11.8993454349026	10.7655763341721	23.2888565894924	28.7124111842883	98.66	UP_pEhEx_DOWN_U2AF84
