logFC	logCPM	PValue	FDR	EhMyb10_1	EhMyb10_2	pEhEx_1	pEhEx_2	EhMyb10_1.1	EhMyb10_2.1	pEhEx_1.1	pEhEx_2.1	DE	Regulation
EHI_004430A	-9.05340158806055	2.10925117939802	6.14297245925241e-18	1.44144848756358e-14	0	0	79	61	0	0	7.42725648170787	8.73902260878827	100	UP_pEhEx_DOWN_EhMyb10
EHI_006770A	7.84357452142505	0.959810093564099	2.21489200972668e-07	7.42463442974809e-05	39	14	0	0	5.13193968514766	1.82261277361771	0	0	99.99	DOWN_pEhEx_UP_EhMyb10
EHI_010030A	-2.2896422232864	5.73805409675978	4.66937992634611e-05	0.00498031818053234	184	91	704	770	24.2122282581326	11.8469830285151	66.1871970015486	110.312252602737	99.5	UP_pEhEx_DOWN_EhMyb10
EHI_017750A	-1.94225387574639	6.08940350064306	1.66385687338394e-05	0.00253440239269298	198	230	950	880	26.0544630169035	29.9429241380052	89.3151095901579	126.0711458317	99.75	UP_pEhEx_DOWN_EhMyb10
EHI_018630A	7.57014724213905	0.720676004054541	1.59339693028082e-06	0.000356086275895614	11	33	0	0	1.44747016760575	4.29615868067031	0	0	99.96	DOWN_pEhEx_UP_EhMyb10
EHI_035060A	-10.2721329103091	3.27633778576467	6.54415151135379e-24	3.07117030427833e-20	0	0	228	112	0	0	21.4356263016379	16.0454185603981	100	UP_pEhEx_DOWN_EhMyb10
EHI_035670A	-2.43260832345093	4.36596082762074	1.24844409859068e-07	4.50688319591237e-05	51	46	284	294	6.71099804980848	5.98858482760104	26.7005169722156	42.1192237210451	100	UP_pEhEx_DOWN_EhMyb10
EHI_038300A	-2.28470680532041	2.89365994375344	8.13835721207177e-05	0.0073452197665559	27	10	138	75	3.55288132048684	1.30186626686979	12.9741948667808	10.744699928838	99.27	UP_pEhEx_DOWN_EhMyb10
EHI_040310A	-1.62806824523732	6.82960750723902	0.000233084701637143	0.0156266643540445	380	468	1757	1241	50.003514880926	60.9273412895062	165.185944789376	177.78896815584	98.44	UP_pEhEx_DOWN_EhMyb10
EHI_048140A	-2.81104278910345	6.9752495730674	1.05361777998285e-05	0.00170504422119294	288	190	1320	2204	37.8974007518597	24.735459070526	124.100994377904	315.75091524212	99.83	UP_pEhEx_DOWN_EhMyb10
EHI_049990A	-9.11439830192789	2.16592593005342	9.22435608842083e-18	1.4429967707653e-14	0	0	79	66	0	0	7.42725648170787	9.45533593737747	100	UP_pEhEx_DOWN_EhMyb10
EHI_057550A	1.62379164627488	5.80294120458961	0.000580668343926432	0.0320597239770205	508	777	341	156	66.8468041039747	101.155008935783	32.0594235476251	22.3489758519831	96.79	DOWN_pEhEx_UP_EhMyb10
EHI_058320A	-2.3496490312922	2.73873007614237	4.40252060960115e-05	0.00482427427651586	18	14	76	101	2.36858754699123	1.82261277361771	7.14520876721263	14.4695292375019	99.52	UP_pEhEx_DOWN_EhMyb10
EHI_083140A	-6.14284196236401	2.43438138000493	5.33782998748267e-06	0.000987166306758935	2	0	27	127	0.263176394110137	0	2.53842943045712	18.1943585461657	99.9	UP_pEhEx_DOWN_EhMyb10
EHI_089770A	-8.33664652611553	1.44919940514605	2.98866854616016e-14	3.5064553717824e-11	0	0	51	35	0	0	4.794811146419	5.01419330012442	100	UP_pEhEx_DOWN_EhMyb10
EHI_092930A	-2.24911698478059	5.66451615892017	4.67348402112163e-07	0.000134090042412882	112	156	814	630	14.7378780701677	20.3091137631687	76.5289465330405	90.2554794022395	99.99	UP_pEhEx_DOWN_EhMyb10
EHI_095830A	-2.31206143926226	4.59562816559153	0.000265679341554211	0.0175610302804776	94	28	384	304	12.3692905231764	3.64522554723541	36.1021074553901	43.5518503782235	98.24	UP_pEhEx_DOWN_EhMyb10
EHI_098470A	-15.215653970642	8.17628574263952	7.16115716220699e-10	5.60121842703957e-07	0	0	486	7755	0	0	45.6917297482281	1111.00197264185	100	UP_pEhEx_DOWN_EhMyb10
EHI_099860A	-2.88639686836276	3.30998927034111	4.76193654862222e-07	0.000134090042412882	17	18	117	162	2.23699934993616	2.34335928036562	10.9998608653142	23.2085518462902	99.99	UP_pEhEx_DOWN_EhMyb10
EHI_103400A	3.27511464368341	1.84304398685796	8.38008037602925e-06	0.00145658211869279	26	68	7	4	3.42129312343178	8.85269061471458	0.658111333822216	0.573050662871362	99.85	DOWN_pEhEx_UP_EhMyb10
EHI_112800A	-1.81095628474838	4.18110490513857	1.81062647685565e-05	0.00265539689246362	58	63	250	225	7.63211542919396	8.20175748127968	23.5039762079363	32.2340997865141	99.73	UP_pEhEx_DOWN_EhMyb10
EHI_118230A	-2.10946544042149	3.67687366978706	0.000107469074890427	0.00869573049070296	26	46	151	186	3.42129312343178	5.98858482760104	14.1964016295935	26.6468558235183	99.13	UP_pEhEx_DOWN_EhMyb10
EHI_118270A	-2.7031533609316	11.5905850226856	0.00105824452507735	0.0477713254902169	8972	3544	25137	58145	1180.60930397807	461.381404978654	2363.27779975558	8330.00769816383	95.22	UP_pEhEx_DOWN_EhMyb10
EHI_118670A	-2.02181528734346	3.62895282494807	9.183477918261e-05	0.00798112256859239	37	36	138	182	4.86876329103753	4.68671856073125	12.9741948667808	26.073805160647	99.2	UP_pEhEx_DOWN_EhMyb10
EHI_123020A	7.75523224534059	0.882354728385372	4.96110041731401e-09	2.91030553230683e-06	18	32	0	0	2.36858754699123	4.16597205398333	0	0	100	DOWN_pEhEx_UP_EhMyb10
EHI_126980A	-3.17259764871085	2.77209483390987	5.05461844721067e-05	0.00527140541616881	6	14	61	127	0.78952918233041	1.82261277361771	5.73497019473645	18.1943585461657	99.47	UP_pEhEx_DOWN_EhMyb10
EHI_134810A	-1.8575150784852	6.28260728514976	9.74148553020226e-05	0.00831214392604349	316	196	1181	923	41.5818702694016	25.5165788306479	111.032783606291	132.231440457567	99.17	UP_pEhEx_DOWN_EhMyb10
EHI_144610A	-1.99500641797984	7.08010315526852	0.000145690913864991	0.0112086468650558	471	356	1654	1930	61.9780408129372	46.3464391005646	155.502306591706	276.496944835432	98.88	UP_pEhEx_DOWN_EhMyb10
EHI_152800A	-2.81498589941594	6.29451826295375	3.67688312743144e-05	0.00422771295823208	191	106	755	1419	25.1333456375181	13.7997824288198	70.9820081479676	203.289722653616	99.58	UP_pEhEx_DOWN_EhMyb10
EHI_155680A	-2.92944668294752	5.32515373995682	3.99875226633609e-09	2.68087776941647e-06	74	67	550	623	9.73752658207506	8.7225039880276	51.7087476574598	89.2526407422146	100	UP_pEhEx_DOWN_EhMyb10
EHI_155900A	-9.92440443382428	2.92774795207594	1.76774352854758e-13	1.65920407589476e-10	0	0	82	153	0	0	7.7093041962031	21.9191878548296	100	UP_pEhEx_DOWN_EhMyb10
EHI_169350A	-3.78842212051353	7.48270200683628	2.15522501959306e-05	0.00288984886198578	119	250	1248	3834	15.6589954495531	32.5466566717448	117.331849230018	549.2690603622	99.71	UP_pEhEx_DOWN_EhMyb10
EHI_172280A	-3.55823836592775	3.63911534586936	5.30950343232442e-08	2.49174996078985e-05	17	12	135	227	2.23699934993616	1.56223952024375	12.6921471522856	32.5206251179498	100	UP_pEhEx_DOWN_EhMyb10
EHI_178340A	-3.322315372531	7.90860727346053	1.67412048100325e-05	0.00253440239269298	301	366	1876	4864	39.6080473135756	47.6483053674343	176.373837464354	696.829606051576	99.75	UP_pEhEx_DOWN_EhMyb10
EHI_178640A	7.16147946128495	0.372525928838353	1.13975820370264e-07	4.45740437498041e-05	19	14	0	0	2.5001757440463	1.82261277361771	0	0	100	DOWN_pEhEx_UP_EhMyb10
EHI_179390A	-2.75247435731108	4.44994404822573	7.76919684949662e-08	3.31462189224433e-05	52	33	300	329	6.84258624686355	4.29615868067031	28.2047714495235	47.1334170211695	100	UP_pEhEx_DOWN_EhMyb10
EHI_181610A	1.96547875735049	4.93987801759834	4.42028113978653e-05	0.00482427427651586	262	481	139	82	34.4761076284279	62.6197674364369	13.0682107716126	11.7475385888629	99.52	DOWN_pEhEx_UP_EhMyb10
EHI_183200A	-7.95302018358758	1.09266496069573	7.63784357893444e-09	3.98271110177103e-06	0	0	26	36	0	0	2.44441352562537	5.15745596584226	100	UP_pEhEx_DOWN_EhMyb10
EHI_188960A	-2.11398798909702	9.03544515340676	3.45692865041839e-05	0.00415983747600346	1658	1348	7493	6979	218.173230717303	175.491572774048	704.461174904266	999.830144044808	99.58	UP_pEhEx_DOWN_EhMyb10
EHI_194430A	-2.99583568858303	2.88101730846869	4.85729963992966e-07	0.000134090042412882	14	10	92	117	1.84223475877096	1.30186626686979	8.64946324452055	16.7617318889873	99.99	UP_pEhEx_DOWN_EhMyb10
