logFC	logCPM	PValue	FDR	CDC5_1	CDC5_2	pEhEx_1	pEhEx_2	CDC5_1	CDC5_2	pEhEx_1	pEhEx_2	DE	Regulation
EHI_195110A	12.8975685050093	5.98390561049094	1.00819075216562e-35	4.79293883579536e-32	958	545	0	0	176.005500866845	77.8620308186265	0	0	100	DOWN_pEhEx_UP_CDC5
EHI_094020A	-11.2938903355921	4.4263857904135	5.26681824541428e-27	1.25192269693497e-23	0	0	594	192	0	0	55.7783394836344	27.510317898485	100	UP_pEhEx_DOWN_CDC5
EHI_035060A	-10.1426533676705	3.31300635973914	1.01674333583298e-25	1.61119927285e-22	0	0	228	112	0	0	21.4098676805869	16.0476854407829	100	UP_pEhEx_DOWN_CDC5
EHI_000690A	-10.8134803548161	3.94577115106115	3.74882697577482e-20	4.45548086070838e-17	0	0	184	298	0	0	17.2781388299474	42.6983059049403	100	UP_pEhEx_DOWN_CDC5
EHI_114920A	-4.08012115781511	7.19607581701011	1.77044780901993e-18	1.68334177681615e-15	92	110	1963	2567	16.9024071813672	15.7152722753191	184.33144849558	367.807218986516	100	UP_pEhEx_DOWN_CDC5
EHI_083270A	-2.78953544948007	8.20314835375631	7.47827156890927e-17	5.07881471979924e-14	353	586	5365	3660	64.8538014676372	83.7195413939727	503.789210992758	524.415434939871	100	UP_pEhEx_DOWN_CDC5
EHI_083410A	-2.78953544948007	8.20314835375631	7.47827156890927e-17	5.07881471979924e-14	353	586	5365	3660	64.8538014676372	83.7195413939727	503.789210992758	524.415434939871	100	UP_pEhEx_DOWN_CDC5
EHI_048300A	-6.71766850966476	2.49049052285215	1.36745663054083e-14	8.12611102698886e-12	1	0	78	93	0.183721817188774	0	7.3244284170429	13.3253102320787	100	UP_pEhEx_DOWN_CDC5
EHI_193940A	-5.99703335086688	3.11108908183443	4.11164865093876e-14	2.17186418739587e-11	0	3	108	156	0	0.42859833478143	10.1415162697517	22.3521332925191	100	UP_pEhEx_DOWN_CDC5
EHI_155900A	-9.79337253374839	2.96031660598787	1.2502788887352e-13	5.94382583704716e-11	0	0	82	153	0	0	7.70004013073741	21.9222845753553	100	UP_pEhEx_DOWN_CDC5
EHI_049000A	-2.48800546615161	8.76631486121623	1.50320035138262e-13	6.49655860952087e-11	660	993	6747	5885	121.256399344591	141.866048812653	633.563058074211	843.21990016971	100	UP_pEhEx_DOWN_CDC5
EHI_089770A	-8.20627021556994	1.52666920731138	2.12091753389579e-13	8.40236829678381e-11	0	0	51	35	0	0	4.78904934960497	5.01490170024467	100	UP_pEhEx_DOWN_CDC5
EHI_103900A	2.53897811648714	4.59960714543276	4.27258623656474e-13	1.56245192066375e-10	233	279	79	47	42.8071834049843	39.859645134673	7.41833134546653	6.73429656889998	100	DOWN_pEhEx_UP_CDC5
EHI_188960A	-2.45221379921198	8.97768251497288	7.99281541726384e-13	2.71413174954802e-10	798	1152	7493	6979	146.610010116642	164.581760556069	703.614642678236	999.971399028786	100	UP_pEhEx_DOWN_CDC5
EHI_155680A	-2.98113270761418	5.32559379036891	1.23762270081549e-12	3.92243887978456e-10	47	64	550	623	8.63492540787237	9.14343114200385	51.6466106329948	89.265250264355	100	UP_pEhEx_DOWN_CDC5
EHI_035220A	-3.3920921360157	3.1207287252463	4.62537238713057e-12	1.37431377052617e-09	4	14	166	101	0.734887268755096	2.00012556231334	15.5878861183221	14.4715734778489	100	UP_pEhEx_DOWN_CDC5
EHI_098470A	-15.0861663227157	8.17721139620098	1.09538306828587e-11	3.06320653331236e-09	0	0	486	7755	0	0	45.6368232138827	1111.1589338685	100	UP_pEhEx_DOWN_CDC5
EHI_099860A	-4.12061139951923	3.23708009832358	1.57234730680406e-11	4.15274394252584e-09	5	7	117	162	0.918609085943869	1.00006278115667	10.9866426255643	23.2118307268467	100	UP_pEhEx_DOWN_CDC5
EHI_134810A	-2.16740606345043	6.22413943015136	4.89687733939579e-11	1.22525025639408e-08	149	187	1181	923	27.3745507611273	26.7159628680425	110.899358468303	132.250121980738	100	UP_pEhEx_DOWN_CDC5
EHI_090020A	-2.67477272268105	10.3318440640053	8.02017163546235e-11	1.9063947977494e-08	1723	2668	16174	20499	316.552691016257	381.166785732285	1518.78596432374	2937.15628438044	100	UP_pEhEx_DOWN_CDC5
EHI_117850A	-2.51189812418259	9.01948203542889	1.40070747983949e-10	3.17093493293188e-08	716	1244	7024	7714	131.544821107162	177.7254428227	659.574169247555	1105.28433473392	100	UP_pEhEx_DOWN_CDC5
EHI_126870A	-2.15005798878338	12.1314962669731	1.75857941679827e-10	3.80013024884499e-08	7469	13491	68859	57090	1372.21825258295	1927.40671151209	6466.06174832253	8180.02108762766	100	UP_pEhEx_DOWN_CDC5
EHI_095830A	-2.45097737708711	4.58289662046783	2.32065318250077e-10	4.41567944317301e-08	31	61	384	304	5.69537633285199	8.71483280722242	36.0587245146727	43.558003339268	100	UP_pEhEx_DOWN_CDC5
EHI_172280A	-4.03078357466615	3.62773646988204	2.19514431177768e-10	4.41567944317301e-08	7	10	135	227	1.28605272032142	1.4286611159381	12.6768953371896	32.5252195987297	100	UP_pEhEx_DOWN_CDC5
EHI_197480A	-2.31513387463219	10.6823624244109	2.32208637104176e-10	4.41567944317301e-08	2603	4348	22670	23333	478.227890142378	621.181853209886	2128.77938736362	3343.22003919454	100	UP_pEhEx_DOWN_CDC5
EHI_027610A	-2.04121607211158	6.11459982065758	2.60016623195926e-10	4.75430394874398e-08	153	180	1143	797	28.1094380298824	25.7159000868858	107.331047188206	114.196475859857	100	UP_pEhEx_DOWN_CDC5
EHI_170060A	-2.09373820189191	5.76805711251011	4.44692950093243e-10	7.82988994349362e-08	116	138	839	673	21.3117307938978	19.7155233999458	78.784556947423	96.4293955504189	100	UP_pEhEx_DOWN_CDC5
EHI_186720A	-2.06566111522486	10.1590986097718	4.90318661394648e-10	8.32491041525056e-08	2057	3524	17410	14346	377.915777957308	503.460177256587	1634.84998385534	2055.53656547743	100	UP_pEhEx_DOWN_CDC5
EHI_140640A	-8.26340819888991	1.55055138728207	5.59315897503471e-10	9.16892336803967e-08	0	0	32	51	0	0	3.00489370955606	7.30742819178508	100	UP_pEhEx_DOWN_CDC5
EHI_118220A	8.8952537379688	2.02787749299843	1.08725982338446e-09	1.72294440012324e-07	17	88	0	0	3.12327089220916	12.5722178202553	0	0	100	DOWN_pEhEx_UP_CDC5
EHI_022010A	-1.89995269399659	8.35807890831928	1.16258863381567e-09	1.72717073911241e-07	743	983	5923	3332	136.505310171259	140.437387696715	556.187045053142	477.418641863292	100	UP_pEhEx_DOWN_CDC5
EHI_083100A	-4.51626694923206	2.67277057995013	1.14355886919688e-09	1.72717073911241e-07	3	3	70	115	0.551165451566322	0.42859833478143	6.57320498965388	16.4775341579468	100	UP_pEhEx_DOWN_CDC5
EHI_073180A	-2.04436937465674	5.09627889511288	1.40188292675083e-09	2.01956104053741e-07	75	88	540	405	13.779136289158	12.5722178202553	50.7075813487585	58.0295768171168	100	UP_pEhEx_DOWN_CDC5
EHI_038300A	-2.66875033471912	2.87327990090019	3.07583653612162e-09	4.30074320374182e-07	11	12	138	75	2.02093998907651	1.71439333912572	12.9586041224605	10.7462179290957	100	UP_pEhEx_DOWN_CDC5
EHI_152800A	-3.88180569916365	6.20157196895317	5.5141617868443e-09	7.4898071813308e-07	72	38	755	1419	13.2279708375917	5.42891224056478	70.8967109598383	203.318443218491	100	UP_pEhEx_DOWN_CDC5
EHI_028990A	-2.78996244705272	5.27622389965774	6.12170589421611e-09	8.08405272808427e-07	58	61	450	641	10.6558653969489	8.71483280722242	42.2563177906321	91.844342567338	100	UP_pEhEx_DOWN_CDC5
EHI_025840A	7.23905684096696	0.474078301967379	9.31509442615395e-09	1.19686375410637e-06	14	17	0	0	2.57210544064283	2.42872389709477	0	0	100	DOWN_pEhEx_UP_CDC5
EHI_105140A	-1.97477819160531	9.732060454495	1.42237806004831e-08	1.73384238396658e-06	1784	2532	11325	11496	327.759721864773	361.736994555527	1063.45066439757	1647.18028417179	100	UP_pEhEx_DOWN_CDC5
EHI_167270A	-1.97477819160531	9.732060454495	1.42237806004831e-08	1.73384238396658e-06	1784	2532	11325	11496	327.759721864773	361.736994555527	1063.45066439757	1647.18028417179	100	UP_pEhEx_DOWN_CDC5
EHI_035670A	-2.58897011361411	4.3558564080387	1.52618433922513e-08	1.81387008716906e-06	40	29	284	294	7.34887268755096	4.14311723622049	26.66843167231	42.1251742820552	100	UP_pEhEx_DOWN_CDC5
EHI_151350A	-3.09873333233708	2.59321121132674	1.95699157944147e-08	2.26915560211336e-06	10	4	99	75	1.83721817188774	0.571464446375241	9.29638991393906	10.7462179290957	100	UP_pEhEx_DOWN_CDC5
EHI_135060A	-2.57413740743213	7.14569054238091	2.12076901378884e-08	2.40050854560765e-06	279	210	1817	2184	51.2583869956679	30.0018834347001	170.62162094573	312.929866095267	100	UP_pEhEx_DOWN_CDC5
EHI_017660A	-2.87193007541186	4.73219720818458	2.45299570964007e-08	2.71198641944858e-06	30	49	293	452	5.51165451566322	7.0004394680967	27.5135580281227	64.7638733860168	100	UP_pEhEx_DOWN_CDC5
EHI_118670A	-2.98035130657208	3.50599027948246	2.52480462685322e-08	2.72793663546822e-06	10	21	138	182	1.83721817188774	3.00018834347001	12.9586041224605	26.0774888412723	100	UP_pEhEx_DOWN_CDC5
EHI_177520A	-2.17843933859112	7.390834945032	3.13021211536347e-08	3.30689519920843e-06	328	426	2107	2448	60.2607560379178	60.8609635389631	197.853470188582	350.756553205684	100	UP_pEhEx_DOWN_CDC5
EHI_066770A	-1.84340628742575	6.54026182606132	3.26976433127656e-08	3.30733183635931e-06	194	315	1430	1086	35.6420325346221	45.0028251520502	134.281187645786	155.605235613306	100	UP_pEhEx_DOWN_CDC5
EHI_174180A	-1.84340628742575	6.54026182606132	3.26976433127656e-08	3.30733183635931e-06	194	315	1430	1086	35.6420325346221	45.0028251520502	134.281187645786	155.605235613306	100	UP_pEhEx_DOWN_CDC5
EHI_092170A	-2.08689035221332	3.70568986691593	3.46794715319101e-08	3.41174470901336e-06	24	36	230	134	4.40932361253057	5.14318001737716	21.5976735374342	19.199909366651	100	UP_pEhEx_DOWN_CDC5
EHI_092930A	-2.19031968546061	5.67869287123956	3.51652273331205e-08	3.41174470901336e-06	71	163	814	630	13.0442490204029	23.2871761897911	76.4369837368323	90.268230604404	100	UP_pEhEx_DOWN_CDC5
EHI_023000A	-2.33693072721473	3.48538441276605	3.91798633852606e-08	3.72522141067058e-06	20	24	157	149	3.67443634377548	3.42878667825144	14.7427597625094	21.3491529524701	100	UP_pEhEx_DOWN_CDC5
EHI_179390A	-2.49022974598049	4.49726991481407	4.81039087838747e-08	4.4840388697753e-06	46	35	300	329	8.4512035906836	5.00031390578335	28.1708785270881	47.1400759822999	100	UP_pEhEx_DOWN_CDC5
EHI_083140A	-9.27910644033381	2.45211171556126	5.9725875500497e-08	5.35729834206345e-06	0	0	27	127	0	0	2.53537906743793	18.1969290266021	100	UP_pEhEx_DOWN_CDC5
EHI_169350A	-4.1058265432246	7.4647230478686	5.95929676922732e-08	5.35729834206345e-06	133	100	1248	3834	24.4350016861069	14.286611159381	117.190854672686	549.346660535373	100	UP_pEhEx_DOWN_CDC5
EHI_105280A	-2.2405360305602	3.17034301611088	6.28346356205762e-08	5.53177514333739e-06	17	20	136	109	3.12327089220916	2.8573222318762	12.7707982656133	15.6178367236191	100	UP_pEhEx_DOWN_CDC5
EHI_116040A	-4.95338096646531	0.94874279126469	6.57784953839831e-08	5.68565394646283e-06	1	0	28	24	0.183721817188774	0	2.62928199586155	3.43878973731063	100	UP_pEhEx_DOWN_CDC5
EHI_103510A	-2.48422369241384	7.88527876239614	7.15400958449964e-08	6.07324313655559e-06	326	582	2698	3823	59.8933124035403	83.1480769475975	253.350100886945	547.770548572439	100	UP_pEhEx_DOWN_CDC5
EHI_118750A	-2.15046433619179	10.6760119863381	7.58017604332431e-08	6.32213279122172e-06	2920	4663	19632	24403	536.46770619122	666.184678361937	1843.50229081264	3496.5327483163	100	UP_pEhEx_DOWN_CDC5
EHI_057550A	2.05693535262917	6.13707542598829	8.14188814697153e-08	6.56115424628722e-06	738	640	341	156	135.586701085315	91.4343114200385	32.0208985924568	22.3521332925191	100	DOWN_pEhEx_UP_CDC5
EHI_143440A	-2.29288461756034	4.44203393721684	8.14278713779862e-08	6.56115424628722e-06	47	41	291	304	8.63492540787237	5.85751057534622	27.3257521712754	43.558003339268	100	UP_pEhEx_DOWN_CDC5
EHI_182550A	-2.39237778217214	4.14181093479627	9.94147680859879e-08	7.87696345801311e-06	32	36	220	261	5.87909815004076	5.14318001737716	20.6586442531979	37.3968383932531	100	UP_pEhEx_DOWN_CDC5
EHI_103310A	-2.47570117176587	7.81371824204463	1.02606604063695e-07	7.99658681506236e-06	237	652	3240	3191	43.5420706737394	93.1487047591642	304.245488092551	457.215752156592	100	UP_pEhEx_DOWN_CDC5
EHI_126210A	-2.22453088666019	3.84792322655144	1.10172762268872e-07	8.31367161628914e-06	22	40	202	190	4.04187997815303	5.71464446375241	18.9683915415726	27.2237520870425	100	UP_pEhEx_DOWN_CDC5
EHI_178340A	-3.55077384558201	7.89019023987842	1.09802655731285e-07	8.31367161628914e-06	243	209	1876	4864	44.6444015768721	29.8590173231063	176.161893722724	696.928053428287	100	UP_pEhEx_DOWN_CDC5
EHI_158570A	-3.56168091445553	9.18542567447594	1.13339384091499e-07	8.41899112454668e-06	439	707	4325	12142	80.6538777458717	101.006340896824	406.130165432186	1739.74104126774	100	UP_pEhEx_DOWN_CDC5
EHI_119540A	-2.07091343190221	8.23234854363183	1.16935494631874e-07	8.55248217661429e-06	716	696	3831	4262	131.544821107162	99.4348136692919	359.742118790915	610.671744184079	100	UP_pEhEx_DOWN_CDC5
EHI_109930A	4.38908025298518	1.14230088358945	1.19583221737453e-07	8.61361569908865e-06	27	22	0	3	4.96048906409689	3.14305445506382	0	0.429848717163828	100	DOWN_pEhEx_UP_CDC5
EHI_041880A	-7.13656143192666	0.621455388953907	1.3939620532137e-07	9.89088895668349e-06	0	0	25	16	0	0	2.34757321059067	2.29252649154042	100	UP_pEhEx_DOWN_CDC5
EHI_118270A	-3.04915153635263	11.5488983707911	1.99474304596687e-07	1.39456006478331e-05	3612	4396	25137	58145	663.603203685851	628.039426566389	2360.43791178471	8331.1845531636	100	UP_pEhEx_DOWN_CDC5
EHI_148400A	-3.43310814893015	1.24825394554162	2.386494666508e-07	1.64426023834478e-05	2	2	38	26	0.367443634377548	0.28573222318762	3.56831128009782	3.72535554875318	100	UP_pEhEx_DOWN_CDC5
EHI_017750A	-2.03860025077748	6.0734931912577	2.48951341454656e-07	1.66692208066963e-05	176	141	950	880	32.3350398252242	20.1441217347272	89.2077820024456	126.088957034723	100	UP_pEhEx_DOWN_CDC5
EHI_188880A	-4.3143944366766	2.62400031914612	2.47082670495885e-07	1.66692208066963e-05	0	7	68	110	0	1.00006278115667	6.38539913280663	15.7611196293404	100	UP_pEhEx_DOWN_CDC5
EHI_181610A	1.83258414407224	4.829424645972	2.89293736341562e-07	1.91014225356637e-05	279	262	139	82	51.2583869956679	37.4309212375783	13.0525070508841	11.7491982691446	100	DOWN_pEhEx_UP_CDC5
EHI_156380A	-4.92625307415985	0.909310029947641	2.96443862548223e-07	1.93053989390993e-05	0	1	25	25	0	0.14286611159381	2.34757321059067	3.5820726430319	100	UP_pEhEx_DOWN_CDC5
EHI_065340A	-2.06316812672831	5.43787930448908	3.53312016988346e-07	2.26979098481432e-05	62	151	696	511	11.390752665704	21.5727828506653	65.3564381828443	73.2175648235721	100	UP_pEhEx_DOWN_CDC5
EHI_048860A	-3.80344963781893	1.22563420689457	3.62967184324354e-07	2.30072799237064e-05	3	0	39	25	0.551165451566322	0	3.66221420852145	3.5820726430319	100	UP_pEhEx_DOWN_CDC5
EHI_048140A	-2.5709358439259	7.00892299948294	4.057819665022e-07	2.53827298519929e-05	227	226	1320	2204	41.7048525018517	32.2877412202011	123.951865519188	315.795524209693	100	UP_pEhEx_DOWN_CDC5
EHI_166800A	2.32788242206308	2.38526546470618	4.73367807936574e-07	2.92258514146815e-05	54	51	19	11	9.92097812819379	7.28617169128432	1.78415564004891	1.57611196293404	100	DOWN_pEhEx_UP_CDC5
EHI_194430A	-2.71980632030826	2.93869124511151	5.00191544058291e-07	3.04860333391425e-05	8	16	92	117	1.46977453751019	2.28585778550096	8.63906941497368	16.7640999693893	100	UP_pEhEx_DOWN_CDC5
EHI_015310A	-1.64672036507982	9.87726502897045	5.15394535904938e-07	3.10150078948364e-05	2271	3450	12746	11539	417.232246835705	492.888084998645	1196.88672568755	1653.34144911781	100	UP_pEhEx_DOWN_CDC5
EHI_187780A	-2.52554937712146	3.0085198109147	6.09435989369522e-07	3.62157336682838e-05	12	16	99	118	2.20466180626529	2.28585778550096	9.29638991393906	16.9073828751106	100	UP_pEhEx_DOWN_CDC5
EHI_050640A	2.82150678379715	1.59469373235039	6.4193150935115e-07	3.76758320426589e-05	28	35	4	8	5.14421088128567	5.00031390578335	0.375611713694508	1.14626324577021	100	DOWN_pEhEx_UP_CDC5
EHI_017030A	-2.2309884599245	3.4834711937491	7.38959083693057e-07	4.2805878414858e-05	20	27	142	156	3.67443634377548	3.85738501303287	13.334215836155	22.3521332925191	100	UP_pEhEx_DOWN_CDC5
EHI_020990A	-7.48666498220106	0.870848762362374	7.47347056885405e-07	4.2805878414858e-05	0	0	17	31	0	0	1.59634978320166	4.44177007735956	100	UP_pEhEx_DOWN_CDC5
EHI_050000A	-3.21227514971954	2.21870513844062	8.12067717056756e-07	4.59591657962835e-05	6	4	54	73	1.10233090313264	0.571464446375241	5.07075813487585	10.4596521176532	100	UP_pEhEx_DOWN_CDC5
EHI_030070A	-1.59848566918671	10.6334003181167	9.59448824329762e-07	5.36614083631022e-05	3730	6240	22124	18829	685.282378114127	891.484536345375	2077.50838844432	2697.87383182591	99.99	UP_pEhEx_DOWN_CDC5
EHI_111760A	-1.45996676562271	9.84114289856276	1.01311276108914e-06	5.60039310025323e-05	2672	3407	13331	10035	490.904695528404	486.744842200111	1251.81993881537	1437.84395891301	99.99	UP_pEhEx_DOWN_CDC5
EHI_000620A	-4.14603793779067	1.01380178069176	1.16241217958677e-06	6.35184770316723e-05	1	1	25	28	0.183721817188774	0.14286611159381	2.34757321059067	4.01192136019573	99.99	UP_pEhEx_DOWN_CDC5
EHI_126980A	-3.48268611832319	2.77394621034482	1.43671964570961e-06	7.76155135875395e-05	6	7	61	127	1.10233090313264	1.00006278115667	5.72807863384124	18.1969290266021	99.99	UP_pEhEx_DOWN_CDC5
EHI_010020A	-2.72778028862409	6.10689494908497	1.66308208853858e-06	8.88347443698023e-05	96	128	610	1264	17.6372944501223	18.2868622840077	57.2807863384124	181.109592831693	99.99	UP_pEhEx_DOWN_CDC5
EHI_077770A	-2.13968411128279	3.29177388321595	1.88175255716465e-06	9.91081242124922e-05	19	24	126	132	3.4907145265867	3.42878667825144	11.831768981377	18.9133435552085	99.99	UP_pEhEx_DOWN_CDC5
EHI_131470A	-1.4780234168377	8.58157135501284	1.89710544874564e-06	9.91081242124922e-05	1205	1281	5832	4039	221.384789712473	183.011488951671	547.641878566592	578.719656208234	99.99	UP_pEhEx_DOWN_CDC5
EHI_087570A	-1.84642347231929	8.79489846086597	2.05669623192164e-06	0.000106277542245168	978	1445	5229	6267	179.679937210621	206.441531253056	491.018412727145	897.953970155238	99.99	UP_pEhEx_DOWN_CDC5
EHI_036560A	-1.76198133466159	3.70841812612053	2.34668240203872e-06	0.000119958367089162	29	43	225	125	5.32793269847444	6.14324279853384	21.1281588953161	17.9103632151595	99.99	UP_pEhEx_DOWN_CDC5
EHI_087410A	-1.75858179831125	3.73776476087896	2.42332041452191e-06	0.000121268055269865	28	46	203	146	5.14421088128567	6.57184113331527	19.0622944699963	20.9193042353063	99.99	UP_pEhEx_DOWN_CDC5
EHI_151890A	-2.32164244443297	2.11668874360055	2.40319331515069e-06	0.000121268055269865	9	7	64	50	1.65349635469896	1.00006278115667	6.00978741911212	7.16414528606381	99.99	UP_pEhEx_DOWN_CDC5
EHI_098440A	1.48451232871795	7.1113886806356	2.45199045342328e-06	0.000121424610578899	1090	1448	726	540	200.256780735764	206.870129587837	68.1735260355531	77.3727690894891	99.99	DOWN_pEhEx_UP_CDC5
EHI_140550A	-1.62963619675839	8.24886327587178	2.57038742534506e-06	0.000125975482681345	687	1193	4183	3669	126.216888408688	170.439271131415	392.795949596031	525.704981091362	99.99	UP_pEhEx_DOWN_CDC5
EHI_186950A	-1.56963687015583	4.64546264797403	2.70465647234714e-06	0.000131203437444268	64	91	376	268	11.7581963000815	13.0008161550367	35.3075010872837	38.399818733302	99.99	UP_pEhEx_DOWN_CDC5
EHI_160910A	-3.2219822348721	1.93725401716559	2.80278742833374e-06	0.000134590418528269	5	3	44	59	0.918609085943869	0.42859833478143	4.13172885063958	8.45369143755529	99.99	UP_pEhEx_DOWN_CDC5
EHI_167620A	2.06156503704406	2.3197067366766	3.17170144514385e-06	0.000150782686702139	37	62	20	13	6.79770723598463	8.85769891881623	1.87805856847254	1.86267777437659	99.98	DOWN_pEhEx_UP_CDC5
EHI_115360A	-2.02921019838309	2.96816667781134	3.47441256552386e-06	0.000163538191450499	17	19	107	97	3.12327089220916	2.71445612028239	10.0476133413281	13.8984418549638	99.98	UP_pEhEx_DOWN_CDC5
EHI_141890A	-1.82693885358089	3.4363475595312	3.54779435253734e-06	0.000165355042666299	24	33	152	128	4.40932361253057	4.71458168259573	14.2732451203913	18.3402119323233	99.98	UP_pEhEx_DOWN_CDC5
EHI_148260A	2.18355698828516	1.64129883222536	3.6170317997176e-06	0.000166945331804442	27	34	13	6	4.96048906409689	4.85744779418954	1.22073806950715	0.859697434327657	99.98	DOWN_pEhEx_UP_CDC5
EHI_147570A	-1.61707047933155	7.91722973843449	3.8658855411862e-06	0.000175032570121897	650	825	3071	3069	119.419181172703	117.864542064893	288.375893188958	439.735237658597	99.98	UP_pEhEx_DOWN_CDC5
EHI_148190A	-2.08533204610828	7.19489160342998	3.8390611519303e-06	0.000175032570121897	369	306	1695	2191	67.7933505426576	43.7170301477059	159.165463678048	313.932846435316	99.98	UP_pEhEx_DOWN_CDC5
EHI_097930A	-2.21462368436022	3.03902632384362	4.32775817313776e-06	0.000194095871274499	17	17	103	113	3.12327089220916	2.42872389709477	9.67200162763357	16.1909683465042	99.98	UP_pEhEx_DOWN_CDC5
EHI_032780A	-2.82565225819391	2.58176421312563	4.60902267371617e-06	0.000202882349915247	8	9	63	97	1.46977453751019	1.28579500434429	5.9158844906885	13.8984418549638	99.98	UP_pEhEx_DOWN_CDC5
EHI_140540A	-1.35058210563924	9.70510915222153	4.56769059457837e-06	0.000202882349915247	2646	3177	12921	8262	486.127928281496	453.885636533535	1213.31973816168	1183.80336706918	99.98	UP_pEhEx_DOWN_CDC5
EHI_109880A	-2.67391628378514	1.63258672114887	5.00489964415793e-06	0.000216302662802971	4	5	39	41	0.734887268755096	0.714330557969051	3.66221420852145	5.87459913457232	99.98	UP_pEhEx_DOWN_CDC5
EHI_134490A	-1.5427671013867	5.87254081275459	4.96329482250562e-06	0.000216302662802971	157	214	789	693	28.8443252986375	30.5733478810754	74.0894105262416	99.2950536648444	99.98	UP_pEhEx_DOWN_CDC5
EHI_160210A	-2.06621612883121	2.64093567405595	5.10899232900969e-06	0.000218812157946955	11	17	86	76	2.02093998907651	2.42872389709477	8.07565184443191	10.889500834817	99.98	UP_pEhEx_DOWN_CDC5
EHI_023400A	2.20631086612168	8.30184487889549	5.250322631855e-06	0.00021998980511865	2623	3888	1723	438	481.902326486154	555.463441876734	161.794745673909	62.757912705919	99.98	DOWN_pEhEx_UP_CDC5
EHI_044820A	-2.09846576996475	4.23444701804386	5.27531295404418e-06	0.00021998980511865	27	62	238	262	4.96048906409689	8.85769891881623	22.3488969648232	37.5401212989744	99.98	UP_pEhEx_DOWN_CDC5
EHI_052720A	-2.55856092446029	1.80911840643281	5.21896048322273e-06	0.00021998980511865	6	5	46	45	1.10233090313264	0.714330557969051	4.31953470748684	6.44773075745743	99.98	UP_pEhEx_DOWN_CDC5
EHI_001940A	-1.7509008381068	6.62341179929328	6.55388648239539e-06	0.000268596347735411	298	247	1316	1251	54.7491015222546	35.2879295636711	123.576253805493	179.246915057316	99.97	UP_pEhEx_DOWN_CDC5
EHI_068610A	1.53724754969369	4.21267682857705	6.53202625663033e-06	0.000268596347735411	149	192	96	69	27.3745507611273	27.4302934260115	9.01468112866818	9.88652049476805	99.97	DOWN_pEhEx_UP_CDC5
EHI_035650A	-1.65946077976952	3.6798056370599	6.63093058573727e-06	0.000269431145338419	33	41	187	141	6.06281996722954	5.85751057534622	17.5598476152182	20.2028897066999	99.97	UP_pEhEx_DOWN_CDC5
EHI_037810A	-1.99152109381146	2.80506716893462	7.35745818934555e-06	0.00029178867536024	13	20	93	87	2.38838362345406	2.8573222318762	8.7329723433973	12.465612797751	99.97	UP_pEhEx_DOWN_CDC5
EHI_052110A	-1.99152109381146	2.80506716893462	7.35745818934555e-06	0.00029178867536024	13	20	93	87	2.38838362345406	2.8573222318762	8.7329723433973	12.465612797751	99.97	UP_pEhEx_DOWN_CDC5
EHI_092470A	-1.40147464133376	10.4477465894186	7.3653010187692e-06	0.00029178867536024	4043	5535	18512	16144	742.787306894213	790.763927671739	1738.33101097818	2313.15922996428	99.97	UP_pEhEx_DOWN_CDC5
EHI_058320A	-2.45286837066154	2.75079517315627	7.44018897896004e-06	0.00029231949095848	12	12	76	101	2.20466180626529	1.71439333912572	7.13662256019565	14.4715734778489	99.97	UP_pEhEx_DOWN_CDC5
EHI_050520A	-1.63236073895413	6.55957031916395	7.96097012880575e-06	0.000310216819609365	219	359	1211	1190	40.2350779643415	51.2889340621778	113.716446321012	170.506657808319	99.97	UP_pEhEx_DOWN_CDC5
EHI_170120A	-1.51438935023799	4.59436700657498	8.80783139833837e-06	0.000340426263965046	63	91	346	265	11.5744744828928	13.0008161550367	32.4904132345749	37.9699700161382	99.97	UP_pEhEx_DOWN_CDC5
EHI_159820A	-1.72956226910995	3.28135178333435	9.29855076295718e-06	0.000356494438121761	21	33	144	106	3.85815816096425	4.71458168259573	13.5220216930023	15.1879880064553	99.96	UP_pEhEx_DOWN_CDC5
EHI_144610A	-1.71880945659374	7.1406110248787	9.91108147153395e-06	0.000376938250525379	352	465	1654	1930	64.6700796504484	66.4327418911217	155.315443612679	276.536008042063	99.96	UP_pEhEx_DOWN_CDC5
EHI_007940A	-1.50465036430805	5.88661548773668	1.04220856457097e-05	0.000393226945711936	139	249	884	634	25.5373325892396	35.5736617868587	83.0101887264862	90.8413622272891	99.96	UP_pEhEx_DOWN_CDC5
EHI_056690A	-1.5604908163304	4.53434127154946	1.18404034077485e-05	0.000443222659845956	64	79	312	271	11.7581963000815	11.286422815911	29.2977136681716	38.8296674504658	99.96	UP_pEhEx_DOWN_CDC5
EHI_056460A	-1.54458667155242	4.76753482011938	1.41474312507373e-05	0.000525444438796917	63	110	387	305	11.5744744828928	15.7152722753191	36.3404332999436	43.7012862449892	99.95	UP_pEhEx_DOWN_CDC5
EHI_049690A	-1.30740810572686	8.21885961996874	1.47761720490726e-05	0.000544542030397606	927	1205	4559	2928	170.310124533993	172.153664470541	428.103450683315	419.532347951897	99.95	UP_pEhEx_DOWN_CDC5
EHI_112800A	-1.66953496834247	4.22368601254283	1.5811696697084e-05	0.000578221585368747	55	52	250	225	10.1046999453826	7.42903780287813	23.4757321059067	32.2386537872871	99.94	UP_pEhEx_DOWN_CDC5
EHI_000130A	-2.38460411964346	4.50183631158445	1.64868744215523e-05	0.000598309931298164	51	35	236	368	9.36981267662747	5.00031390578335	22.1610911079759	52.7281093054296	99.94	UP_pEhEx_DOWN_CDC5
EHI_202460A	-1.92642973217407	6.18755977152231	1.68757501508161e-05	0.000607782698613484	159	218	764	1103	29.211768933015	31.1448123274506	71.741837315651	158.041045010568	99.94	UP_pEhEx_DOWN_CDC5
EHI_013220A	-1.54085888645508	7.10124623920798	1.94597792877502e-05	0.000695577373939581	371	503	1690	1738	68.1607941770351	71.8616541316865	158.695949035929	249.025690143578	99.93	UP_pEhEx_DOWN_CDC5
EHI_000140A	-1.42462252570998	4.90689365024606	2.02702198525229e-05	0.000719138993872341	78	124	476	290	14.3303017407244	17.7153978376325	44.6977939296464	41.5520426591701	99.93	UP_pEhEx_DOWN_CDC5
EHI_015440A	-1.58569892428141	5.01081262497145	2.05546374492067e-05	0.00072382775135947	90	107	401	405	16.5349635469897	15.2866739405377	37.6550742978744	58.0295768171168	99.93	UP_pEhEx_DOWN_CDC5
EHI_069280A	-1.61438995371191	3.33743998711286	2.13068672763731e-05	0.00074480034582263	28	31	156	102	5.14421088128567	4.42884945940811	14.6488568340858	14.6148563835702	99.93	UP_pEhEx_DOWN_CDC5
EHI_073540A	2.47123220500326	2.32316978930891	2.19955269246627e-05	0.000763260839414939	28	79	20	7	5.14421088128567	11.286422815911	1.87805856847254	1.00298034004893	99.92	DOWN_pEhEx_UP_CDC5
EHI_171280A	-1.46209894907291	6.92318650956544	2.47396866365877e-05	0.00085226427732129	312	500	1594	1434	57.3212069628975	71.4330557969051	149.681267907261	205.46768680431	99.91	UP_pEhEx_DOWN_CDC5
EHI_113900A	-1.3977893888574	5.92700171391238	2.51619116767069e-05	0.000860573583532837	168	249	824	684	30.865265287714	35.5736617868587	77.3760130210686	98.0055075133529	99.91	UP_pEhEx_DOWN_CDC5
EHI_045280A	-1.88652606964282	2.47627597334273	2.69511027166967e-05	0.0009151824451084	14	13	78	63	2.57210544064283	1.85725945071953	7.3244284170429	9.0268230604404	99.91	UP_pEhEx_DOWN_CDC5
EHI_148470A	-2.06574926058659	5.83442854608932	2.80801384044615e-05	0.000946758709041204	103	173	564	909	18.9233471704437	24.7158373057292	52.9612516309256	130.24416130064	99.91	UP_pEhEx_DOWN_CDC5
EHI_046600A	-1.87830583087499	3.38422022459548	2.84505438432941e-05	0.000952492150922676	25	28	126	139	4.59304542971935	4.00025112462668	11.831768981377	19.9163238952574	99.9	UP_pEhEx_DOWN_CDC5
EHI_057850A	-1.30182222105577	6.29421184077112	3.09165738489861e-05	0.00102781393061594	236	327	1149	798	43.3583488565506	46.7172184911759	107.894464758747	114.339758765578	99.9	UP_pEhEx_DOWN_CDC5
EHI_047920A	-3.22640871823585	0.737572686909247	3.15899441527743e-05	0.0010429069062659	0	3	26	16	0	0.42859833478143	2.4414761390143	2.29252649154042	99.9	UP_pEhEx_DOWN_CDC5
EHI_179990A	-2.41585148307741	1.70722223722416	3.40137005702259e-05	0.00111518022421279	7	4	42	41	1.28605272032142	0.571464446375241	3.94392299379233	5.87459913457232	99.89	UP_pEhEx_DOWN_CDC5
EHI_020080A	-1.4139456304493	6.25677166701388	3.53651564484183e-05	0.00114653441625842	261	246	1073	841	47.95139428627	35.1450634520773	100.757842198552	120.500923711593	99.89	UP_pEhEx_DOWN_CDC5
EHI_110570A	-1.69220487353556	4.87945485086576	3.54523683613773e-05	0.00114653441625842	69	103	341	397	12.6768053860254	14.7152094941624	32.0208985924568	56.8833135713466	99.89	UP_pEhEx_DOWN_CDC5
EHI_092430A	-1.36927773362055	9.83936716524171	3.83932325604874e-05	0.0012332528891389	2451	4002	11807	10693	450.302173929685	571.750178598428	1108.71187589776	1532.12411087761	99.88	UP_pEhEx_DOWN_CDC5
EHI_013340A	-1.57857282202043	3.27759378231532	4.0599359799623e-05	0.00129536480864032	25	33	136	106	4.59304542971935	4.71458168259573	12.7707982656133	15.1879880064553	99.87	UP_pEhEx_DOWN_CDC5
EHI_035510A	-1.53266026625661	3.51488294629364	4.13927687292612e-05	0.00129680165814067	33	37	168	119	6.06281996722954	5.28604612897098	15.7756919751693	17.0506657808319	99.87	UP_pEhEx_DOWN_CDC5
EHI_086080A	-1.97440950939486	5.21574843158775	4.10643702504016e-05	0.00129680165814067	87	97	372	576	15.9837980954233	13.8580128245996	34.9318893735892	82.5309536954551	99.87	UP_pEhEx_DOWN_CDC5
EHI_170300A	-2.10875435114949	2.32316145016893	4.14627370713887e-05	0.00129680165814067	13	8	70	59	2.38838362345406	1.14292889275048	6.57320498965388	8.45369143755529	99.87	UP_pEhEx_DOWN_CDC5
EHI_005020A	-1.46880710531254	7.0109109926941	4.26747782573428e-05	0.00132598624729025	375	473	1570	1609	68.8956814457902	67.5756707838722	147.427597625094	230.542195305533	99.87	UP_pEhEx_DOWN_CDC5
EHI_180000A	-2.02841110086408	2.09815871349172	4.41260991501328e-05	0.00136217841142683	8	11	54	53	1.46977453751019	1.57152722753191	5.07075813487585	7.59399400322764	99.86	UP_pEhEx_DOWN_CDC5
EHI_010030A	-2.30412108082119	5.73999040197479	4.56005016897006e-05	0.0013896460579028	146	63	704	770	26.823385309561	9.00056503041004	66.1076616102334	110.327837405383	99.86	UP_pEhEx_DOWN_CDC5
EHI_138470A	-2.08455801085389	5.90802221517768	4.54858886969328e-05	0.0013896460579028	143	135	574	973	26.2722198579947	19.2869250651644	53.9002809151618	139.414267266802	99.86	UP_pEhEx_DOWN_CDC5
EHI_058090A	-1.50387208866417	8.05875690389986	4.7438445727799e-05	0.00142770437073372	841	862	3209	3393	154.510048255759	123.150588193864	301.334497311419	486.15889911229	99.86	UP_pEhEx_DOWN_CDC5
EHI_098800A	-1.35980467158348	5.70165147585743	4.74499980176541e-05	0.00142770437073372	170	187	699	580	31.2327089220916	26.7159628680425	65.6381469681152	83.1040853183402	99.86	UP_pEhEx_DOWN_CDC5
EHI_039020A	-4.7912724102084	5.82647842890582	4.8524581247878e-05	0.00145085446070699	5	48	248	1359	0.918609085943869	6.85757335650289	23.2879262490595	194.721468875214	99.85	UP_pEhEx_DOWN_CDC5
EHI_196580A	-1.63023467260021	3.1079314414027	5.04858564159437e-05	0.00150006100875873	21	29	118	97	3.85815816096425	4.14311723622049	11.080545553988	13.8984418549638	99.85	UP_pEhEx_DOWN_CDC5
EHI_005070A	-1.56102339139589	3.72310358034985	5.09789769100798e-05	0.00150530469708397	33	48	174	154	6.06281996722954	6.85757335650289	16.3391095457111	22.0655674810765	99.85	UP_pEhEx_DOWN_CDC5
EHI_198930A	-1.52218223780347	6.71497309878777	5.22914447830124e-05	0.00153452795369408	303	367	1232	1361	55.6677106081985	52.4318629549283	115.688407817908	195.008034686657	99.85	UP_pEhEx_DOWN_CDC5
EHI_155420A	-1.46184249800371	6.017325084233	5.32851882366514e-05	0.00155409683973645	181	247	787	804	33.2536489111681	35.2879295636711	73.9016046693944	115.199456199906	99.84	UP_pEhEx_DOWN_CDC5
EHI_167310A	-1.71287848497597	9.01378288900785	5.73488182835982e-05	0.00166241635439162	1298	1711	5302	7576	238.470918711029	244.443916937009	497.87332650207	1085.51129374439	99.83	UP_pEhEx_DOWN_CDC5
EHI_150530A	-1.9139127404451	1.70595941847645	6.33180066661746e-05	0.00182432608297572	6	9	50	31	1.10233090313264	1.28579500434429	4.69514642118135	4.44177007735956	99.82	UP_pEhEx_DOWN_CDC5
EHI_076020A	-1.33864338584442	5.9304166936094	6.58192873475826e-05	0.00188496922921932	191	235	789	696	35.0908670830558	33.5735362245454	74.0894105262416	99.7249023820082	99.81	UP_pEhEx_DOWN_CDC5
EHI_166030A	-1.30690345673614	4.96131110732923	6.89257739374413e-05	0.00196211454669818	93	128	435	327	17.086128998556	18.2868622840077	40.8477738642777	46.8535101708573	99.8	UP_pEhEx_DOWN_CDC5
EHI_148150A	-1.40239509006693	4.28404990667493	7.8413090457688e-05	0.00221890376211815	49	83	278	205	9.00236904224992	11.8578872622862	26.1050141017683	29.3729956728616	99.78	UP_pEhEx_DOWN_CDC5
EHI_158130A	1.70995433229707	2.14090504824284	8.35688290048209e-05	0.00235080599460899	32	50	21	14	5.87909815004076	7.14330557969051	1.97196149689616	2.00596068009787	99.76	DOWN_pEhEx_UP_CDC5
EHI_080100A	2.57694475977202	1.42789786247269	8.79405592927452e-05	0.00245923187575124	26	28	3	9	4.77676724690812	4.00025112462668	0.281708785270881	1.28954615149149	99.75	DOWN_pEhEx_UP_CDC5
EHI_031240A	-1.6841144506814	4.07220975880555	8.97455882674924e-05	0.0024950323194366	42	55	191	226	7.7163163219285	7.85763613765956	17.9354593289127	32.3819366930084	99.75	UP_pEhEx_DOWN_CDC5
EHI_035600A	-1.20338560633258	8.70825096937821	9.26480409201863e-05	0.00256074875892189	1435	1697	5632	4443	263.640807665891	242.443791374696	528.861292881867	636.60595011963	99.74	UP_pEhEx_DOWN_CDC5
EHI_001060A	-3.09717640988645	0.638359436677484	9.85649056472711e-05	0.0026897585662646	0	3	22	16	0	0.42859833478143	2.06586442531979	2.29252649154042	99.73	UP_pEhEx_DOWN_CDC5
EHI_041580A	1.75366446442564	3.14684087937058	9.90129888717511e-05	0.0026897585662646	80	86	30	37	14.6977453751019	12.2864855970677	2.81708785270881	5.30146751168722	99.73	DOWN_pEhEx_UP_CDC5
EHI_163670A	-1.5441917614752	8.35833676732944	9.90000156341089e-05	0.0026897585662646	1009	1046	3643	4428	185.375313543473	149.437952727125	342.088368247273	634.456706533811	99.73	UP_pEhEx_DOWN_CDC5
EHI_141800A	-1.4620534297254	7.17136280166436	9.97351241466605e-05	0.00269398170564332	505	423	1890	1706	92.7795176803308	60.4323652041817	177.476534720655	244.440637160497	99.73	UP_pEhEx_DOWN_CDC5
EHI_051690A	-3.1979471014982	2.44559060484039	0.000107154669387513	0.00287804123315388	0	13	77	77	0	1.85725945071953	7.23052548861927	11.0327837405383	99.71	UP_pEhEx_DOWN_CDC5
EHI_141810A	-1.30718962360906	5.34327522148051	0.000114142913146311	0.00304851353425597	137	148	537	448	25.169888954862	21.1441845158839	50.4258725634877	64.1907417631317	99.7	UP_pEhEx_DOWN_CDC5
EHI_025360A	-1.23311721247011	5.24680044104067	0.000115330118675002	0.0030630133194467	126	152	545	379	23.1489489657855	21.7156489622591	51.1770959908767	54.3042212683637	99.69	UP_pEhEx_DOWN_CDC5
EHI_069950A	-1.9757526866742	2.39472169146225	0.000130246171057703	0.00342130446542305	14	10	66	66	2.57210544064283	1.4286611159381	6.19759327595938	9.45667177760423	99.66	UP_pEhEx_DOWN_CDC5
EHI_125600A	-2.30611485645824	1.6354939587221	0.000130260014354559	0.00342130446542305	8	3	45	34	1.46977453751019	0.42859833478143	4.22563177906321	4.87161879452339	99.66	UP_pEhEx_DOWN_CDC5
EHI_104360A	-1.54889477118691	6.51066884416558	0.00013235474799694	0.0034572223735025	275	294	1006	1231	50.5234997269128	42.0026368085802	94.4663459941687	176.381256942891	99.65	UP_pEhEx_DOWN_CDC5
EHI_007510A	1.29754215827861	12.2750293820845	0.000133510804302412	0.00346178793605796	41255	45584	37214	15620	7579.44356812287	6512.40883089224	3494.50357835685	2238.07898736633	99.65	DOWN_pEhEx_UP_CDC5
EHI_056380A	-1.40433968210819	5.69899009127119	0.000133985902447342	0.00346178793605796	141	214	624	637	25.9047762236171	30.5733478810754	58.5954273363432	91.2712109444529	99.65	UP_pEhEx_DOWN_CDC5
EHI_126860A	-1.4851966962485	3.1140953175751	0.000152685869856917	0.00392361419080963	24	30	120	92	4.40932361253057	4.2859833478143	11.2683514108352	13.1820273263574	99.61	UP_pEhEx_DOWN_CDC5
EHI_025230A	-1.3310829761293	6.48006857806817	0.000154656769706892	0.00393175552506185	260	373	1089	1063	47.7676724690812	53.2890596244912	102.26028905333	152.309728781717	99.61	UP_pEhEx_DOWN_CDC5
EHI_160740A	-1.3310829761293	6.48006857806817	0.000154656769706892	0.00393175552506185	260	373	1089	1063	47.7676724690812	53.2890596244912	102.26028905333	152.309728781717	99.61	UP_pEhEx_DOWN_CDC5
EHI_174910A	-1.56728947917246	6.43328041589861	0.000156099777007011	0.00394733159516666	262	271	940	1181	48.1351161034588	38.7167162419225	88.2687527182093	169.217111656827	99.61	UP_pEhEx_DOWN_CDC5
EHI_007620A	1.31088910045638	10.2203630716606	0.000160249953949713	0.00401093211854831	10224	10657	8869	3753	1878.37185893802	1522.52415125523	832.825072189147	537.740745171949	99.6	DOWN_pEhEx_UP_CDC5
EHI_044550A	1.11000718769379	13.5561346797261	0.000160302293337017	0.00401093211854831	98905	103273	80340	53808	18171.0063290557	14754.2119426276	7544.16126955419	7709.76659105043	99.6	DOWN_pEhEx_UP_CDC5
EHI_062500A	-1.5739796778353	3.56651048216358	0.000191067230429662	0.00475567336891421	39	31	157	137	7.16515087036218	4.42884945940811	14.7427597625094	19.6297580838148	99.52	UP_pEhEx_DOWN_CDC5
EHI_103370A	-2.60856833727149	2.89561969702571	0.000207357870468432	0.00513426727191107	2	24	134	80	0.367443634377548	3.42878667825144	12.582992408766	11.4626324577021	99.49	UP_pEhEx_DOWN_CDC5
EHI_006170A	-1.64603360474605	4.57832911500759	0.000217743838702575	0.00532311155311586	60	82	250	335	11.0233090313264	11.7150211506924	23.4757321059067	47.9997734166275	99.47	UP_pEhEx_DOWN_CDC5
EHI_007930A	-1.39507198572515	4.00433948958995	0.000217289933711646	0.00532311155311586	48	59	201	186	8.81864722506115	8.4291005840348	18.874488613149	26.6506204641574	99.47	UP_pEhEx_DOWN_CDC5
EHI_134840A	-1.96149108040429	2.68877407116255	0.000218343868922506	0.00532311155311586	12	19	69	91	2.20466180626529	2.71445612028239	6.47930206123026	13.0387444206361	99.47	UP_pEhEx_DOWN_CDC5
EHI_005010A	-1.46843860653296	3.99320086600389	0.000224998684732132	0.00545736605722732	38	66	198	190	6.98142905317341	9.42916336519147	18.5927798278781	27.2237520870425	99.45	UP_pEhEx_DOWN_CDC5
EHI_079930A	1.61971653945288	2.01376378233238	0.000231665355470954	0.00559054365435999	33	40	23	11	6.06281996722954	5.71464446375241	2.15976735374342	1.57611196293404	99.44	DOWN_pEhEx_UP_CDC5
EHI_024240A	-1.87100993193928	5.29428065586573	0.000239053659476991	0.00573970251087684	54	163	468	546	9.92097812819379	23.2871761897911	43.9465705022574	78.2324665238168	99.43	UP_pEhEx_DOWN_CDC5
EHI_141940A	-1.20244222169152	10.7557191325581	0.000242676201631318	0.00579740031434817	4985	8249	21731	19399	915.853258686038	1178.50255453734	2040.60453757384	2779.54508808704	99.42	UP_pEhEx_DOWN_CDC5
EHI_030390A	-1.9533579959068	3.81548423086049	0.00024648394231532	0.00585892330883515	21	51	147	209	3.85815816096425	7.28617169128432	13.8037304782732	29.9461272957467	99.41	UP_pEhEx_DOWN_CDC5
EHI_015320A	1.09326797430721	10.4841044691051	0.000252554617446291	0.00597335647432671	11518	12490	9253	6695	2116.1078903803	1784.39773380669	868.88379670382	959.279053803944	99.4	DOWN_pEhEx_UP_CDC5
EHI_165810.mRNA	1.26218139465193	6.38836735139322	0.000262248586883303	0.00617192961407537	648	820	627	275	119.051737538325	117.150211506924	58.8771361216141	39.4027990733509	99.38	DOWN_pEhEx_UP_CDC5
EHI_096360A	-1.46204871565394	5.1358398385462	0.000267947616116846	0.00627498998531767	106	123	390	458	19.47451262201	17.5725317260386	36.6221420852145	65.6235708203445	99.37	UP_pEhEx_DOWN_CDC5
EHI_153260A	-1.78779034099249	2.88616457427593	0.000270263112367504	0.00629819037350545	23	15	95	90	4.2256017953418	2.14299167390715	8.92077820024456	12.8954615149149	99.37	UP_pEhEx_DOWN_CDC5
EHI_074380A	-3.38050455612875	2.13679572452707	0.000275981496301434	0.00640007821179034	8	0	49	71	1.46977453751019	0	4.60124349275772	10.1730863062106	99.36	UP_pEhEx_DOWN_CDC5
EHI_044830A	1.05136433198785	12.432804790887	0.000282140062025127	0.00651113521780318	42177	50178	36062	26602	7748.83508357092	7168.7357475542	3386.32740481283	3811.61185799739	99.35	DOWN_pEhEx_UP_CDC5
EHI_086200A	-1.75414672373172	3.68085219194431	0.000289730426157929	0.00663699561357375	20	53	157	166	3.67443634377548	7.57190391447194	14.7427597625094	23.7849623497318	99.34	UP_pEhEx_DOWN_CDC5
EHI_157010A	1.14238202485043	6.82000857313819	0.000291782095758712	0.00663699561357375	906	1010	787	466	166.451966373029	144.294772709748	73.9016046693944	66.7698340661147	99.34	DOWN_pEhEx_UP_CDC5
EHI_161170A	1.21767353493054	6.62918753180239	0.000290782147155131	0.00663699561357375	866	823	678	385	159.103093685478	117.578809841706	63.666185471219	55.1639187026913	99.34	DOWN_pEhEx_UP_CDC5
EHI_083400A	1.14410217449872	6.08814734466005	0.000299596545480555	0.00678229512959314	496	671	488	270	91.1260213256319	95.8631608794466	45.8246290707299	38.6863845447446	99.32	DOWN_pEhEx_UP_CDC5
EHI_040310A	-1.16238990120588	6.95856254536828	0.000305710143641595	0.00688789584299595	463	477	1757	1241	85.0632013584023	68.1471352302474	164.987445240312	177.814086000104	99.31	UP_pEhEx_DOWN_CDC5
EHI_040400A	-1.30037578628467	5.22528978727101	0.000319070782265443	0.00710914403902824	116	150	446	444	21.3117307938978	21.4299167390715	41.8807060769376	63.6176101402466	99.29	UP_pEhEx_DOWN_CDC5
EHI_187800A	-1.85442832816294	1.98324373358827	0.000318075396504964	0.00710914403902824	10	9	49	47	1.83721817188774	1.28579500434429	4.60124349275772	6.73429656889998	99.29	UP_pEhEx_DOWN_CDC5
EHI_194075A	-1.19192959204678	4.75815014765601	0.000320016159939428	0.00710914403902824	80	124	397	258	14.6977453751019	17.7153978376325	37.2794625841799	36.9669896760892	99.29	UP_pEhEx_DOWN_CDC5
EHI_169310A	1.32540752820795	3.82842764246087	0.000325782121254573	0.00720357304392669	116	133	98	47	21.3117307938978	19.0011928419767	9.20248698551544	6.73429656889998	99.28	DOWN_pEhEx_UP_CDC5
EHI_188170A	-1.44063784042609	5.43605175828863	0.000327622353541118	0.00721072531821517	150	131	510	542	27.5582725783161	18.7154606187891	47.8904934960497	77.6593349009317	99.28	UP_pEhEx_DOWN_CDC5
EHI_162230A	-2.3551702610209	2.49091904032556	0.000330650754517864	0.00724384187547431	5	17	55	88	0.918609085943869	2.42872389709477	5.16466106329948	12.6088957034723	99.28	UP_pEhEx_DOWN_CDC5
EHI_169280A	-1.15777338809744	6.51309965654381	0.000340831270000597	0.00743262319992128	315	383	1184	978	57.8723724144638	54.7177207404293	111.181067253574	140.130681795408	99.26	UP_pEhEx_DOWN_CDC5
EHI_050740A	-1.12495104998534	5.60510472228802	0.000348490823947891	0.00749649491877046	168	209	734	443	30.865265287714	29.8590173231063	68.9247494629421	63.4743272345253	99.25	UP_pEhEx_DOWN_CDC5
EHI_182950A	-2.12814264623304	2.02667444839309	0.000346396201858423	0.00749649491877046	8	9	42	58	1.46977453751019	1.28579500434429	3.94392299379233	8.31040853183402	99.25	UP_pEhEx_DOWN_CDC5
EHI_192420A	2.56244410508211	0.621413129998125	0.000348293967771141	0.00749649491877046	16	13	6	1	2.93954907502038	1.85725945071953	0.563417570541761	0.143282905721276	99.25	DOWN_pEhEx_UP_CDC5
EHI_014250A	1.58748599961759	5.12478532457542	0.000397962994486356	0.0085122400584423	315	326	117	167	57.8723724144638	46.5743523795821	10.9866426255643	23.9282452554531	99.15	DOWN_pEhEx_UP_CDC5
EHI_067520A	-1.22293379720854	8.2463173384275	0.000399291025038416	0.0085122400584423	924	1358	3611	3562	169.758959082427	194.012179544394	339.083474537717	510.373710179186	99.15	UP_pEhEx_DOWN_CDC5
EHI_030150A	2.10799428972645	1.03421813359527	0.00040671060297738	0.00863170627926101	16	22	5	7	2.93954907502038	3.14305445506382	0.469514642118135	1.00298034004893	99.14	DOWN_pEhEx_UP_CDC5
EHI_131150A	-1.35203663608884	3.33781371114765	0.000411217347318587	0.00868856564067806	30	38	134	108	5.51165451566322	5.42891224056478	12.582992408766	15.4745538178978	99.13	UP_pEhEx_DOWN_CDC5
EHI_103400A	2.08348960176114	0.869047964407949	0.000429483834059888	0.009034363482835	18	15	7	4	3.30699270939793	2.14299167390715	0.657320498965388	0.573131622885105	99.1	DOWN_pEhEx_UP_CDC5
EHI_196370A	-2.1648922637757	2.12292420524465	0.00044406696127742	0.00929997503926367	8	10	42	65	1.46977453751019	1.4286611159381	3.94392299379233	9.31338887188295	99.07	UP_pEhEx_DOWN_CDC5
EHI_006960A	-2.23668221623956	0.994818910782229	0.000456828155158513	0.00952526776150688	3	4	25	22	0.551165451566322	0.571464446375241	2.34757321059067	3.15222392586808	99.05	UP_pEhEx_DOWN_CDC5
EHI_174670A	-1.33173780953128	5.38315916745359	0.000461892022389642	0.00958879770497972	149	138	502	498	27.3745507611273	19.7155233999458	47.1392700686607	71.3548870491955	99.04	UP_pEhEx_DOWN_CDC5
EHI_190440A	-1.3260118324854	3.9327366773024	0.000482992877726546	0.00998325278570434	44	62	188	175	8.08375995630605	8.85769891881623	17.6537505436419	25.0745085012233	99	UP_pEhEx_DOWN_CDC5
EHI_012570A	-1.32617920862796	3.99593177979493	0.000497765087554192	0.0102216645816733	50	60	195	184	9.18609085943869	8.57196669562861	18.3110710426072	26.3640546527148	98.98	UP_pEhEx_DOWN_CDC5
EHI_068560A	-1.36783183439361	2.94511839646969	0.000498827552155702	0.0102216645816733	21	30	115	72	3.85815816096425	4.2859833478143	10.7988367687171	10.3163692119319	98.98	UP_pEhEx_DOWN_CDC5
EHI_048990A	1.04966921936798	13.2013409490486	0.000507753224480599	0.0102931398602116	77714	77874	61717	45200	14277.7573010084	11125.5555742564	5795.40703352098	6476.38733860168	98.97	DOWN_pEhEx_UP_CDC5
EHI_087610A	1.58624212919607	2.15942358060332	0.000510976232017234	0.0102931398602116	40	40	28	11	7.34887268755096	5.71464446375241	2.62928199586155	1.57611196293404	98.97	DOWN_pEhEx_UP_CDC5
EHI_105120A	-1.57408991089074	2.18792204720762	0.000510830534919863	0.0102931398602116	12	14	61	48	2.20466180626529	2.00012556231334	5.72807863384124	6.87757947462126	98.97	UP_pEhEx_DOWN_CDC5
EHI_159330A	1.58624212919607	2.15942358060332	0.000510976232017234	0.0102931398602116	40	40	28	11	7.34887268755096	5.71464446375241	2.62928199586155	1.57611196293404	98.97	DOWN_pEhEx_UP_CDC5
EHI_087650A	2.71984881756906	0.741371727436733	0.000518356304084232	0.010389935600462	21	11	5	2	3.85815816096425	1.57152722753191	0.469514642118135	0.286565811442552	98.96	DOWN_pEhEx_UP_CDC5
EHI_130480A	1.85282447219094	1.21261513853697	0.000520152434352117	0.010389935600462	17	25	8	8	3.12327089220916	3.57165278984525	0.751223427389015	1.14626324577021	98.96	DOWN_pEhEx_UP_CDC5
EHI_063340A	-1.54081105816283	2.1699892277627	0.000527773157697816	0.0104543066320642	13	13	64	44	2.38838362345406	1.85725945071953	6.00978741911212	6.30444785173615	98.95	UP_pEhEx_DOWN_CDC5
EHI_087380A	-1.54081105816283	2.1699892277627	0.000527773157697816	0.0104543066320642	13	13	64	44	2.38838362345406	1.85725945071953	6.00978741911212	6.30444785173615	98.95	UP_pEhEx_DOWN_CDC5
EHI_165770A	-1.29844846460665	3.21898287951716	0.000538099538396318	0.0106146274088635	29	35	132	91	5.32793269847444	5.00031390578335	12.3951865519188	13.0387444206361	98.94	UP_pEhEx_DOWN_CDC5
EHI_131940A	-1.06544480627721	9.53099890745615	0.000541967345771974	0.0106467469495866	2639	3300	9329	7855	484.841875561174	471.458168259573	876.020419264015	1125.48722444062	98.94	UP_pEhEx_DOWN_CDC5
EHI_161870A	-1.529645408046	3.08196155417801	0.00055259296905475	0.0108108105962398	15	38	125	86	2.75582725783161	5.42891224056478	11.7378660529534	12.3223298920297	98.92	UP_pEhEx_DOWN_CDC5
EHI_068140A	1.64990976983012	1.86476484026754	0.000566917830650463	0.0110456039627553	33	32	15	14	6.06281996722954	4.57171557100192	1.4085439263544	2.00596068009787	98.9	DOWN_pEhEx_UP_CDC5
EHI_127380A	-1.34581785495759	4.44706610462355	0.000577231861270595	0.0112006541570629	72	77	254	264	13.2279708375917	11.0006905927234	23.8513438196012	37.8266871104169	98.88	UP_pEhEx_DOWN_CDC5
EHI_170580A	-1.29582791441357	8.70906171739114	0.000583388166557816	0.0112740948935604	936	2183	6302	4164	171.963620888692	311.876721609288	591.776254925697	596.630019423394	98.87	UP_pEhEx_DOWN_CDC5
EHI_044770A	-1.10924326693466	9.82403964106162	0.000599597482866322	0.0114563652041558	3029	4139	10867	10162	556.493384264796	591.32283588678	1020.44312317955	1456.04088793961	98.85	UP_pEhEx_DOWN_CDC5
EHI_169580A	-1.2317434448583	4.21723310558748	0.00059950605914854	0.0114563652041558	56	80	236	203	10.2884217625713	11.4292889275048	22.1610911079759	29.0864298614191	98.85	UP_pEhEx_DOWN_CDC5
EHI_170470A	1.84135432067483	1.0782837035264	0.000600049418560118	0.0114563652041558	16	22	11	4	2.93954907502038	3.14305445506382	1.0329322126599	0.573131622885105	98.85	DOWN_pEhEx_UP_CDC5
EHI_054940A	1.33454721627562	2.74378073659717	0.000618949237492898	0.0117699387001649	54	62	38	27	9.92097812819379	8.85769891881623	3.56831128009782	3.86863845447446	98.82	DOWN_pEhEx_UP_CDC5
EHI_026360A	-1.92987195775134	2.46540536582881	0.000623114969127249	0.0118019464670555	9	18	57	78	1.65349635469896	2.57159000868858	5.35246692014673	11.1760666462595	98.82	UP_pEhEx_DOWN_CDC5
EHI_135080A	-1.1032487967825	11.974667894552	0.000634210794051744	0.0119644369639762	14561	17063	47527	45516	2675.17338008574	2437.72446212518	4462.92447918972	6521.66473680961	98.8	UP_pEhEx_DOWN_CDC5
EHI_006810A	-1.13313507038353	5.79361128926048	0.000644917321181016	0.0120877492046172	196	231	699	599	36.0094761689997	33.0020717781701	65.6381469681152	85.8264605270444	98.79	UP_pEhEx_DOWN_CDC5
EHI_058800A	3.24927914725117	-0.220589592386968	0.000649851764264105	0.0120877492046172	7	8	2	0	1.28605272032142	1.14292889275048	0.187805856847254	0	98.79	DOWN_pEhEx_UP_CDC5
EHI_081130A	-2.08474934857586	3.69662642833816	0.00065091792098906	0.0120877492046172	11	52	160	180	2.02093998907651	7.42903780287813	15.0244685477803	25.7909230298297	98.79	UP_pEhEx_DOWN_CDC5
EHI_187760A	-1.48043089094905	2.7764682656062	0.000650375832094893	0.0120877492046172	15	28	87	77	2.75582725783161	4.00025112462668	8.16955477285554	11.0327837405383	98.79	UP_pEhEx_DOWN_CDC5
EHI_030170A	-1.4544043030011	3.70462659692802	0.00065452698429381	0.0121074758106334	42	41	151	161	7.7163163219285	5.85751057534622	14.1793421919677	23.0685478211255	98.79	UP_pEhEx_DOWN_CDC5
EHI_152670A	-1.10929899840733	5.17639783824895	0.00066193291478777	0.0121970119259731	111	174	523	340	20.3931217079539	24.858703417323	49.1112315655569	48.7161879452339	98.78	UP_pEhEx_DOWN_CDC5
EHI_016370A	1.09491154649403	8.3085848970784	0.000669840882556146	0.0122477829064304	2600	2701	2381	1260	477.676724690812	385.881367414881	223.582872576656	180.536461208808	98.78	DOWN_pEhEx_UP_CDC5
EHI_108690A	1.09491154649403	8.3085848970784	0.000669840882556146	0.0122477829064304	2600	2701	2381	1260	477.676724690812	385.881367414881	223.582872576656	180.536461208808	98.78	DOWN_pEhEx_UP_CDC5
EHI_193300A	1.53909070010213	2.04713938911911	0.000681225164139982	0.0124082162081283	35	38	18	17	6.43026360160709	5.42891224056478	1.69025271162528	2.43580939726169	98.76	DOWN_pEhEx_UP_CDC5
EHI_160980A	-1.5249744716166	10.6778791166047	0.000689970837561659	0.0125195471823211	2712	8336	23229	18708	498.253568215955	1190.931906246	2181.27112435243	2680.53660023363	98.75	UP_pEhEx_DOWN_CDC5
EHI_156690A	1.00426389590066	12.6093178566281	0.00071990407210999	0.0130130188547943	50016	52427	46465	27579	9189.03040851372	7490.04163252868	4363.19956920382	3951.59925688708	98.7	DOWN_pEhEx_UP_CDC5
EHI_029210A	-1.65911241331125	2.89061476533255	0.000735751399968076	0.0132490990736675	24	17	90	91	4.40932361253057	2.42872389709477	8.45126355812642	13.0387444206361	98.68	UP_pEhEx_DOWN_CDC5
EHI_176820A	-1.56624691364236	6.84471567974342	0.000764612520882019	0.0137168600915967	371	333	1125	1655	68.1607941770351	47.5744151607388	105.64079447658	237.133208968712	98.63	UP_pEhEx_DOWN_CDC5
EHI_153690A	-1.11746450494915	7.34664921371466	0.000786096940818325	0.0140020856796265	546	732	1996	1796	100.312112185071	104.577993686669	187.430245133559	257.336098675412	98.6	UP_pEhEx_DOWN_CDC5
EHI_197410A	-1.564296354325	1.76281271749425	0.000786402371994166	0.0140020856796265	8	11	48	32	1.46977453751019	1.57152722753191	4.50734056433409	4.58505298308084	98.6	UP_pEhEx_DOWN_CDC5
EHI_154240A	-1.22350756184749	4.70403390580639	0.000791744566610976	0.014044603245032	86	105	310	300	15.8000762782346	15.0009417173501	29.1099078113243	42.9848717163828	98.6	UP_pEhEx_DOWN_CDC5
EHI_006940A	-1.24313203371459	4.05457897754667	0.000807523901811894	0.0141743455195792	52	68	204	186	9.55353449381624	9.71489558837909	19.1561973984199	26.6506204641574	98.58	UP_pEhEx_DOWN_CDC5
EHI_025830A	-1.06316263128164	7.49113655764518	0.000812680544849129	0.0141743455195792	618	832	2317	1872	113.540083022662	118.86460484605	217.573085157544	268.225599510229	98.58	UP_pEhEx_DOWN_CDC5
EHI_049660A	-1.41134780459263	3.54870591236067	0.000816947974834811	0.0141743455195792	38	38	137	141	6.98142905317341	5.42891224056478	12.8647011940369	20.2028897066999	98.58	UP_pEhEx_DOWN_CDC5
EHI_062490A	-1.41945908756681	2.27078212101263	0.000816148064706019	0.0141743455195792	14	16	71	44	2.57210544064283	2.28585778550096	6.66710791807751	6.30444785173615	98.58	UP_pEhEx_DOWN_CDC5
EHI_099720A	-1.65645646288657	3.36461236671679	0.00081216669686436	0.0141743455195792	28	31	105	143	5.14421088128567	4.42884945940811	9.85980748448083	20.4894555181425	98.58	UP_pEhEx_DOWN_CDC5
EHI_194190A	-1.50460609243444	3.24691071983191	0.00080531034870114	0.0141743455195792	31	27	113	115	5.69537633285199	3.85738501303287	10.6110309118698	16.4775341579468	98.58	UP_pEhEx_DOWN_CDC5
EHI_075530A	-2.81040757776978	2.60093738103174	0.000823340637115305	0.0142333141412588	15	1	92	78	2.75582725783161	0.14286611159381	8.63906941497368	11.1760666462595	98.58	UP_pEhEx_DOWN_CDC5
EHI_077520A	2.23993601777329	0.428184971327159	0.000842463351938681	0.0145111259967989	10	14	5	2	1.83721817188774	2.00012556231334	0.469514642118135	0.286565811442552	98.55	DOWN_pEhEx_UP_CDC5
EHI_014110A	-1.14836502854719	10.0308955084504	0.000851474460241857	0.0145608258416899	2849	5438	13354	11368	523.423457170817	776.905914847139	1253.97970616911	1628.84007223947	98.54	UP_pEhEx_DOWN_CDC5
EHI_161860A	-1.50347209780769	2.3412477823787	0.000850896280224052	0.0145608258416899	16	14	69	52	2.93954907502038	2.00012556231334	6.47930206123026	7.45071109750636	98.54	UP_pEhEx_DOWN_CDC5
EHI_098560A	-1.08691931270685	4.88830359043143	0.000870853362521923	0.0148388418832588	101	132	393	298	18.5559035360662	18.8583267303829	36.9038508704854	42.6983059049403	98.52	UP_pEhEx_DOWN_CDC5
EHI_202700A	1.06966224808561	5.20441900805599	0.000898944367681435	0.0152627911569912	289	325	241	173	53.0956051675557	46.4314862679883	22.6306057500941	24.7879426897808	98.47	DOWN_pEhEx_UP_CDC5
EHI_004530A	1.15222223948896	3.9742871221176	0.00090257664726415	0.0152699266231095	110	159	109	63	20.2093998907651	22.7157117434158	10.2354191981753	9.0268230604404	98.47	DOWN_pEhEx_UP_CDC5
EHI_095070A	-1.36827577270953	2.6163409218617	0.000923000786631502	0.015560091275341	17	23	83	62	3.12327089220916	3.28592056665763	7.79394305916103	8.88354015471912	98.44	UP_pEhEx_DOWN_CDC5
EHI_169300A	-1.65149541541144	3.40174754999794	0.00093759563604373	0.0157502814620208	23	39	106	148	4.2256017953418	5.57177835215859	9.95371041290445	21.2058700467489	98.42	UP_pEhEx_DOWN_CDC5
EHI_027520A	-1.30236644978464	3.09845272568967	0.00094947932445912	0.0158937489735164	24	35	112	90	4.40932361253057	5.00031390578335	10.5171279834462	12.8954615149149	98.41	UP_pEhEx_DOWN_CDC5
EHI_201200A	-1.15765392881725	4.70788772354252	0.000968364734704395	0.0161530033290691	92	105	324	285	16.9024071813672	15.0009417173501	30.4245488092551	40.8356281305637	98.38	UP_pEhEx_DOWN_CDC5
EHI_126270A	1.54775514609938	2.56587671492534	0.000975320612034152	0.0162121475161201	54	52	40	14	9.92097812819379	7.42903780287813	3.75611713694508	2.00596068009787	98.38	DOWN_pEhEx_UP_CDC5
EHI_092320A	-2.92465395066774	1.59194139697106	0.000989307470910539	0.0163873439606575	0	8	30	47	0	1.14292889275048	2.81708785270881	6.73429656889998	98.36	UP_pEhEx_DOWN_CDC5
EHI_024510A	-1.20918836180014	4.77108151574459	0.00102135550729185	0.0166946600544988	77	128	331	309	14.1465799235356	18.2868622840077	31.0818693082205	44.2744178678743	98.33	UP_pEhEx_DOWN_CDC5
EHI_100350A	-1.91392359833881	2.02157500859203	0.00102695571080314	0.0166946600544988	10	9	41	56	1.83721817188774	1.28579500434429	3.8500200653687	8.02384272039147	98.33	UP_pEhEx_DOWN_CDC5
EHI_115270A	1.23598296829895	4.85995061692969	0.00102689168375839	0.0166946600544988	246	252	144	147	45.1955670284384	36.0022601216402	13.5220216930023	21.0625871410276	98.33	DOWN_pEhEx_UP_CDC5
EHI_115400A	1.23598296829895	4.85995061692969	0.00102689168375839	0.0166946600544988	246	252	144	147	45.1955670284384	36.0022601216402	13.5220216930023	21.0625871410276	98.33	DOWN_pEhEx_UP_CDC5
EHI_157360A	-1.59464146491727	3.0866072284836	0.00102841153460201	0.0166946600544988	28	21	98	107	5.14421088128567	3.00018834347001	9.20248698551544	15.3312709121765	98.33	UP_pEhEx_DOWN_CDC5
EHI_161900A	1.60411449939501	1.45231491609148	0.00102893045771311	0.0166946600544988	21	27	12	10	3.85815816096425	3.85738501303287	1.12683514108352	1.43282905721276	98.33	DOWN_pEhEx_UP_CDC5
EHI_050500A	-1.20360683654513	3.8161139319065	0.00103657637135311	0.0167176901232126	46	57	178	151	8.4512035906836	8.14336836084718	16.7147212594056	21.6357187639127	98.33	UP_pEhEx_DOWN_CDC5
EHI_198330A	-1.07221418355123	4.56540846123342	0.0010373829588447	0.0167176901232126	81	106	346	214	14.8814671922907	15.1438078289439	32.4904132345749	30.6625418243531	98.33	UP_pEhEx_DOWN_CDC5
EHI_158150A	-1.3688481170867	5.99384333976948	0.00104767270092965	0.0168264730412823	170	276	663	842	31.2327089220916	39.4310467998916	62.2576415448646	120.644206617315	98.32	UP_pEhEx_DOWN_CDC5
EHI_170050A	-1.08228350019196	6.31228489985163	0.00107319879922379	0.0170635019782939	251	387	1005	842	46.1141761143822	55.2891851868045	94.372443065745	120.644206617315	98.29	UP_pEhEx_DOWN_CDC5
EHI_174220A	-1.110600703465	5.32424781476838	0.00108836856501199	0.0172293156379278	119	198	519	418	21.8628962454641	28.2874900955744	48.7356198518624	59.8922545914934	98.28	UP_pEhEx_DOWN_CDC5
EHI_193350A	-1.68585845750801	5.77411572600645	0.00109087589545988	0.0172293156379278	154	163	469	852	28.2931598470712	23.2871761897911	44.040473430681	122.077035674527	98.28	UP_pEhEx_DOWN_CDC5
EHI_140600A	-1.42271269364501	5.62161297496016	0.00109667660551908	0.0172635780882043	92	252	665	558	16.9024071813672	36.0022601216402	62.4454474017119	79.9518613924721	98.27	UP_pEhEx_DOWN_CDC5
EHI_200240A	-1.47902808616728	2.75382575457739	0.00113150613701431	0.0177530698856965	17	25	78	81	3.12327089220916	3.57165278984525	7.3244284170429	11.6059153634234	98.22	UP_pEhEx_DOWN_CDC5
EHI_032670A	-2.31401390976904	1.59041427474844	0.00115274725766082	0.0180268436280247	5	6	25	47	0.918609085943869	0.857196669562861	2.34757321059067	6.73429656889998	98.2	UP_pEhEx_DOWN_CDC5
EHI_129750A	-1.10488063953734	7.9071002152883	0.00117534548763585	0.0183199752400683	891	984	2858	2695	163.696139115198	140.580253808309	268.374569434726	386.147430918839	98.17	UP_pEhEx_DOWN_CDC5
EHI_140480A	2.22848745087749	0.891961706816965	0.00121787499466886	0.0189208422374372	20	14	4	6	3.67443634377548	2.00012556231334	0.375611713694508	0.859697434327657	98.11	DOWN_pEhEx_UP_CDC5
EHI_192540A	-1.37346034459025	3.87435742849087	0.00123507360438968	0.0191255371832851	34	67	171	177	6.24654178441831	9.57202947678528	16.0574007604402	25.3610743126659	98.09	UP_pEhEx_DOWN_CDC5
EHI_035160A	1.45373781739943	2.43951013678048	0.00124498462744915	0.0191542295109814	33	65	32	18	6.06281996722954	9.28629725359766	3.00489370955606	2.57909230298297	98.08	DOWN_pEhEx_UP_CDC5
EHI_114000A	2.19618382762005	0.396833243618179	0.00124269942773413	0.0191542295109814	12	11	5	2	2.20466180626529	1.57152722753191	0.469514642118135	0.286565811442552	98.08	DOWN_pEhEx_UP_CDC5
EHI_067580A	-1.2385110671142	3.06584883067346	0.00128266291168333	0.0196530255581535	27	32	119	79	4.96048906409689	4.57171557100192	11.1744484824116	11.3193495519808	98.03	UP_pEhEx_DOWN_CDC5
EHI_050960A	-1.01944456374067	8.65582106713457	0.00129171877761537	0.0196821508614855	1617	1648	5271	4079	297.078178394247	235.443351906599	494.962335720937	584.450972437086	98.03	UP_pEhEx_DOWN_CDC5
EHI_038540A	-1.55481037120466	1.60463847295936	0.00130651432501519	0.0198439907384096	6	11	39	31	1.10233090313264	1.57152722753191	3.66221420852145	4.44177007735956	98.02	UP_pEhEx_DOWN_CDC5
EHI_096200A	-2.58046984060115	1.04933933910532	0.00131758233140436	0.0198850362015757	3	3	19	30	0.551165451566322	0.42859833478143	1.78415564004891	4.29848717163828	98.01	UP_pEhEx_DOWN_CDC5
EHI_127360A	-1.73190657659433	1.30162682102031	0.00131663880883708	0.0198850362015757	6	6	33	24	1.10233090313264	0.857196669562861	3.09879663797969	3.43878973731063	98.01	UP_pEhEx_DOWN_CDC5
EHI_099340A	-1.05205532788636	7.62040887468941	0.00132980877533636	0.0200060472086996	703	885	2397	2129	129.156437483708	126.436508760522	225.085319431434	305.049306280597	98	UP_pEhEx_DOWN_CDC5
EHI_007260A	-2.38871734055559	0.898560142159981	0.00134915190374815	0.0202330225565258	2	4	18	25	0.367443634377548	0.571464446375241	1.69025271162528	3.5820726430319	97.98	UP_pEhEx_DOWN_CDC5
EHI_168290A	-1.40589440807497	3.11863743580868	0.0013839152297738	0.0206890974916499	17	41	119	91	3.12327089220916	5.85751057534622	11.1744484824116	13.0387444206361	97.93	UP_pEhEx_DOWN_CDC5
EHI_140770A	-2.39295469501383	1.24384976422318	0.00148185644050792	0.0220838417497638	3	5	21	35	0.551165451566322	0.714330557969051	1.97196149689616	5.01490170024467	97.79	UP_pEhEx_DOWN_CDC5
EHI_109900A	-1.06937650772864	5.31079453325041	0.00150778225051819	0.0223999900592608	125	194	501	416	22.9652271485967	27.7160256491992	47.0453671402371	59.6056887800509	97.76	UP_pEhEx_DOWN_CDC5
EHI_135440A	-1.2938278756555	3.34425218058752	0.0015866912290964	0.0234988476732843	38	31	139	103	6.98142905317341	4.42884945940811	13.0525070508841	14.7581392892914	97.65	UP_pEhEx_DOWN_CDC5
EHI_106270A	1.40010578658736	2.16048784969299	0.0016340825776596	0.0241255545782415	39	38	27	15	7.16515087036218	5.42891224056478	2.53537906743793	2.14924358581914	97.59	DOWN_pEhEx_UP_CDC5
EHI_068330A	-1.51173522709969	1.64565348892105	0.00164459286817231	0.0242055557129757	6	12	41	31	1.10233090313264	1.71439333912572	3.8500200653687	4.44177007735956	97.58	UP_pEhEx_DOWN_CDC5
EHI_145610A	1.24176192246126	5.43848155781761	0.00171860424281814	0.0252168042294982	242	538	238	203	44.4606797596833	76.8619680374699	22.3488969648232	29.0864298614191	97.48	DOWN_pEhEx_UP_CDC5
EHI_096790A	-1.29540359696745	5.82104769457055	0.00175542286394073	0.0255990193103504	190	211	576	738	34.907145265867	30.1447495462939	54.0880867720091	105.742784422302	97.44	UP_pEhEx_DOWN_CDC5
EHI_117270A	3.01848698572438	4.77566152153157	0.00179841878788847	0.0261458193199443	278	325	119	5	51.0746651784791	46.4314862679883	11.1744484824116	0.716414528606381	97.39	DOWN_pEhEx_UP_CDC5
EHI_048580A	1.12604801667959	4.09126015551348	0.00182210866085251	0.0263636407792339	143	141	103	81	26.2722198579947	20.1441217347272	9.67200162763357	11.6059153634234	97.36	DOWN_pEhEx_UP_CDC5
EHI_166860A	2.19667262140331	1.32863085523012	0.00182449259915186	0.0263636407792339	24	24	15	1	4.40932361253057	3.42878667825144	1.4085439263544	0.143282905721276	97.36	DOWN_pEhEx_UP_CDC5
EHI_096730A	1.07436517285648	3.86809370857719	0.00186174084267266	0.0266587830303187	110	133	103	62	20.2093998907651	19.0011928419767	9.67200162763357	8.88354015471912	97.33	DOWN_pEhEx_UP_CDC5
EHI_153620A	1.07436517285648	3.86809370857719	0.00186174084267266	0.0266587830303187	110	133	103	62	20.2093998907651	19.0011928419767	9.67200162763357	8.88354015471912	97.33	DOWN_pEhEx_UP_CDC5
EHI_194050A	-1.79672846338832	3.2568440740107	0.00185564362416413	0.0266587830303187	23	28	81	148	4.2256017953418	4.00025112462668	7.60613720231378	21.2058700467489	97.33	UP_pEhEx_DOWN_CDC5
EHI_130260A	-1.29370605128232	10.9635863303253	0.0018858534746759	0.0269229652210488	4054	10981	26518	22211	744.808246883289	1568.81277141163	2490.11785593774	3182.45661897526	97.31	UP_pEhEx_DOWN_CDC5
EHI_125780A	-1.06899770066983	8.80640514224512	0.00190435118125714	0.0271056452565762	1523	2084	5036	5158	279.808327578503	297.7329765615	472.895147541385	739.053227710342	97.29	UP_pEhEx_DOWN_CDC5
EHI_068170A	-1.25584670159332	5.87729996638169	0.00195788161335187	0.0277843856414174	206	218	613	749	37.8466943408874	31.1448123274506	57.5624951236833	107.318896385236	97.22	UP_pEhEx_DOWN_CDC5
EHI_155310A	-1.18483313503204	4.4626931011412	0.00200829796591342	0.0283307078040131	75	89	248	259	13.779136289158	12.7150839318491	23.2879262490595	37.1102725818105	97.17	UP_pEhEx_DOWN_CDC5
EHI_197840A	-1.03513596626366	7.25346450416346	0.00203832067551699	0.0285845914200819	594	634	1876	1627	109.130759410132	90.5771147504756	176.161893722724	233.121287608516	97.14	UP_pEhEx_DOWN_CDC5
EHI_063140A	-2.67253427310707	0.310046892918393	0.00207684782305334	0.0288693992713321	0	3	12	15	0	0.42859833478143	1.12683514108352	2.14924358581914	97.11	UP_pEhEx_DOWN_CDC5
EHI_126530A	2.37513976310788	0.302838305716438	0.0020755630247601	0.0288693992713321	10	12	6	0	1.83721817188774	1.71439333912572	0.563417570541761	0	97.11	DOWN_pEhEx_UP_CDC5
EHI_166370A	1.42753722681674	3.11023380892574	0.0020717917361173	0.0288693992713321	51	107	60	24	9.36981267662747	15.2866739405377	5.63417570541761	3.43878973731063	97.11	DOWN_pEhEx_UP_CDC5
EHI_196530A	-1.16336170820386	3.38074781044719	0.00208639232614449	0.0289175192958918	29	49	141	102	5.32793269847444	7.0004394680967	13.2403129077314	14.6148563835702	97.11	UP_pEhEx_DOWN_CDC5
EHI_086530A	-1.18332203502197	3.23965427304886	0.00209344858627541	0.0289309726138178	30	39	120	98	5.51165451566322	5.57177835215859	11.2683514108352	14.0417247606851	97.11	UP_pEhEx_DOWN_CDC5
EHI_122900A	1.51011614073038	6.66922510790395	0.00212694092281429	0.0293086294117656	889	964	308	537	163.32869548082	137.722931576433	28.9221019544771	76.9429203723253	97.07	DOWN_pEhEx_UP_CDC5
EHI_097170A	-1.1122778545166	3.90161577553505	0.00214290644772949	0.0294432868569538	53	61	189	155	9.73725631100502	8.71483280722242	17.7476534720655	22.2088503867978	97.06	UP_pEhEx_DOWN_CDC5
EHI_011400A	2.43356549720124	1.44074676793524	0.00214990298223442	0.0294542904251944	38	14	12	3	6.98142905317341	2.00012556231334	1.12683514108352	0.429848717163828	97.05	DOWN_pEhEx_UP_CDC5
EHI_037820A	1.7109243796405	1.60462018536353	0.00215745932678433	0.0294728782745192	25	30	21	4	4.59304542971935	4.2859833478143	1.97196149689616	0.573131622885105	97.05	DOWN_pEhEx_UP_CDC5
EHI_004880A	-1.12988574094638	5.40615188594674	0.00223281992207839	0.0302416692580076	151	175	474	496	27.7419943955049	25.0015695289168	44.5099880727992	71.068321237753	96.98	UP_pEhEx_DOWN_CDC5
EHI_118290A	-1.77347302519805	1.63468803248394	0.00222899186702868	0.0302416692580076	10	5	38	35	1.83721817188774	0.714330557969051	3.56831128009782	5.01490170024467	96.98	UP_pEhEx_DOWN_CDC5
EHI_161940A	-1.11097549559711	5.56007099607497	0.00224358121105659	0.0303010939697813	186	176	566	523	34.1722579971119	25.1444356405106	53.1490574877728	74.9369596922274	96.97	UP_pEhEx_DOWN_CDC5
EHI_069510A	1.98635522543888	0.898117272229168	0.00225162627752113	0.0303236014825366	20	13	8	4	3.67443634377548	1.85725945071953	0.751223427389015	0.573131622885105	96.97	DOWN_pEhEx_UP_CDC5
EHI_109000A	1.33301648292519	2.12715602443635	0.00230113168450577	0.0309027684410747	31	44	21	20	5.69537633285199	6.28610891012765	1.97196149689616	2.86565811442552	96.91	DOWN_pEhEx_UP_CDC5
EHI_080710A	1.23608247254285	2.29962809352056	0.00231230621030241	0.0309626887068292	37	46	31	19	6.79770723598463	6.57184113331527	2.91099078113243	2.72237520870425	96.9	DOWN_pEhEx_UP_CDC5
EHI_193360A	-1.29789390413915	4.37010708340356	0.00231861951611931	0.0309626887068292	60	87	213	265	11.0233090313264	12.4293517086615	20.0013237542325	37.9699700161382	96.9	UP_pEhEx_DOWN_CDC5
EHI_044220A	2.05587894008076	0.923464847877189	0.00233558188348381	0.0311018383027508	21	13	9	3	3.85815816096425	1.85725945071953	0.845126355812642	0.429848717163828	96.89	DOWN_pEhEx_UP_CDC5
EHI_096340A	-1.00781123261908	7.75263865884709	0.0023469860811432	0.0311664017590915	783	995	2553	2342	143.85418285881	142.151781035841	239.734176265519	335.568565199229	96.88	UP_pEhEx_DOWN_CDC5
EHI_159780A	1.40228521441992	1.63378173693956	0.0024142814014036	0.0319707347695619	22	31	16	12	4.04187997815303	4.42884945940811	1.50244685477803	1.71939486865531	96.8	DOWN_pEhEx_UP_CDC5
EHI_058110A	1.67544949583194	2.18795076940176	0.00245277082427115	0.0323169242475864	51	30	26	12	9.36981267662747	4.2859833478143	2.4414761390143	1.71939486865531	96.77	DOWN_pEhEx_UP_CDC5
EHI_187040A	-1.2531705679542	4.62691098304877	0.00245401969991138	0.0323169242475864	82	96	258	311	15.0651890094795	13.7151467130058	24.2269555332957	44.5609836793169	96.77	UP_pEhEx_DOWN_CDC5
EHI_165180A	2.23769255781249	0.523057022378244	0.00248829651109171	0.0326777945130663	11	15	8	0	2.02093998907651	2.14299167390715	0.751223427389015	0	96.73	DOWN_pEhEx_UP_CDC5
EHI_105350A	1.67476544690899	3.14144697393184	0.00252459537886973	0.0329723253602931	90	71	64	15	16.5349635469897	10.1434939231605	6.00978741911212	2.14924358581914	96.7	DOWN_pEhEx_UP_CDC5
EHI_153280A	-1.72597409134752	1.19238988770898	0.00252400810305076	0.0329723253602931	6	5	34	19	1.10233090313264	0.714330557969051	3.19269956640331	2.72237520870425	96.7	UP_pEhEx_DOWN_CDC5
EHI_004860A	-1.01866193720017	5.59445353859782	0.00256334095637115	0.033295417777564	200	187	709	431	36.7443634377548	26.7159628680425	66.5771762523515	61.75493236587	96.67	UP_pEhEx_DOWN_CDC5
EHI_124880A	-1.23071525722159	3.41873443655396	0.0025590636365934	0.033295417777564	32	45	124	122	5.87909815004076	6.42897502172146	11.6439631245297	17.4805144979957	96.67	UP_pEhEx_DOWN_CDC5
EHI_079890A	-1.69705257117492	2.87712994419486	0.00259055848031827	0.0335572616224334	27	12	92	89	4.96048906409689	1.71439333912572	8.63906941497368	12.7521786091936	96.64	UP_pEhEx_DOWN_CDC5
EHI_159490A	1.55584076731964	2.74043343060516	0.00260588871140131	0.0336641166684833	66	53	48	14	12.1256399344591	7.57190391447194	4.50734056433409	2.00596068009787	96.63	DOWN_pEhEx_UP_CDC5
EHI_182530A	1.48429129902783	1.59163973674552	0.00261775341265738	0.0337257445088704	25	27	20	7	4.59304542971935	3.85738501303287	1.87805856847254	1.00298034004893	96.63	DOWN_pEhEx_UP_CDC5
EHI_150460A	-1.78791089197108	1.12212357645699	0.00262748598727891	0.0337596442797944	6	4	30	20	1.10233090313264	0.571464446375241	2.81708785270881	2.86565811442552	96.62	UP_pEhEx_DOWN_CDC5
EHI_086040A	-1.22844976668525	3.38703837418346	0.00264134877614273	0.0338462859347238	38	36	127	115	6.98142905317341	5.14318001737716	11.9256719098006	16.4775341579468	96.62	UP_pEhEx_DOWN_CDC5
EHI_099200A	-1.64462078325671	1.32308467739327	0.00269123316449154	0.0343005964182112	4	9	36	22	0.734887268755096	1.28579500434429	3.38050542325057	3.15222392586808	96.57	UP_pEhEx_DOWN_CDC5
EHI_155700A	-1.35924454649764	4.38660025250007	0.00270788123181681	0.0344205010055003	39	110	272	235	7.16515087036218	15.7152722753191	25.5415965312265	33.6714828444999	96.56	UP_pEhEx_DOWN_CDC5
EHI_111050A	-1.11097264746095	7.78946849883969	0.00276103756702959	0.0350025935830899	623	1155	2574	2529	114.458692108606	165.010358890851	241.706137762416	362.362468569107	96.5	UP_pEhEx_DOWN_CDC5
EHI_004230A	-1.12302884523685	5.6618683259327	0.00277309543371825	0.0350619566273844	132	272	640	543	24.2512798689182	38.8595823535164	60.0978741911212	77.802617806653	96.49	UP_pEhEx_DOWN_CDC5
EHI_126130A	-1.58165850733268	2.27883702628711	0.0027843868793079	0.0351113401173203	12	16	48	64	2.20466180626529	2.28585778550096	4.50734056433409	9.17010596616167	96.49	UP_pEhEx_DOWN_CDC5
EHI_006840A	-1.21363334717117	5.58988338128364	0.0027948138401516	0.0351495899367214	184	167	521	592	33.8048143627344	23.8586406361663	48.9234257087096	84.8234801869955	96.49	UP_pEhEx_DOWN_CDC5
EHI_159680A	-1.18459622124453	3.1290755129189	0.00290495396525717	0.0362471158814503	26	38	106	94	4.77676724690812	5.42891224056478	9.95371041290445	13.4685931378	96.38	UP_pEhEx_DOWN_CDC5
EHI_179080A	-1.2984144330817	2.69250909999538	0.00289098707496435	0.0362471158814503	18	26	75	73	3.30699270939793	3.71451890143906	7.04271963177202	10.4596521176532	96.38	UP_pEhEx_DOWN_CDC5
EHI_198550A	-1.52686230903157	2.66892096043775	0.00290356632130359	0.0362471158814503	19	19	65	83	3.4907145265867	2.71445612028239	6.10369034753575	11.8924811748659	96.38	UP_pEhEx_DOWN_CDC5
EHI_136980A	-1.4436874515267	2.14142175769744	0.00293819921540618	0.0365659661519398	12	15	50	51	2.20466180626529	2.14299167390715	4.69514642118135	7.30742819178508	96.34	UP_pEhEx_DOWN_CDC5
EHI_093840A	-1.46000838545505	1.46520779772499	0.00299605798368982	0.0371886675051212	6	10	35	27	1.10233090313264	1.4286611159381	3.28660249482694	3.86863845447446	96.28	UP_pEhEx_DOWN_CDC5
EHI_125310A	1.01869990998471	4.5398418702157	0.00303644071075584	0.037591768590972	171	213	140	122	31.4164307392803	30.4304817694816	13.1464099793078	17.4805144979957	96.24	DOWN_pEhEx_UP_CDC5
EHI_028930A	1.30540036791251	1.81954986291303	0.00306808732853003	0.0378752886223725	29	30	21	13	5.32793269847444	4.2859833478143	1.97196149689616	1.86267777437659	96.21	DOWN_pEhEx_UP_CDC5
EHI_009940A	-1.80845229442035	3.19676122838847	0.00308792001651594	0.0379327435620589	20	29	72	146	3.67443634377548	4.14311723622049	6.76101084650114	20.9193042353063	96.21	UP_pEhEx_DOWN_CDC5
EHI_095200A	1.84730729329426	1.00334154896169	0.00310608510448009	0.0379597135904842	21	14	9	5	3.85815816096425	2.00012556231334	0.845126355812642	0.716414528606381	96.2	DOWN_pEhEx_UP_CDC5
EHI_153650A	-1.22357484803553	2.37790434818029	0.00309893856088248	0.0379597135904842	16	20	70	49	2.93954907502038	2.8573222318762	6.57320498965388	7.02086238034253	96.2	UP_pEhEx_DOWN_CDC5
EHI_087730A	1.99192178795153	0.563450997554035	0.00311537881163649	0.0379756688987689	9	17	6	3	1.65349635469896	2.42872389709477	0.563417570541761	0.429848717163828	96.2	DOWN_pEhEx_UP_CDC5
EHI_056680A	-1.28514232597049	3.33021712656246	0.00313071055399544	0.0380649564544611	30	40	182	71	5.51165451566322	5.71464446375241	17.0903329731001	10.1730863062106	96.19	UP_pEhEx_DOWN_CDC5
EHI_091550A	-2.92536282594259	0.122052604356829	0.00315149948346452	0.038219970776506	2	0	16	8	0.367443634377548	0	1.50244685477803	1.14626324577021	96.18	UP_pEhEx_DOWN_CDC5
EHI_192060A	-1.30150837546654	2.17854158581982	0.00321978884373953	0.0388499395003496	12	18	68	38	2.20466180626529	2.57159000868858	6.38539913280663	5.44475041740849	96.12	UP_pEhEx_DOWN_CDC5
EHI_139300A	1.641256384083	0.876782612306808	0.00324119113186026	0.0390091712426928	15	16	9	5	2.75582725783161	2.28585778550096	0.845126355812642	0.716414528606381	96.1	DOWN_pEhEx_UP_CDC5
EHI_156310A	-2.14494841856074	5.65593205321978	0.00325030241267758	0.0390200446208819	111	116	266	968	20.3931217079539	16.572468944882	24.9781789606848	138.697852738195	96.1	UP_pEhEx_DOWN_CDC5
EHI_017570A	2.21497831566821	0.0346739812551668	0.00328428068316601	0.0391315046811309	7	10	4	1	1.28605272032142	1.4286611159381	0.375611713694508	0.143282905721276	96.09	DOWN_pEhEx_UP_CDC5
EHI_025400A	-1.18831434950732	3.43585970429008	0.00328284465748706	0.0391315046811309	36	43	125	122	6.61398541879586	6.14324279853384	11.7378660529534	17.4805144979957	96.09	UP_pEhEx_DOWN_CDC5
EHI_072640A	-2.28991171746634	0.385256632088909	0.0032788524094066	0.0391315046811309	1	3	19	10	0.183721817188774	0.42859833478143	1.78415564004891	1.43282905721276	96.09	UP_pEhEx_DOWN_CDC5
EHI_134720A	-1.02683669118127	7.75141472831333	0.00332402509921283	0.039309490849895	636	1164	2663	2284	116.84707573206	166.296153895195	250.063498392118	327.258156667395	96.07	UP_pEhEx_DOWN_CDC5
EHI_154290A	1.59217211577669	1.46896090933836	0.00331955594180635	0.039309490849895	24	24	10	12	4.40932361253057	3.42878667825144	0.939029284236269	1.71939486865531	96.07	DOWN_pEhEx_UP_CDC5
EHI_137750A	-2.144881435447	0.759121915983037	0.00339120662683196	0.0400044573299234	4	2	19	19	0.734887268755096	0.28573222318762	1.78415564004891	2.72237520870425	96	UP_pEhEx_DOWN_CDC5
EHI_008470A	-1.24886119692877	4.86515409797533	0.00347447560204994	0.0408852896340233	65	154	347	339	11.9419181172703	22.0013811854468	32.5843161629985	48.5729050395126	95.91	UP_pEhEx_DOWN_CDC5
EHI_085470A	-1.58135793738663	1.45349798461303	0.00349369995185843	0.041009998941074	4	11	41	23	0.734887268755096	1.57152722753191	3.8500200653687	3.29550683158935	95.9	UP_pEhEx_DOWN_CDC5
EHI_009810A	-1.15657000850309	6.56803063722785	0.00350577871372066	0.0410504236577045	417	284	1317	958	76.6119977677187	40.5739756926421	123.670156733917	137.265023680983	95.89	UP_pEhEx_DOWN_CDC5
EHI_070720A	-1.22320038544387	5.72503380227259	0.00352324403700814	0.0411535679408764	145	254	542	673	26.6396634923722	36.2879923448278	50.8953872056058	96.4293955504189	95.88	UP_pEhEx_DOWN_CDC5
EHI_044610A	-2.40531995553311	1.12612763578122	0.00353447639734609	0.0411835803749591	5	2	19	32	0.918609085943869	0.28573222318762	1.78415564004891	4.58505298308084	95.88	UP_pEhEx_DOWN_CDC5
EHI_086030A	2.10399304686574	1.0334714070775	0.00356711373694096	0.0414622462235142	24	13	5	7	4.40932361253057	1.85725945071953	0.469514642118135	1.00298034004893	95.85	DOWN_pEhEx_UP_CDC5
EHI_109010A	2.42386855530389	0.332765628705798	0.00359829090802501	0.0417226218945144	7	16	6	0	1.28605272032142	2.28585778550096	0.563417570541761	0	95.83	DOWN_pEhEx_UP_CDC5
EHI_098180A	3.28601946325505	1.99714257297097	0.00361037056594258	0.0417608313150634	12	81	14	0	2.20466180626529	11.5721550390986	1.31464099793078	0	95.82	DOWN_pEhEx_UP_CDC5
EHI_048440A	-1.13192604582633	3.39471613766014	0.0036581460157421	0.0422107431039756	30	50	129	111	5.51165451566322	7.14330557969051	12.1134777666479	15.9044025350617	95.78	UP_pEhEx_DOWN_CDC5
EHI_139050A	-1.88176921007458	2.22343681190965	0.00369027550191262	0.042364602710915	15	7	47	65	2.75582725783161	1.00006278115667	4.41343763591046	9.31338887188295	95.76	UP_pEhEx_DOWN_CDC5
EHI_146780A	-1.84110635941849	3.93094573027663	0.003692462170022	0.042364602710915	12	74	251	159	2.20466180626529	10.572092257942	23.5696350343304	22.7819820096829	95.76	UP_pEhEx_DOWN_CDC5
EHI_148170A	-1.07857279157499	3.61064063428988	0.00369821416176477	0.042364602710915	35	61	172	112	6.43026360160709	8.71483280722242	16.1513036888638	16.0476854407829	95.76	UP_pEhEx_DOWN_CDC5
EHI_146960A	2.31889181515075	0.07626935954431	0.00374902400857429	0.0428434137902936	7	11	5	0	1.28605272032142	1.57152722753191	0.469514642118135	0	95.72	DOWN_pEhEx_UP_CDC5
EHI_135580A	1.23313929384084	2.43832039917699	0.00392240000615087	0.0447172413171253	40	52	41	16	7.34887268755096	7.42903780287813	3.8500200653687	2.29252649154042	95.53	DOWN_pEhEx_UP_CDC5
EHI_050130A	-1.08283447863542	6.82310406496967	0.00394218225839898	0.0448219757935405	389	513	1199	1356	71.467786886433	73.2903152476246	112.589611179929	194.29162015805	95.52	UP_pEhEx_DOWN_CDC5
EHI_166490A	-1.20675342800796	6.3297116645784	0.00406837590175134	0.0459407578074248	268	333	777	1052	49.2374470065914	47.5744151607388	72.9625753851581	150.733616818783	95.41	UP_pEhEx_DOWN_CDC5
EHI_137010A	1.26925402258945	2.26495641422327	0.00415696181428446	0.0466089539271422	40	41	34	15	7.34887268755096	5.85751057534622	3.19269956640331	2.14924358581914	95.34	DOWN_pEhEx_UP_CDC5
EHI_137270A	1.26925402258945	2.26495641422327	0.00415696181428446	0.0466089539271422	40	41	34	15	7.34887268755096	5.85751057534622	3.19269956640331	2.14924358581914	95.34	DOWN_pEhEx_UP_CDC5
EHI_066730A	1.46370310565273	2.04083801017725	0.00416953096986106	0.0466398828958105	22	52	23	14	4.04187997815303	7.42903780287813	2.15976735374342	2.00596068009787	95.34	DOWN_pEhEx_UP_CDC5
EHI_014010A	1.08226388478098	3.26434708295469	0.0042085067039409	0.0468553650363818	77	81	62	44	14.1465799235356	11.5721550390986	5.82198156226487	6.30444785173615	95.31	DOWN_pEhEx_UP_CDC5
EHI_065830A	-1.21771189970652	4.24627802978327	0.00420284510635311	0.0468553650363818	66	72	195	237	12.1256399344591	10.2863600347543	18.3110710426072	33.9580486559424	95.31	UP_pEhEx_DOWN_CDC5
EHI_035400A	-1.14265597659015	2.83157480956594	0.00425303478392187	0.0472404844924406	25	27	106	60	4.59304542971935	3.85738501303287	9.95371041290445	8.59697434327657	95.28	UP_pEhEx_DOWN_CDC5
EHI_110730A	-1.28176438463637	2.11068861018424	0.00430149765568146	0.0476213828545577	10	19	55	43	1.83721817188774	2.71445612028239	5.16466106329948	6.16116494601487	95.24	UP_pEhEx_DOWN_CDC5
EHI_086540A	-1.18986969733384	2.45194482284002	0.00433728877974515	0.0477302566178436	15	24	81	46	2.75582725783161	3.42878667825144	7.60613720231378	6.5910136631787	95.23	UP_pEhEx_DOWN_CDC5
EHI_177420A	1.03441475224428	4.44620349752017	0.00436087500248454	0.0478789832836293	145	220	125	117	26.6396634923722	31.4305445506382	11.7378660529534	16.7640999693893	95.21	DOWN_pEhEx_UP_CDC5
EHI_122790A	1.22030482570989	2.00496542864863	0.00441473477669114	0.048247469260666	29	38	27	14	5.32793269847444	5.42891224056478	2.53537906743793	2.00596068009787	95.18	DOWN_pEhEx_UP_CDC5
EHI_124510A	-1.12787480918918	2.80523723995849	0.00451893063170765	0.0490787969254535	21	31	88	70	3.85815816096425	4.42884945940811	8.26345770127917	10.0298034004893	95.09	UP_pEhEx_DOWN_CDC5
EHI_180800A	1.38194086241622	4.65549893089875	0.00452177388585373	0.0490787969254535	240	200	206	58	44.0932361253057	28.573222318762	19.3440032552671	8.31040853183402	95.09	DOWN_pEhEx_UP_CDC5
EHI_005100A	-1.12961776241307	3.09056775976175	0.004599190125625	0.0495942967738359	31	32	108	86	5.69537633285199	4.57171557100192	10.1415162697517	12.3223298920297	95.04	UP_pEhEx_DOWN_CDC5
EHI_101290A	1.90797037790915	0.506643089445905	0.00458267292709051	0.0495942967738359	13	11	6	3	2.38838362345406	1.57152722753191	0.563417570541761	0.429848717163828	95.04	DOWN_pEhEx_UP_CDC5
