logFC	logCPM	PValue	FDR	CmasM_1	CmasM_2	pEhEx_1	pEhEx_2	CmasM_1	CmasM_2	pEhEx_1	pEhEx_2	DE	Regulation
EHI_075040A	7.51974694206559	3.61705879166276	1.05999255249744e-21	4.9310853542181e-18	117	223	1	1	18.1873512330663	29.9648647649871	0.0952725904637623	0.144764360189123	100	DOWN_pEhEx_UP_CmasM
EHI_006770A	8.99659015686514	2.08421782170958	1.47266592116574e-18	3.42542093263151e-15	53	60	0	0	8.23871466113261	8.06229545246291	0	0	100	DOWN_pEhEx_UP_CmasM
EHI_006680A	-8.99386825215779	2.14024522573741	5.63530174252741e-17	8.73847456874584e-14	0	0	80	60	0	0	7.62180723710099	8.68586161134736	100	UP_pEhEx_DOWN_CmasM
EHI_036630A	-9.15087821947667	2.28368663473373	7.61349701034798e-17	8.8544970230347e-14	0	0	76	76	0	0	7.24071687524594	11.0020913743733	100	UP_pEhEx_DOWN_CmasM
EHI_089770A	-8.28113291641534	1.49007325914922	2.69788933501088e-14	2.51011623729413e-11	0	0	51	35	0	0	4.85890211365188	5.0667526066193	100	UP_pEhEx_DOWN_CmasM
EHI_155900A	-9.86767061336372	2.9542818713307	1.52377864971786e-13	1.18143637974792e-10	0	0	82	153	0	0	7.81235241802851	22.1489471089358	100	UP_pEhEx_DOWN_CmasM
EHI_123020A	7.83687789261537	1.00231244498808	4.01673646278661e-10	2.66940828926904e-07	28	22	0	0	4.352528500221	2.9561749992364	0	0	100	DOWN_pEhEx_UP_CmasM
EHI_140640A	-8.33835231636631	1.52433886107751	8.32466650209927e-10	4.84079357097072e-07	0	0	32	51	0	0	3.04872289484039	7.38298236964526	100	UP_pEhEx_DOWN_CmasM
EHI_116040A	-7.58041335248186	0.877313228448166	1.60608714924634e-09	8.30168602032663e-07	0	0	28	24	0	0	2.66763253298535	3.47434464453895	100	UP_pEhEx_DOWN_CmasM
EHI_174150A	-7.01392735772206	0.399833682164843	2.79651792817583e-06	0.0013009401401874	0	0	15	19	0	0	1.42908885695644	2.75052284359333	99.87	UP_pEhEx_DOWN_CmasM
EHI_188880A	-3.10129568482167	2.70012122630531	4.50916494814014e-06	0.00190696684897708	6	12	68	110	0.932684678618786	1.61245909049258	6.47853615153584	15.9240796208035	99.81	UP_pEhEx_DOWN_CmasM
EHI_062500A	-2.04129284694708	3.47114613841839	1.91162932131369e-05	0.00635207114482233	21	38	157	137	3.26439637516575	5.10612045322651	14.9577967028107	19.8327173459098	99.36	UP_pEhEx_DOWN_CmasM
EHI_099860A	-3.02751478554757	3.31691785839015	1.90230781605662e-05	0.00635207114482233	6	24	117	162	0.932684678618786	3.22491818098516	11.1468930842602	23.4518263506379	99.36	UP_pEhEx_DOWN_CmasM
EHI_179390A	-2.23454944238879	4.54619203686533	1.79250681041266e-05	0.00635207114482233	37	77	300	329	5.75155551814918	10.3466124973274	28.5817771391287	47.6274745022214	99.36	UP_pEhEx_DOWN_CmasM
EHI_169350A	-3.39173288568045	7.52933008848834	2.24763432538791e-05	0.00697066325446972	175	275	1248	3834	27.2033031263813	36.952187490455	118.900192898775	555.026556965097	99.3	UP_pEhEx_DOWN_CmasM
EHI_073540A	1.96662735954069	1.96858477260235	7.22327310778614e-05	0.0198896853465875	42	40	20	7	6.5287927503315	5.37486363497527	1.90545180927525	1.01335052132386	98.01	DOWN_pEhEx_UP_CmasM
EHI_147990A	3.87772042337608	0.812087358137468	7.26837168727401e-05	0.0198896853465875	12	29	0	3	1.86536935723757	3.89677613535707	0	0.434293080567368	98.01	DOWN_pEhEx_UP_CmasM
EHI_019860A	-2.14880988722214	1.42982185593972	8.26380544457393e-05	0.0213573460711988	7	5	41	27	1.08813212505525	0.671857954371909	3.90617620901426	3.90863772510631	97.86	UP_pEhEx_DOWN_CmasM
EHI_057550A	1.81701657320986	5.96747575302896	0.000104335870104388	0.0243866858383477	774	552	341	156	120.316323541823	74.1731181626587	32.487953348143	22.5832401895032	97.56	DOWN_pEhEx_UP_CmasM
EHI_075530A	-2.23194786422969	2.66980872179489	0.000108443895017117	0.0243866858383477	7	23	92	78	1.08813212505525	3.09054659011078	8.76507832266613	11.2916200947516	97.56	UP_pEhEx_DOWN_CmasM
EHI_178340A	-2.90611622738085	7.96791915263812	0.000110086071067348	0.0243866858383477	287	544	1876	4864	44.6134171272653	73.0981454356637	178.731379710018	704.133847959893	97.56	UP_pEhEx_DOWN_CmasM
EHI_035670A	-1.82828463840464	4.49676186675313	0.00012212879582227	0.0248298396541003	75	59	284	294	11.6585584827348	7.92792386158852	27.0574156917085	42.5607218956021	97.52	UP_pEhEx_DOWN_CmasM
EHI_172280A	-3.10462102134125	3.70063013001594	0.000124726857737661	0.0248298396541003	6	32	135	227	0.932684678618786	4.29989090798022	12.8617997126079	32.8615097629309	97.52	UP_pEhEx_DOWN_CmasM
EHI_187780A	-2.06621178682926	3.08153140349194	0.000128098914810492	0.0248298396541003	16	28	99	118	2.48715914298343	3.76240454448269	9.43198645591247	17.0821945023165	97.52	UP_pEhEx_DOWN_CmasM
EHI_032670A	-3.63740741259151	1.44428163966888	0.000142795398237256	0.025549392023066	0	5	25	47	0	0.671857954371909	2.38181476159406	6.80392492888877	97.45	UP_pEhEx_DOWN_CmasM
EHI_142900A	-2.30372140491606	1.03155600787031	0.000139640488725331	0.025549392023066	4	4	32	19	0.621789785745857	0.537486363497527	3.04872289484039	2.75052284359333	97.45	UP_pEhEx_DOWN_CmasM
EHI_068380A	-4.34461541680403	0.276493168501711	0.000197359105436952	0.0340042429071371	1	0	11	18	0.155447446436464	0	1.04799849510139	2.60575848340421	96.6	UP_pEhEx_DOWN_CmasM
EHI_010020A	-2.34121603452954	6.17766906661667	0.000222017753951557	0.0368866639779515	131	202	610	1264	20.3636154831768	27.1430613566251	58.116280182895	182.982151279051	96.31	UP_pEhEx_DOWN_CmasM
EHI_017750A	-1.70411850684326	6.15910094348132	0.000311931339961134	0.0452745695273965	159	313	950	880	24.7161439833978	42.0583079436815	90.5089609405742	127.392636966428	95.47	UP_pEhEx_DOWN_CmasM
EHI_048860A	-1.95632287385223	1.37832395000725	0.000290436902417044	0.0452745695273965	5	8	39	25	0.777237232182322	1.07497272699505	3.71563102808673	3.61910900472807	95.47	UP_pEhEx_DOWN_CmasM
EHI_150530A	-1.74681403861668	1.72303866330814	0.000307662230292658	0.0452745695273965	9	10	50	31	1.39902701792818	1.34371590874382	4.76362952318812	4.48769516586281	95.47	UP_pEhEx_DOWN_CmasM
EHI_180000A	-1.80364272173942	2.13381239933062	0.000321165261049889	0.0452745695273965	13	12	54	53	2.02081680367404	1.61245909049258	5.14471988504317	7.67251109002351	95.47	UP_pEhEx_DOWN_CmasM
EHI_194430A	-2.3727836625945	2.98553343855805	0.000305097584620717	0.0452745695273965	8	27	92	117	1.24357957149171	3.62803295360831	8.76507832266613	16.9374301421274	95.47	UP_pEhEx_DOWN_CmasM
EHI_050000A	-2.0904170874514	2.35065917217243	0.000338181932429757	0.0462712455783303	14	11	54	73	2.1762642501105	1.4780874996182	5.14471988504317	10.567798293806	95.37	UP_pEhEx_DOWN_CmasM
EHI_083100A	-2.34445798676219	2.85052911042762	0.000349304112965122	0.0464275066718214	10	22	70	115	1.55447446436464	2.9561749992364	6.66908133246336	16.6479014217491	95.36	UP_pEhEx_DOWN_CmasM
